"logFC","AveExpr","t","P.Value","adj.P.Val","B","gene","count","sca.t","sca.P.Value","sca.adj.pval","D1BM_vs_D1CM","Diff_Abund","negLog10_sca_adjPval","Genes","Protein.Names"
-4.029141665,12.65389192,-155.168031140665,6.49686333222407e-14,5.47620610273167e-10,19.7148817346406,"TSP1_HUMAN",52,-178.42763120626,4.81852814608641e-15,4.06153737433623e-11,-4.029141665,"Up in D1BM",10.391309546026,"THBS1","TSP1_HUMAN"
-2.78050231750001,11.70651578875,-108.486844272403,8.45588515073975e-13,3.56373279677927e-09,18.6881592172222,"AGRIN_HUMAN",69,-126.768761896293,6.46825629469559e-14,2.72604661539946e-10,-2.78050231750001,"Up in D1BM",9.56446672200184,"AGRN","AGRIN_HUMAN"
-1.9227600075,12.80085802125,-88.9785405731154,3.50184485285528e-12,9.83901675490572e-09,17.9046523004211,"A0AAG2UXZ5_HUMAN",37,-104.560784744007,2.79350093639046e-13,6.65390802584898e-10,-1.9227600075,"Up in D1BM",9.1769232064943,"COL18A1","A0AAG2UXZ5_HUMAN"
-1.3838331675,16.07012545875,-80.5937321053665,7.11791064116964e-12,1.49992171986047e-08,17.4538611023733,"APOE_HUMAN",35,-102.887552430877,3.15762630245532e-13,6.65390802584898e-10,-1.3838331675,"Up in D1BM",9.1769232064943,"APOE","APOE_HUMAN"
-1.1326904325,16.65500116375,-57.8181092926584,7.68325759921556e-11,4.9671039838214e-08,15.6688331391307,"CO3_HUMAN",118,-78.0205592905503,2.5807490465172e-12,4.3506267426187e-09,-1.1326904325,"Up in D1BM",8.36144817494093,"C3","CO3_HUMAN"
-3.5964353075,16.11908972125,-64.5511588770699,3.49115118080174e-11,4.49845116085243e-08,16.3046884453764,"FINC_HUMAN",161,-68.2657484959652,7.11260201158718e-12,8.8391377689386e-09,-3.5964353075,"Up in D1BM",8.05359009702938,"FN1","FINC_HUMAN"
-3.02471041725,11.136439681375,-65.2988157897383,3.21475720423944e-11,4.49845116085243e-08,16.3687743581742,"CO6A1_HUMAN",24,-67.9825005918226,7.34060557391983e-12,8.8391377689386e-09,-3.02471041725,"Up in D1BM",8.05359009702938,"COL6A1","CO6A1_HUMAN"
-1.48038983375,10.579487443125,-63.9435578376304,3.73581185502041e-11,4.49845116085243e-08,16.2517112504119,"ALDR_HUMAN",20,-66.2280921535536,8.95156075516475e-12,9.43158820066046e-09,-1.48038983375,"Up in D1BM",8.025415169542,"AKR1B1","ALDR_HUMAN"
-1.2360377275,13.23416471375,-52.8640063244628,1.45889884655636e-10,7.47517130803878e-08,15.1231147487374,"CO5_HUMAN",77,-63.955311515531,1.16673584812747e-11,1.08588906444516e-08,-1.2360377275,"Up in D1BM",7.9642145404564,"C5","CO5_HUMAN"
-2.0094103795,10.40124750025,-57.4752827741766,8.01745292914134e-11,4.9671039838214e-08,15.6333706866176,"PTPRF_HUMAN",72,-63.1254264486807,1.28827745218313e-11,1.08588906444516e-08,-2.0094103795,"Up in D1BM",7.9642145404564,"PTPRF","PTPRF_HUMAN"
-2.95735907250001,16.20471537125,-57.8524138536799,7.6506991584952e-11,4.9671039838214e-08,15.6723639082856,"FIBA_HUMAN",58,-61.2080003306905,1.62794954333405e-11,1.12556821097489e-08,-2.95735907250001,"Up in D1BM",7.94862818102564,"FGA","FIBA_HUMAN"
-3.30833768875,10.580445528125,-59.2842114114607,6.42216467831114e-11,4.9671039838214e-08,15.816911196192,"AMY1B_HUMAN;AMY1C_HUMAN;AMY1A_HUMAN",20,-61.0874801028944,1.65247375900882e-11,1.12556821097489e-08,-3.30833768875,"Up in D1BM",7.94862818102564,"AMY1B;AMY1C;AMY1A","AMY1B_HUMAN;AMY1C_HUMAN;AMY1A_HUMAN"
-2.50236988,17.0991411225,-56.9604748279797,8.55088368460942e-11,4.9671039838214e-08,15.5795063921509,"FIBG_HUMAN",40,-60.4707365204142,1.78470238063098e-11,1.12556821097489e-08,-2.50236988,"Up in D1BM",7.94862818102564,"FGG","FIBG_HUMAN"
-1.600648885,14.279494285,-58.1346498980598,7.38871436319291e-11,4.9671039838214e-08,15.7012912390531,"LG3BP_HUMAN",20,-60.1018613518042,1.8694928168998e-11,1.12556821097489e-08,-1.600648885,"Up in D1BM",7.94862818102564,"LGALS3BP","LG3BP_HUMAN"
-1.15289378,15.3299390075,-51.5382730682791,1.74969099053004e-10,8.19341408843206e-08,14.9640531132523,"APOA1_HUMAN",30,-58.211885462243,2.38220167760651e-11,1.30574040280448e-08,-1.15289378,"Up in D1BM",7.88414315754486,"APOA1","APOA1_HUMAN"
-4.379465699,8.766354978,-57.4009624340106,8.09206797059881e-11,4.9671039838214e-08,15.6256401456898,"TSP3_HUMAN",12,-57.9083252907214,2.47856761713984e-11,1.30574040280448e-08,-4.379465699,"Up in D1BM",7.88414315754486,"THBS3","TSP3_HUMAN"
-4.2936804275,10.85161340125,-56.6971331799061,8.839311870604e-11,4.9671039838214e-08,15.5516652648603,"ANGL8_HUMAN",9,-55.7492730078241,3.30636265670981e-11,1.63937240196512e-08,-4.2936804275,"Up in D1BM",7.78532238032366,"ANGPTL8","ANGL8_HUMAN"
-1.0159790525,13.41749393875,-47.0129456633863,3.37679574330064e-10,1.39881175436723e-07,14.3736757417826,"BGH3_HUMAN",36,-55.0410500697541,3.64297393158214e-11,1.70592373718366e-08,-1.0159790525,"Up in D1BM",7.76804038774096,"TGFBI","BGH3_HUMAN"
-5.3877577795,10.91542053275,-52.6218730153581,1.50762738446624e-10,7.47517130803878e-08,15.0945005849674,"PGBM_HUMAN",175,-54.5931013995864,3.87585101201974e-11,1.71944990422707e-08,-5.3877577795,"Up in D1BM",7.76461047272634,"HSPG2","PGBM_HUMAN"
-1.3116438375,10.80089271125,-47.9238005096768,2.94370554668411e-10,1.3059207396316e-07,14.4987919457622,"SMOC1_HUMAN",19,-49.0696834129297,8.70040339369215e-11,3.66678501027156e-08,-1.3116438375,"Up in D1BM",7.43571455270366,"SMOC1","SMOC1_HUMAN"
-2.94740688975,9.460800827625,-46.352271810604,3.73650184576396e-10,1.39881175436723e-07,14.2808018117049,"NID1_HUMAN",42,-48.4333850957407,9.60497955738563e-11,3.85525584234302e-08,-2.94740688975,"Up in D1BM",7.41394679602263,"NID1","NID1_HUMAN"
-4.34708941225,9.045983971375,-46.2144965524716,3.81690240247317e-10,1.39881175436723e-07,14.2612038917464,"LAMB1_HUMAN",56,-47.9450326208483,1.03716498675677e-10,3.97375621516944e-08,-4.34708941225,"Up in D1BM",7.4007987798166,"LAMB1","LAMB1_HUMAN"
-3.32521367175,9.460903049125,-46.7314214654644,3.52501918079407e-10,1.39881175436723e-07,14.3343224103646,"MIME_HUMAN",10,-46.2518762411107,1.36192457975475e-10,4.99115751424036e-08,-3.32521367175,"Up in D1BM",7.30179872416594,"OGN","MIME_HUMAN"
-2.48012924025,9.932664154875,-43.4176317816963,5.96447740196692e-10,2.01098320084717e-07,13.8452949342943,"QSOX1_HUMAN",23,-44.9653708121507,1.68639084726899e-10,5.92274518817931e-08,-2.48012924025,"Up in D1BM",7.22747695142931,"QSOX1","QSOX1_HUMAN"
-0.929993150000001,15.086426495,-37.6568231883856,1.64930908860754e-09,4.55639965308709e-07,12.8650709918227,"ITIH2_HUMAN",51,-43.8274595573753,2.04771413370721e-10,6.90407297320722e-08,-0.929993150000001,"Up in D1BM",7.16089462695482,"ITIH2","ITIH2_HUMAN"
-1.4491224275,11.03119230375,-39.7127588768807,1.1282486480704e-09,3.39643137663764e-07,13.2359223697001,"LAMC1_HUMAN",57,-43.1919813216628,2.28720302862851e-10,7.41493628011912e-08,-1.4491224275,"Up in D1BM",7.12989257670729,"LAMC1","LAMC1_HUMAN"
-1.1097779295,10.06843185525,-40.7719314071796,9.34822727663158e-10,3.03062337364337e-07,13.4174963625195,"MFGM_HUMAN",22,-42.8479172872715,2.42999794838283e-10,7.47216825001279e-08,-1.1097779295,"Up in D1BM",7.1265533577055,"MFGE8","MFGM_HUMAN"
-0.504549739999998,12.3863743525,-29.4975196139048,9.41197195021732e-09,2.08772398864163e-06,11.1014454801441,"AKA12_HUMAN",65,-42.7279140108643,2.48215341084777e-10,7.47216825001279e-08,-0.504549739999998,"Up in D1BM",7.1265533577055,"AKAP12","AKA12_HUMAN"
-2.63493824,15.8671970375,-40.465496677739,9.86599228840464e-10,3.08001662959121e-07,13.3655979586287,"FIBB_HUMAN",43,-42.2617324112018,2.69713111669591e-10,7.83935109745856e-08,-2.63493824,"Up in D1BM",7.10571988456764,"FGB","FIBB_HUMAN"
-1.3610527525,15.33374464625,-37.5730680590956,1.67574313970459e-09,4.55639965308709e-07,12.8494211547537,"FGL1_HUMAN",19,-38.5583466689933,5.39934360868736e-10,1.51703557592086e-07,-1.3610527525,"Up in D1BM",6.81900423447698,"FGL1","FGL1_HUMAN"
-3.09225821475,11.078050732625,-38.6020965197014,1.38167287785812e-09,4.01590368533313e-07,13.0387024705029,"F13A_HUMAN",7,-37.0306654987621,7.33061146000802e-10,1.99321690310992e-07,-3.09225821475,"Up in D1BM",6.70044543853076,"F13A1","F13A_HUMAN"
-0.888492342499998,11.68141567625,-45.2545369078915,4.43509585290868e-10,1.55764262267364e-07,14.1223941879722,"TFPI1_HUMAN",12,-36.6035096406353,8.00283182270628e-10,2.10799591979973e-07,-0.888492342499998,"Up in D1BM",6.67613023407153,"TFPI","TFPI1_HUMAN"
-1.6864388,11.3166145075,-32.5813417204529,4.63412308580661e-09,1.22065698407075e-06,11.8301027376991,"APOA5_HUMAN",27,-33.9784715271269,1.40452504719862e-09,3.58749746146581e-07,-1.6864388,"Up in D1BM",6.44520839756716,"APOA5","APOA5_HUMAN"
-0.893407344500002,9.534038305,-31.2144490889257,6.28998896909059e-09,1.51480905772756e-06,11.5176103922608,"NRP1_HUMAN",26,-33.43896889688,1.5850475612493e-09,3.92951938052068e-07,-0.893407344500002,"Up in D1BM",6.40566056493046,"NRP1","NRP1_HUMAN"
-2.14033961175,10.725699066625,-31.4468971616593,5.96604492997366e-09,1.47905272690435e-06,11.5718839898294,"VWA1_HUMAN",22,-32.4748289697683,1.97699947327592e-09,4.76117958864077e-07,-2.14033961175,"Up in D1BM",6.32228543690719,"VWA1","VWA1_HUMAN"
-4.34669196975,9.710797132625,-31.6532963991354,5.69424978680551e-09,1.4544494379692e-06,11.6196794802336,"TSP4_HUMAN",10,-32.2303619821683,2.09308230748711e-09,4.87577960989003e-07,-4.34669196975,"Up in D1BM",6.31195593315451,"THBS4","TSP4_HUMAN"
0.346518042499996,14.13985395375,22.7559486849808,5.94739261475273e-08,9.82952399014721e-06,9.1508828711126,"BCAP_HUMAN",37,32.1353235856056,2.14027578082727e-09,4.87577960989003e-07,0.346518042499996,"Non-significant",6.31195593315451,"PIK3AP1","BCAP_HUMAN"
-0.422371864999999,15.1344683175,-23.0493200502988,5.43126493037188e-08,9.342884101654e-06,9.24843897599499,"TRFE_HUMAN",55,-30.8398826561728,2.91981376910562e-09,6.47660796310297e-07,-0.422371864999999,"Non-significant",6.18865239051967,"TF","TRFE_HUMAN"
-5.55909049625,8.922217429375,-29.9273915461619,8.49049191383002e-09,1.93422584707225e-06,11.2082471122093,"DMBT1_HUMAN",10,-30.6222006116672,3.08012221002795e-09,6.65701284828861e-07,-5.55909049625,"Up in D1BM",6.17672060484261,"DMBT1","DMBT1_HUMAN"
-0.858735560000003,10.64703536,-26.4817844795304,2.0273500929248e-08,4.06869855553883e-06,10.2980536997529,"HXK2_HUMAN",39,-28.8601263505446,4.81595981704078e-09,1.01484313244592e-06,-0.858735560000003,"Up in D1BM",5.99360108285238,"HK2","HXK2_HUMAN"
-8.56878220975,10.990526020125,-26.5616529710504,1.98441151031303e-08,4.06869855553883e-06,10.3206457933083,"DKK1_HUMAN",5,-27.1035400012652,7.72971535666192e-09,1.5776910202712e-06,-8.56878220975,"Up in D1BM",5.80197804632957,"DKK1","DKK1_HUMAN"
-4.38197994475,8.431644917625,-26.2693213001516,2.1468168847088e-08,4.11261807300238e-06,10.2375806275471,"MATN3_HUMAN",20,-27.0428443861299,7.86131484771508e-09,1.5776910202712e-06,-4.38197994475,"Up in D1BM",5.80197804632957,"MATN3","MATN3_HUMAN"
-0.446682212500001,11.15895879375,-24.3443075303061,3.68580140184529e-08,6.54914849260717e-06,9.66350207189339,"T23O_HUMAN",22,-26.260952068261,9.80425937674947e-09,1.92186284387491e-06,-0.446682212500001,"Non-significant",5.71627760952582,"TDO2","T23O_HUMAN"
-3.29970049925,10.057550072875,-25.5793564637405,2.59376452446994e-08,4.85840915039048e-06,10.0373553372209,"FMOD_HUMAN",8,-25.7707042424559,1.12978450132945e-08,2.15126176199109e-06,-3.29970049925,"Up in D1BM",5.66730674215939,"FMOD","FMOD_HUMAN"
-4.07821154625,9.745690226875,-26.2859878053555,2.13716112039749e-08,4.11261807300238e-06,10.2423441891271,"COMP_HUMAN",4,-25.7144922990875,1.14849661038793e-08,2.15126176199109e-06,-4.07821154625,"Up in D1BM",5.66730674215939,"COMP","COMP_HUMAN"
-2.16694474175,10.088555931625,-24.5240149491293,3.4983420726588e-08,6.41033159357413e-06,9.71918573561124,"LAMA5_HUMAN",106,-25.5037588178881,1.2218320334563e-08,2.23887439347895e-06,-2.16694474175,"Up in D1BM",5.64997027075735,"LAMA5","LAMA5_HUMAN"
-2.1075910315,9.17642313175,-26.899130350201,1.81404797193393e-08,3.82265258885778e-06,10.4152699646777,"THYG_HUMAN",6,-25.1164820359278,1.3708368896662e-08,2.40592215314689e-06,-2.1075910315,"Up in D1BM",5.61871842895199,"TG","THYG_HUMAN"
-1.34661674575,10.337023497125,-27.9455384701379,1.38280513406032e-08,2.98863191666525e-06,10.7003475192357,"COTL1_HUMAN",8,-25.0926649218441,1.38065039073761e-08,2.40592215314689e-06,-1.34661674575,"Up in D1BM",5.61871842895199,"COTL1","COTL1_HUMAN"
-7.94451177125,10.275591194375,-24.3039139915596,3.72949492994595e-08,6.54914849260717e-06,9.65092363198927,"GPC3_HUMAN",12,-24.9886859058301,1.42443376161498e-08,2.40592215314689e-06,-7.94451177125,"Up in D1BM",5.61871842895199,"GPC3","GPC3_HUMAN"
-0.839545015000002,14.2639247175,-22.7687727354733,5.92369744335761e-08,9.82952399014721e-06,9.15517568395751,"APOB_HUMAN",250,-24.982309470019,1.42716938732168e-08,2.40592215314689e-06,-0.839545015000002,"Up in D1BM",5.61871842895199,"APOB","APOB_HUMAN"
-0.460999967499996,12.02120709625,-20.6727867125903,1.1732974312416e-07,1.76602215141705e-05,8.41675952953036,"TRFL_HUMAN",45,-24.5858409572003,1.60952735240288e-08,2.62031341337485e-06,-0.460999967499996,"Non-significant",5.58164675999372,"LTF","TRFL_HUMAN"
0.4512963275,12.13501286625,21.8497377406628,7.9308261895978e-08,1.26130064060604e-05,8.84074491053437,"SUN2_HUMAN",27,24.5716672890273,1.61651794394937e-08,2.62031341337485e-06,0.4512963275,"Non-significant",5.58164675999372,"SUN2","SUN2_HUMAN"
0.51566291,15.20564115,20.0795632333649,1.4412436470926e-07,2.0590241866684e-05,8.19325733858578,"HMCS1_HUMAN",32,22.3020362253209,3.34609760804763e-08,5.30375028606627e-06,0.51566291,"Up in D1CM",5.27541693180096,"HMGCS1","HMCS1_HUMAN"
-0.364001275,14.529186725,-17.9514801139447,3.17437353532683e-07,3.53365461676185e-05,7.33060385977812,"THRB_HUMAN",47,-22.2564507214716,3.39782317531829e-08,5.30375028606627e-06,-0.364001275,"Non-significant",5.27541693180096,"F2","THRB_HUMAN"
0.707845449499999,9.2558807135,20.7905226345885,1.12713319347146e-07,1.72738285232198e-05,8.46031217904432,"NFXL1_HUMAN",29,22.1802192502265,3.48635388753311e-08,5.34299580327574e-06,0.707845449499999,"Up in D1CM",5.2722151669391,"NFXL1","NFXL1_HUMAN"
-2.43562793575,9.019774674625,-21.319721305319,9.43591160499338e-08,1.47287590589795e-05,8.65289664686224,"TENA_HUMAN",61,-22.0653490287855,3.62472353818483e-08,5.45585619702855e-06,-2.43562793575,"Up in D1BM",5.26313708513677,"TNC","TENA_HUMAN"
-2.243348717,9.220896184,-30.7167598728564,7.05324636070304e-09,1.65143926595461e-06,11.3997877884939,"GSTA3_HUMAN",2,-21.7912519433284,3.98067869667033e-08,5.88651591828671e-06,-2.243348717,"Up in D1BM",5.2301416772269,"GSTA3","GSTA3_HUMAN"
-0.401816845000001,10.3234636775,-17.916408767065,3.21833843890415e-07,3.53365461676185e-05,7.31551694319613,"LIMC1_HUMAN",55,-21.6215037773632,4.22086756199398e-08,6.13408494483574e-06,-0.401816845000001,"Non-significant",5.21225021419996,"LIMCH1","LIMC1_HUMAN"
-0.439451454999997,14.050516485,-17.9185804087145,3.215596087573e-07,3.53365461676185e-05,7.31645201400572,"PLMN_HUMAN",53,-20.944914626413,5.35531393103663e-08,7.65083747876403e-06,-0.439451454999997,"Non-significant",5.11629102334327,"PLG","PLMN_HUMAN"
-0.447919132500001,12.41371524375,-17.704771216993,3.49880765466502e-07,3.68643121514643e-05,7.22382835737015,"FA5_HUMAN",71,-20.7893911520847,5.66247939259287e-08,7.95483980002755e-06,-0.447919132500001,"Non-significant",5.09936856204689,"F5","FA5_HUMAN"
-0.78056335,13.0625841625,-20.425708815202,1.27734382081771e-07,1.88890018696009e-05,8.32450261749874,"H2AW_HUMAN",17,-20.7118343848654,5.82305994925706e-08,8.04632332988324e-06,-0.78056335,"Up in D1BM",5.09440251991753,"MACROH2A2","H2AW_HUMAN"
-0.745306967500003,10.89155697875,-19.8293565264644,1.57464854383016e-07,2.2121187626574e-05,8.09689975914009,"FSCN1_HUMAN",22,-20.632054026597,5.99363290327611e-08,8.1484406035023e-06,-0.745306967500003,"Up in D1BM",5.08892549581126,"FSCN1","FSCN1_HUMAN"
0.291881087500004,11.33108162875,17.2991117108684,4.11770807031452e-07,4.045348899545e-05,7.04491089715268,"TRI47_HUMAN",26,20.173561994945,7.09043988314814e-08,9.48655837699297e-06,0.291881087500004,"Non-significant",5.02289131644253,"TRIM47","TRI47_HUMAN"
-0.3922863,13.3563408875,-18.7549235467515,2.33236987871259e-07,3.07180401682319e-05,7.66816844962633,"OAT_HUMAN",22,-20.0061545724851,7.54608642864707e-08,9.93843164172909e-06,-0.3922863,"Non-significant",5.00268214508795,"OAT","OAT_HUMAN"
0.494855165499995,8.974598527,18.5373165643283,2.53220530733549e-07,3.22221098400745e-05,7.57823535597048,"LRC41_HUMAN",25,19.8768307852228,7.92076788306072e-08,1.02714080748183e-05,0.494855165499995,"Non-significant",4.9883700162658,"LRRC41","LRC41_HUMAN"
0.622883560000004,11.424072385,18.4468489257212,2.62096011835523e-07,3.24883424082591e-05,7.5405254037065,"HMDH_HUMAN",32,19.8137843394104,8.11101442130903e-08,1.03587485692748e-05,0.622883560000004,"Up in D1CM",4.98469270813194,"HMGCR","HMDH_HUMAN"
-1.1825327875,13.09219789125,-20.3416095186576,1.31512309200381e-07,1.91123664525865e-05,8.29283183691776,"APOM_HUMAN",9,-19.4184313163003,9.42855858405299e-08,1.18616895977586e-05,-1.1825327875,"Up in D1BM",4.92585344497512,"APOM","APOM_HUMAN"
0.590141772999999,10.1665992735,17.9087438480272,3.22803897841574e-07,3.53365461676185e-05,7.31221563488982,"EXD2_HUMAN",32,19.2786928822796,9.95080210418292e-08,1.23106871163339e-05,0.590141772999999,"Up in D1CM",4.90971770641034,"EXD2","EXD2_HUMAN"
-0.93159962,11.0084748275,-19.1730510142945,1.99666594916435e-07,2.71743307145232e-05,7.83797986614486,"B4GA1_HUMAN",14,-19.2028007451863,1.02480742623426e-07,1.23106871163339e-05,-0.93159962,"Up in D1BM",4.90971770641034,"B4GAT1","B4GA1_HUMAN"
0.520509960000004,13.174823165,17.7314178066204,3.46200955381815e-07,3.68643121514643e-05,7.23543408691293,"FDFT_HUMAN",29,19.1637269283278,1.04050297674365e-07,1.23106871163339e-05,0.520509960000004,"Up in D1CM",4.90971770641034,"FDFT1","FDFT_HUMAN"
0.894747376750001,8.159806191875,19.1701141400239,1.99882370898142e-07,2.71743307145232e-05,7.83680058620384,"RHDF2_HUMAN",14,19.1572079447845,1.04314791722139e-07,1.23106871163339e-05,0.894747376750001,"Up in D1CM",4.90971770641034,"RHBDF2","RHDF2_HUMAN"
-0.848748922499999,11.17020237375,-18.114585347844,2.97867432784416e-07,3.53365461676185e-05,7.40037319733114,"G6PD_HUMAN",38,-19.136570473915,1.05157132800575e-07,1.23106871163339e-05,-0.848748922499999,"Up in D1BM",4.90971770641034,"G6PD","G6PD_HUMAN"
0.4482350325,15.62327361125,17.7993985186172,3.37010638882673e-07,3.64187522454109e-05,7.26496199190796,"GBP1_HUMAN",23,18.9236862685706,1.14309457263877e-07,1.31988276065372e-05,0.4482350325,"Non-significant",4.87946464353841,"GBP1","GBP1_HUMAN"
0.351540564999999,14.1682560425,16.5785589788516,5.55022033728786e-07,5.03040937881714e-05,6.71633940133205,"GBP2_HUMAN",29,18.8234996774314,1.1892549093197e-07,1.34703558525712e-05,0.351540564999999,"Non-significant",4.87062093116887,"GBP2","GBP2_HUMAN"
-0.70862007175,10.275206566625,-17.9679469577052,3.15396675162438e-07,3.53365461676185e-05,7.33767711126821,"EXT2_HUMAN",24,-18.7886194723907,1.20581682867863e-07,1.34703558525712e-05,-0.70862007175,"Up in D1BM",4.87062093116887,"EXT2","EXT2_HUMAN"
-3.00620639325,8.286165773875,-18.3759008469277,2.69304312483449e-07,3.28980586945362e-05,7.51081819797356,"ECM1_HUMAN",10,-18.7704371147638,1.21455338094128e-07,1.34703558525712e-05,-3.00620639325,"Up in D1BM",4.87062093116887,"ECM1","ECM1_HUMAN"
0.244871140000001,12.9238455275,13.2333143197596,2.66952323603016e-06,0.000151016183600659,4.97697381192693,"MYLK_HUMAN",99,18.5325351011212,1.33570490642443e-07,1.45736391632511e-05,0.244871140000001,"Non-significant",4.83643198761409,"MYLK","MYLK_HUMAN"
0.718022342500001,12.07872867625,18.1225278495418,2.96950074186338e-07,3.53365461676185e-05,7.40375417072386,"FADS2_HUMAN",18,18.5086382270713,1.34861057626478e-07,1.45736391632511e-05,0.718022342500001,"Up in D1CM",4.83643198761409,"FADS2","FADS2_HUMAN"
0.839921947499999,11.92581129125,18.5073151584571,2.56125443028235e-07,3.22221098400745e-05,7.56575084322872,"AUP1_HUMAN",14,18.4642876212875,1.37293727319164e-07,1.464871933637e-05,0.839921947499999,"Up in D1CM",4.83420034182586,"AUP1","AUP1_HUMAN"
0.3628304025,11.81187689375,16.4432002612803,5.87849302840304e-07,5.21577028804308e-05,6.6530085119395,"GBP4_HUMAN",26,18.1372195461224,1.56843866901779e-07,1.63281984745256e-05,0.3628304025,"Non-significant",4.78706172927022,"GBP4","GBP4_HUMAN"
-1.78602087525,7.682430684625,-18.5162726379611,2.55254179021435e-07,3.22221098400745e-05,7.56948051305729,"GALT7_HUMAN",7,-18.1362117428769,1.56908776419098e-07,1.63281984745256e-05,-1.78602087525,"Up in D1BM",4.78706172927022,"GALNT7","GALT7_HUMAN"
-4.03809166125,8.041524649375,-17.4489861700266,3.87559300326738e-07,3.98382602738302e-05,7.11150693452221,"ANGL2_HUMAN",23,-17.9673193348325,1.68227685447744e-07,1.72925751297443e-05,-4.03809166125,"Up in D1BM",4.76214032879877,"ANGPTL2","ANGL2_HUMAN"
-4.546542645,8.7257714275,-17.293311808523,4.12741731357064e-07,4.045348899545e-05,7.0423219497161,"CO6A2_HUMAN",10,-17.7474584025284,1.84368926770327e-07,1.87234419728564e-05,-4.546542645,"Up in D1BM",4.72761431091784,"COL6A2","CO6A2_HUMAN"
-0.637988327500004,10.61937057875,-22.1149313397472,7.28158059110226e-08,1.18031620773848e-05,8.93291392866685,"SDC2_HUMAN",9,-17.6654808882708,1.90829244879576e-07,1.89801324588338e-05,-0.637988327500004,"Up in D1BM",4.72170076103729,"SDC2","SDC2_HUMAN"
-0.881460192500002,13.60897850875,-16.8561006155776,4.94018631236293e-07,4.67874499178732e-05,6.84457898739931,"MA1A1_HUMAN",31,-17.6402430946822,1.92869286883828e-07,1.89801324588338e-05,-0.881460192500002,"Up in D1BM",4.72170076103729,"MAN1A1","MA1A1_HUMAN"
-1.0846281075,10.96975183625,-17.1142809077391,4.44031407258037e-07,4.30200084112413e-05,6.96196948549142,"CPVL_HUMAN",20,-17.6306417695359,1.93651843808246e-07,1.89801324588338e-05,-1.0846281075,"Up in D1BM",4.72170076103729,"CPVL","CPVL_HUMAN"
-1.7256929875,8.49264776725,-17.0785018795643,4.50602959997521e-07,4.3160594884308e-05,6.94580888156096,"EXT1_HUMAN",17,-17.541165855029,2.01119464635732e-07,1.94854708898228e-05,-1.7256929875,"Up in D1BM",4.71028909449636,"EXT1","EXT1_HUMAN"
-0.750837325000001,10.841374875,-16.6166949001176,5.46152978890251e-07,5.01033458965143e-05,6.73408817374947,"COR1A_HUMAN",22,-17.2315864898901,2.29580162988091e-07,2.19901272025752e-05,-0.750837325000001,"Up in D1BM",4.657772258442,"CORO1A","COR1A_HUMAN"
0.791183234999998,10.79550588,17.3604822453904,4.01654643064953e-07,4.03041307904106e-05,7.07225135844436,"BOK_HUMAN",13,17.1447695637041,2.38358735683437e-07,2.25744470008504e-05,0.791183234999998,"Up in D1CM",4.64638287965989,"BOK","BOK_HUMAN"
-0.224889517499996,15.84420216125,-12.6289451287833,3.68734433394023e-06,0.000180278410465213,4.61755912543573,"AT1A1_HUMAN",52,-17.1062423971419,2.42375325925088e-07,2.26997958024729e-05,-0.224889517499996,"Non-significant",4.64397804951428,"ATP1A1","AT1A1_HUMAN"
-3.77368044675,9.054946064125,-16.7289423186612,5.2096854342065e-07,4.87915983610295e-05,6.7860915595627,"ATS13_HUMAN",7,-17.0574973484447,2.47567065042722e-07,2.27735508216637e-05,-3.77368044675,"Up in D1BM",4.64256924948906,"ADAMTS13","ATS13_HUMAN"
1.104700328,9.5383931405,17.389646195261,3.96946545092701e-07,4.03041307904106e-05,7.08520938555582,"RTP3_HUMAN",10,17.0482465185593,2.48566458131814e-07,2.27735508216637e-05,1.104700328,"Up in D1CM",4.64256924948906,"RTP3","RTP3_HUMAN"
-3.0340747855,9.14193272725,-16.3535290735529,6.10810716032001e-07,5.36304533899347e-05,6.61076405908047,"RELN_HUMAN",85,-16.8708139664372,2.68644359534205e-07,2.41270158975003e-05,-3.0340747855,"Up in D1BM",4.61749638962835,"RELN","RELN_HUMAN"
-0.252442359999996,16.44165659,-14.1691717123083,1.66173963374715e-06,0.000113876450185811,5.50353560523436,"VTNC_HUMAN",29,-16.8672677554962,2.69063885913517e-07,2.41270158975003e-05,-0.252442359999996,"Non-significant",4.61749638962835,"VTN","VTNC_HUMAN"
0.216016770000001,11.9668889025,11.8935761148123,5.57194075681754e-06,0.000225797541534688,4.15758541246246,"CGNL1_HUMAN",88,16.8013575539246,2.76997395204602e-07,2.45769583597852e-05,0.216016770000001,"Non-significant",4.60947186633562,"CGNL1","CGNL1_HUMAN"
-3.8812392935,8.32845717575,-16.2318010052324,6.43629541435745e-07,5.53587082118561e-05,6.55304347698586,"COCH_HUMAN",15,-16.693685680344,2.90532155108809e-07,2.55093284938766e-05,-3.8812392935,"Up in D1BM",4.59330097358317,"COCH","COCH_HUMAN"
-1.311122893,9.633483171,-17.5028264119925,3.79259887603734e-07,3.94664394149614e-05,7.13528845194426,"GTR1_HUMAN",7,-16.6341015371174,2.9834195548145e-07,2.59249932242592e-05,-1.311122893,"Up in D1BM",4.58628134844585,"SLC2A1","GTR1_HUMAN"
0.88622653475,8.230703651875,15.9357710584611,7.32143307452398e-07,6.23357165506693e-05,6.41084173928786,"SRBP2_HUMAN",24,16.5325629207293,3.12202845374905e-07,2.6852630445562e-05,0.88622653475,"Up in D1CM",4.57101316500959,"SREBF2","SRBP2_HUMAN"
0.7418432225,9.79003238625,15.8172819011741,7.71387096373717e-07,6.50202183533406e-05,6.35318204686724,"AJUBA_HUMAN",19,16.2517925137291,3.54469329670585e-07,3.01800199979128e-05,0.7418432225,"Up in D1CM",4.52028047678772,"AJUBA","AJUBA_HUMAN"
0.329505445000002,13.2571406375,14.8302700586863,1.20971741152245e-06,9.20159003633683e-05,5.85549179768443,"FAF2_HUMAN",25,16.211061325314,3.61121339218359e-07,3.04141981011881e-05,0.329505445000002,"Non-significant",4.51692362963078,"FAF2","FAF2_HUMAN"
0.262011527499999,12.04000687625,12.5671929078798,3.81412575847902e-06,0.000182664172811045,4.57991832782112,"PAR14_HUMAN",98,16.1910778698268,3.64436351669237e-07,3.04141981011881e-05,0.262011527499999,"Non-significant",4.51692362963078,"PARP14","PAR14_HUMAN"
0.753574371250002,8.904931306875,15.5839796581338,8.5584896720351e-07,6.9364912928446e-05,6.23838132398691,"RUSD3_HUMAN",19,16.0137885228633,3.95398321039418e-07,3.26746318435417e-05,0.753574371250002,"Up in D1CM",4.48578929706705,"RPUSD3","RUSD3_HUMAN"
-0.62450814,11.7296322575,-14.9461241341242,1.14582845951783e-06,8.86072301401448e-05,5.91558050759719,"HEP2_HUMAN",25,-15.6368983094897,4.71595393388526e-07,3.84783781702925e-05,-0.62450814,"Up in D1BM",4.41478324137789,"SERPIND1","HEP2_HUMAN"
-2.4860782625,8.1589217185,-19.0587479672425,2.08263624296487e-07,2.78643506221442e-05,7.79194323992526,"PGAM4_HUMAN",1,-15.6227621024771,4.7475991573264e-07,3.84783781702925e-05,-2.4860782625,"Up in D1BM",4.41478324137789,"PGAM4","PGAM4_HUMAN"
-2.68319487575,8.486625075375,-15.5893587139181,8.53786971636581e-07,6.9364912928446e-05,6.24104741267466,"PZP_HUMAN",5,-15.5732126875384,4.86042627421286e-07,3.87762674280321e-05,-2.68319487575,"Up in D1BM",4.41143399807903,"PZP","PZP_HUMAN"
-3.3628867865,8.01478892575,-15.1503571816544,1.04230897082582e-06,8.13483547693594e-05,6.0203975748472,"PTK7_HUMAN",13,-15.5663195957239,4.87636059718994e-07,3.87762674280321e-05,-3.3628867865,"Up in D1BM",4.41143399807903,"PTK7","PTK7_HUMAN"
-3.05044376875,8.062859714125,-16.3021439400331,6.24426969149447e-07,5.42607724016566e-05,6.58645124497065,"OMD_HUMAN",2,-15.5241617852649,4.97510585758244e-07,3.91017208845618e-05,-3.05044376875,"Up in D1BM",4.40780412868539,"OMD","OMD_HUMAN"
0.46100521,10.5060420025,14.2454991350629,1.60080577011273e-06,0.000110599933084264,5.54498173867398,"ARVC_HUMAN",38,15.5094612151984,5.01006745228696e-07,3.91017208845618e-05,0.46100521,"Non-significant",4.40780412868539,"ARVCF","ARVC_HUMAN"
0.262551067499997,10.42752158625,12.2110327143882,4.64933627043163e-06,0.000203511818363311,4.35934846798305,"MYO7A_HUMAN",98,15.4724511722229,5.09932009814301e-07,3.94331826671995e-05,0.262551067499997,"Non-significant",4.40413816943904,"MYO7A","MYO7A_HUMAN"
0.3899881825,12.54956257375,15.2589131874054,9.9163362239746e-07,7.81166336746559e-05,6.07554398529258,"ABHD6_HUMAN",18,15.4170620922257,5.23626559525203e-07,4.01240751839812e-05,0.3899881825,"Non-significant",4.3965949644842,"ABHD6","ABHD6_HUMAN"
0.365169052500001,12.53928160625,13.6895499072115,2.11070636638234e-06,0.000130817235016447,5.23802274125166,"ABHGA_HUMAN",33,15.1587881440468,5.93211581356762e-07,4.43905510293045e-05,0.365169052500001,"Non-significant",4.35270946395186,"ABHD16A","ABHGA_HUMAN"
-0.501691817750004,10.079774141125,-15.6481140212279,8.31627452460443e-07,6.87234097724419e-05,6.27010957509601,"UXS1_HUMAN",14,-15.1579174628522,5.93463161573756e-07,4.43905510293045e-05,-0.501691817750004,"Up in D1BM",4.35270946395186,"UXS1","UXS1_HUMAN"
-0.571269032499998,11.34114217875,-14.1280730336561,1.69563754915449e-06,0.000115262329853413,5.48112863029409,"PCSK6_HUMAN",46,-15.1388624689745,5.98999278609682e-07,4.43905510293045e-05,-0.571269032499998,"Up in D1BM",4.35270946395186,"PCSK6","PCSK6_HUMAN"
-0.4940178425,16.06488883375,-13.9356464948148,1.8651590599226e-06,0.000124809971272285,5.37536702224588,"KPYM_HUMAN",47,-15.1341735350467,6.00370484914073e-07,4.43905510293045e-05,-0.4940178425,"Non-significant",4.35270946395186,"PKM","KPYM_HUMAN"
-1.18436813325,7.782591819875,-14.6099419177063,1.34270685690375e-06,9.75661732486351e-05,5.73993165664331,"PTPRS_HUMAN",25,-15.1027629284415,6.09647838035832e-07,4.46845358852524e-05,-1.18436813325,"Up in D1BM",4.34984274849398,"PTPRS","PTPRS_HUMAN"
-0.271778585000003,15.3144197475,-12.7607948066567,3.43231951620295e-06,0.00017464208926765,4.69734639924776,"C4BPA_HUMAN",37,-15.0629437352259,6.21641964861864e-07,4.51708631191435e-05,-0.271778585000003,"Non-significant",4.34514161091525,"C4BPA","C4BPA_HUMAN"
-5.7989809515,9.26009857675,-14.6396223466401,1.32385925847219e-06,9.75661732486351e-05,5.75559815164467,"HBSAG_HBVD3",7,-15.0224926687959,6.34099605064336e-07,4.54251413298198e-05,-5.7989809515,"Up in D1BM",4.342703712811,"S","HBSAG_HBVD3"
-4.45238637925,9.179169177875,-14.5850814131995,1.35872838072302e-06,9.78865087274729e-05,5.72678525953632,"NPNT_HUMAN",24,-15.0166579319514,6.35919643720339e-07,4.54251413298198e-05,-4.45238637925,"Up in D1BM",4.342703712811,"NPNT","NPNT_HUMAN"
0.313790082999997,9.13059818725,12.7170720433816,3.51460351612114e-06,0.000177392772678953,4.6709752170419,"DOP1B_HUMAN",65,14.9944533676367,6.42900015649731e-07,4.55378506883326e-05,0.313790082999997,"Non-significant",4.34162747122252,"DOP1B","DOP1B_HUMAN"
-0.551550624999999,15.42329204,-13.7965406128302,1.99970722088457e-06,0.000127693425491182,5.29802476236448,"CO4B_HUMAN",87,-14.9413710708229,6.59940218928963e-07,4.63553008779352e-05,-0.551550624999999,"Up in D1BM",4.33390059570713,"C4B","CO4B_HUMAN"
-1.02583003025,10.440426707375,-15.3651634458306,9.447273607511e-07,7.51236502242549e-05,6.12914412832321,"TIMP3_HUMAN",9,-14.9223931283681,6.66155550610263e-07,4.64051664139992e-05,-1.02583003025,"Up in D1BM",4.33343366556181,"TIMP3","TIMP3_HUMAN"
0.832533597499999,10.80260884625,14.7610167880572,1.24983571665439e-06,9.40612969257127e-05,5.81935192890705,"PX11B_HUMAN",14,14.8864323030206,6.78114715978651e-07,4.68510568933119e-05,0.832533597499999,"Up in D1CM",4.32928060759891,"PEX11B","PX11B_HUMAN"
-0.70416748525,7.761824309625,-14.8267147967669,1.21174100609015e-06,9.20159003633683e-05,5.85364052872926,"IMDH1_HUMAN",14,-14.8313043404446,6.96921109136737e-07,4.77589270643379e-05,-0.70416748525,"Up in D1BM",4.32094543847985,"IMPDH1","IMDH1_HUMAN"
0.168794629999999,15.640758275,10.7324490616912,1.12413102106011e-05,0.000324496588236838,3.37440155298945,"PDLI5_HUMAN",37,14.754358536249,7.24161732993378e-07,4.92254778016224e-05,0.168794629999999,"Non-significant",4.30781005973833,"PDLIM5","PDLI5_HUMAN"
0.354467391749999,9.610219955375,12.9502400320682,3.10014509438571e-06,0.000169682616886864,4.81062473632868,"MYCPP_HUMAN",54,14.7352499971898,7.31111353776903e-07,4.93003008078841e-05,0.354467391749999,"Non-significant",4.30715043084842,"DENND4A","MYCPP_HUMAN"
-3.4693660735,7.99071693425,-14.2735271720225,1.57907014706747e-06,0.000109999853468031,5.56014674326508,"TGFB1_HUMAN",14,-14.67560095046,7.53293706292825e-07,5.03929575423986e-05,-3.4693660735,"Up in D1BM",4.29763015232788,"TGFB1","TGFB1_HUMAN"
-1.2759768965,8.77433979525,-15.561769137852,8.64423204918231e-07,6.9392601850055e-05,6.22736314416771,"OAF_HUMAN",6,-14.6435689180596,7.65518349133135e-07,5.08075131090015e-05,-1.2759768965,"Up in D1BM",4.29407206211529,"OAF","OAF_HUMAN"
0.544091224999997,15.5220570575,13.8724824810319,1.92493727196548e-06,0.000124809971272285,5.34034132995246,"MARC2_HUMAN",26,14.5804348011709,7.9027328609555e-07,5.16826701316665e-05,0.544091224999997,"Up in D1CM",4.28665505705839,"MTARC2","MARC2_HUMAN"
1.16937470425,9.077405333375,15.7560431303335,7.92602650280914e-07,6.61470073189883e-05,6.32321254621461,"PP4P1_HUMAN",6,14.5649075007847,7.96499000363316e-07,5.16826701316665e-05,1.16937470425,"Up in D1CM",4.28665505705839,"PIP4P1","PP4P1_HUMAN"
0.643485307499997,10.64066088125,16.5113498525059,5.71053784658975e-07,5.12065143711755e-05,6.68495932351579,"PX11C_HUMAN",9,14.5634184034958,7.97098958015974e-07,5.16826701316665e-05,0.643485307499997,"Up in D1CM",4.28665505705839,"PEX11G","PX11C_HUMAN"
0.291518212499996,12.99362111125,12.9350106887018,3.12545650993192e-06,0.000169964341433653,4.80157695910202,"ABHD2_HUMAN",29,14.5072410025252,8.20109395683271e-07,5.27687182917122e-05,0.291518212499996,"Non-significant",4.2776234543466,"ABHD2","ABHD2_HUMAN"
0.307711127499999,12.67764425375,12.7569933607338,3.439386263902e-06,0.00017464208926765,4.69505698683355,"MX1_HUMAN",35,14.4770651961179,8.3277807888867e-07,5.31779274769136e-05,0.307711127499999,"Non-significant",4.27426859259451,"MX1","MX1_HUMAN"
-0.296511887500003,12.45375335125,-12.2397207616632,4.57487525012377e-06,0.000202955913069964,4.37733814419498,"A2MG_HUMAN",60,-14.4598191125355,8.4011748519862e-07,5.32432352085652e-05,-0.296511887500003,"Non-significant",4.27373556344267,"A2M","A2MG_HUMAN"
-0.678363082500002,12.48377883375,-13.618274023185,2.18853156732605e-06,0.000132713184035909,5.19779794730206,"PLOD1_HUMAN",42,-14.3682624841181,8.80323336151719e-07,5.53749656747973e-05,-0.678363082500002,"Up in D1BM",4.2566865299743,"PLOD1","PLOD1_HUMAN"
-3.7430278075,9.55854243125,-13.9298975282871,1.87051181686702e-06,0.000124809971272285,5.3721854859157,"CLC11_HUMAN",9,-14.2841054701034,9.19201520861172e-07,5.73922194025098e-05,-3.7430278075,"Up in D1BM",4.24114698041725,"CLEC11A","CLC11_HUMAN"
0.329963444999999,10.12576282,12.2526708401063,4.54170630870985e-06,0.000202550489291616,4.38544587355572,"HELZ2_HUMAN",100,14.2561385786115,9.32547084454695e-07,5.77973483446222e-05,0.329963444999999,"Non-significant",4.2380920858998,"HELZ2","HELZ2_HUMAN"
0.747907637499997,11.64256024375,13.8856022042557,1.91234402970909e-06,0.000124809971272285,5.34762918775897,"TRAF1_HUMAN",18,14.232211340834,9.441384931725e-07,5.80886376565767e-05,0.747907637499997,"Up in D1CM",4.23590880884257,"TRAF1","TRAF1_HUMAN"
-0.256241080000001,11.1602896475,-11.373799885761,7.56764754647213e-06,0.000268015551131149,3.8161288539831,"FAT1_HUMAN",154,-14.2134376282292,9.53347063629147e-07,5.82301623139861e-05,-0.256241080000001,"Non-significant",4.23485199931375,"FAT1","FAT1_HUMAN"
0.26954198,12.5343385925,12.1352779289607,4.85265376385439e-06,0.000206580901896609,4.31165251239504,"S27A4_HUMAN",38,14.1919622055727,9.64005199347106e-07,5.84575526999767e-05,0.26954198,"Non-significant",4.23315937014764,"SLC27A4","S27A4_HUMAN"
-0.397269244999999,13.372402905,-14.3646402439996,1.51069302707408e-06,0.000107005306934516,5.60924479804894,"FBX2_HUMAN",16,-14.1697991237582,9.7514566598375e-07,5.87107344184073e-05,-0.397269244999999,"Non-significant",4.23128248695555,"FBXO2","FBX2_HUMAN"
0.269262789999999,12.6589527125,12.6478529110394,3.64948605935077e-06,0.000180278410465213,4.62904938585161,"ABCF2_HUMAN",27,14.1432579134544,9.88678246316675e-07,5.910332580286e-05,0.269262789999999,"Non-significant",4.22838808024919,"ABCF2","ABCF2_HUMAN"
0.849150180000001,11.3018393525,13.9079662030939,1.8910923869422e-06,0.000124809971272285,5.36003675356953,"LTMD1_HUMAN",14,14.0675138519717,1.02847661461911e-06,6.10495027086233e-05,0.849150180000001,"Up in D1CM",4.2143178693404,"LETMD1","LTMD1_HUMAN"
0.324718712500001,10.89005434625,13.731523770068,2.06634691087499e-06,0.000130817235016447,5.26161623049587,"STAP2_HUMAN",19,14.0348796958613,1.04617778700285e-06,6.16508361026847e-05,0.324718712500001,"Non-significant",4.21006102916849,"STAP2","STAP2_HUMAN"
-4.0841929935,8.58534920325,-13.623179708453,2.18307197689258e-06,0.000132713184035909,5.20057299776599,"CO6A3_HUMAN",19,-14.0220414733453,1.05323530653537e-06,6.16508361026847e-05,-4.0841929935,"Up in D1BM",4.21006102916849,"COL6A3","CO6A3_HUMAN"
0.279897692500001,11.09106326125,11.7772380685162,5.96071287072136e-06,0.000236302460344499,4.08238191988491,"DHX30_HUMAN",60,14.0004137896474,1.06524631139376e-06,6.19238700602623e-05,0.279897692500001,"Non-significant",4.2081419093456,"DHX30","DHX30_HUMAN"
-0.817631244749998,9.395666360625,-13.316191969346,2.55659918124605e-06,0.000146613013007488,5.02503205485512,"BMP1_HUMAN",34,-13.8922721769767,1.1276670647022e-06,6.51034636190056e-05,-0.817631244749998,"Up in D1BM",4.18639590558531,"BMP1","BMP1_HUMAN"
-0.230577472500002,14.30356264125,-11.7364245848964,6.10431431393638e-06,0.000240435819402663,4.05583499230416,"KLKB1_HUMAN",31,-13.7753237199259,1.1998545425778e-06,6.86125645629202e-05,-0.230577472500002,"Non-significant",4.16359634754854,"KLKB1","KLKB1_HUMAN"
0.302271604999996,11.48127973,11.8764308881345,5.62738775025558e-06,0.000225872625461449,4.14654560671126,"FA83H_HUMAN",55,13.767714529851,1.20472885933233e-06,6.86125645629202e-05,0.302271604999996,"Non-significant",4.16359634754854,"FAM83H","FA83H_HUMAN"
-0.693778037249999,10.111346721375,-16.6136162719125,5.46862952008461e-07,5.01033458965143e-05,6.73265687955026,"MOT4_HUMAN",7,-13.7052896535705,1.24557045189717e-06,7.04625056311495e-05,-0.693778037249999,"Up in D1BM",4.15204191746426,"SLC16A3","MOT4_HUMAN"
-0.4363856325,10.84811997375,-13.4262738049624,2.41489110202298e-06,0.000142343476216445,5.08842274997023,"CP1A1_HUMAN",18,-13.660912640505,1.27555321487064e-06,7.1452044022651e-05,-0.4363856325,"Non-significant",4.14598534286936,"CYP1A1","CP1A1_HUMAN"
1.2232317925,10.99253463625,13.4381284462376,2.40016947139666e-06,0.000142343476216445,5.09521940930907,"REEP3_HUMAN",12,13.6370711125303,1.29199674146488e-06,7.1452044022651e-05,1.2232317925,"Up in D1CM",4.14598534286936,"REEP3","REEP3_HUMAN"
-0.522291659999999,9.792601585,-12.8619506508796,3.25018943748294e-06,0.000174495839290087,4.75803010894538,"ITA2_HUMAN",31,-13.6120990814545,1.309476578953e-06,7.1452044022651e-05,-0.522291659999999,"Up in D1BM",4.14598534286936,"ITGA2","ITA2_HUMAN"
0.182064297500002,13.72562229625,10.5409483484421,1.27034418904804e-05,0.000347015472815738,3.23783842449642,"ADAS_HUMAN",37,13.608533951796,1.3119937560825e-06,7.1452044022651e-05,0.182064297500002,"Non-significant",4.14598534286936,"AGPS","ADAS_HUMAN"
0.474127532500001,12.13952529375,12.7988190431827,3.36253262476128e-06,0.00017464208926765,4.72021078417082,"TM214_HUMAN",30,13.6011508869513,1.31722396098046e-06,7.1452044022651e-05,0.474127532500001,"Non-significant",4.14598534286936,"TMEM214","TM214_HUMAN"
0.45937872,11.79822135,13.34957554889,2.51265153963261e-06,0.00014606303329354,5.04430907433679,"RDH14_HUMAN",18,13.5996740034803,1.31827301108128e-06,7.1452044022651e-05,0.45937872,"Non-significant",4.14598534286936,"RDH14","RDH14_HUMAN"
0.1842138775,10.37883198375,10.4957136105449,1.30794977289055e-05,0.000348883184673875,3.20525325532697,"TFP11_HUMAN",39,13.5938751913019,1.32240109948197e-06,7.1452044022651e-05,0.1842138775,"Non-significant",4.14598534286936,"TFIP11","TFP11_HUMAN"
-0.574682709999999,15.7115242475,-12.8841518642303,3.21169866822457e-06,0.000173534667144006,4.77128785244062,"CLUS_HUMAN",30,-13.5540299833951,1.35116341002414e-06,7.25411234591943e-05,-0.574682709999999,"Up in D1BM",4.13941572269616,"CLU","CLUS_HUMAN"
0.56338382,10.7885292775,14.3957361002744,1.48813083245241e-06,0.000106300464294418,5.62593178875491,"NAT8_HUMAN",11,13.4992971922141,1.39182855368475e-06,7.42514106266379e-05,0.56338382,"Up in D1CM",4.12929529121552,"NAT8","NAT8_HUMAN"
0.538641691750001,10.225196004125,13.8470300769072,1.94963762665494e-06,0.000125446530954767,5.32618372830626,"PEX13_HUMAN",13,13.4768895702681,1.40887329434622e-06,7.4688006277008e-05,0.538641691750001,"Up in D1CM",4.12674913347131,"PEX13","PEX13_HUMAN"
2.2227535245,7.4329743385,13.6963624224757,2.1034337592682e-06,0.000130817235016447,5.24185680461005,"ZDH14_HUMAN",4,13.4547188034054,1.42596967968247e-06,7.51218651877719e-05,2.2227535245,"Up in D1CM",4.12423363758565,"ZDHHC14","ZDH14_HUMAN"
0.278136012499999,13.13961660875,11.502245724306,7.00807928248119e-06,0.000257952402934646,3.90183517533099,"DTX3L_HUMAN",49,13.4321509970463,1.44361268163499e-06,7.55789521335485e-05,0.278136012499999,"Non-significant",4.121599133665,"DTX3L","DTX3L_HUMAN"
-0.141775129999999,15.11662984,-8.44632179320365,5.59563022862122e-05,0.000865423251321986,1.58081301552685,"TLN1_HUMAN",153,-13.4009399635214,1.46841946927992e-06,7.64031339911136e-05,-0.141775129999999,"Non-significant",4.11688882667128,"TLN1","TLN1_HUMAN"
0.50708556,13.1238688225,12.7581389693604,3.43725488432578e-06,0.00017464208926765,4.69574699538194,"ERG1_HUMAN",25,13.3710807045983,1.4926022053549e-06,7.71301228736685e-05,0.50708556,"Up in D1CM",4.11277597677551,"SQLE","ERG1_HUMAN"
0.505287408749997,8.994693875125,12.5720945647655,3.80388370676892e-06,0.000182664172811045,4.58291250932111,"SRBD1_HUMAN",34,13.3612123880614,1.50069286407422e-06,7.71301228736685e-05,0.505287408749997,"Up in D1CM",4.11277597677551,"SRBD1","SRBD1_HUMAN"
0.406031131750002,9.419197797875,14.2960353809161,1.56185748358822e-06,0.000109707472743042,5.57230413406543,"SMYD3_HUMAN",13,13.310031069579,1.54345524188539e-06,7.87224224468025e-05,0.406031131750002,"Non-significant",4.10390155025898,"SMYD3","SMYD3_HUMAN"
0.317131755000002,12.6208733325,12.1852869631361,4.71733178259685e-06,0.000203909690233379,4.34316996558232,"FMO4_HUMAN",28,13.2996493816549,1.55229571507585e-06,7.87224224468025e-05,0.317131755000002,"Non-significant",4.10390155025898,"FMO4","FMO4_HUMAN"
-0.352191445000001,13.1542181975,-12.2667931151872,4.50584536965822e-06,0.000202020056493879,4.39427829658332,"P4HA1_HUMAN",29,-13.2886173926987,1.56175251991177e-06,7.87224224468025e-05,-0.352191445000001,"Non-significant",4.10390155025898,"P4HA1","P4HA1_HUMAN"
0.316856145000001,10.622166515,12.3422856352785,4.31950626678234e-06,0.000197875643058198,4.44133134336643,"TPRN_HUMAN",25,13.2801770494109,1.56903155428435e-06,7.87224224468025e-05,0.316856145000001,"Non-significant",4.10390155025898,"TPRN","TPRN_HUMAN"
0.330844400000004,11.0576035975,12.1193868355991,4.89657144048391e-06,0.000206941957575701,4.30161184027863,"PALLD_HUMAN",30,13.251662673505,1.59390677425898e-06,7.92521100224464e-05,0.330844400000004,"Non-significant",4.1009891662218,"PALLD","PALLD_HUMAN"
-0.235054495,11.94724083,-10.9732630518872,9.66562745897484e-06,0.000310960205540835,3.54302377487814,"KLC4_HUMAN",45,-13.2373854300013,1.60652857878757e-06,7.92521100224464e-05,-0.235054495,"Non-significant",4.1009891662218,"KLC4","KLC4_HUMAN"
1.33696389,13.2708598375,13.31596545874,2.5569003336221e-06,0.000146613013007488,5.02490110000748,"PXMP2_HUMAN",8,13.2359589860149,1.6077958018553e-06,7.92521100224464e-05,1.33696389,"Up in D1CM",4.1009891662218,"PXMP2","PXMP2_HUMAN"
0.523952722499999,11.44329774375,12.3602444022756,4.27647485348228e-06,0.000197357634904363,4.45248474487432,"RRP12_HUMAN",49,13.2112221249518,1.62995158170481e-06,7.98771039662201e-05,0.523952722499999,"Up in D1CM",4.09757768934828,"RRP12","RRP12_HUMAN"
-4.22361195175,8.426065624125,-12.7849733865957,3.38775594695158e-06,0.00017464208926765,4.71189273108626,"CEMIP_HUMAN",54,-13.1680876977866,1.66941301328507e-06,8.13380479131782e-05,-4.22361195175,"Up in D1BM",4.08970625473335,"CEMIP","CEMIP_HUMAN"
0.527241706750001,9.514673709875,12.2180780844555,4.63092326561264e-06,0.000203511818363311,4.36377015316982,"INT1_HUMAN",70,13.1069270151874,1.72722399866383e-06,8.32579419533985e-05,0.527241706750001,"Up in D1CM",4.07957432860813,"INTS1","INT1_HUMAN"
0.266146425000002,14.6325844525,11.3439819499902,7.70467861505479e-06,0.000271207045642801,3.79610480822788,"STAT1_HUMAN",39,13.1055277454021,1.72857276567146e-06,8.32579419533985e-05,0.266146425000002,"Non-significant",4.07957432860813,"STAT1","STAT1_HUMAN"
0.636168957000001,8.4587967395,12.6391655349441,3.66682543188033e-06,0.000180278410465213,4.62377209188333,"AP5Z1_HUMAN",22,13.087860219824,1.74570508652144e-06,8.35945629596742e-05,0.636168957000001,"Up in D1CM",4.07782196841504,"AP5Z1","AP5Z1_HUMAN"
0.2271986025,12.26155114125,10.838648100359,1.051312605853e-05,0.000321059935913579,3.44918436642062,"MFN1_HUMAN",42,13.0779522594669,1.75539656470072e-06,8.35945629596742e-05,0.2271986025,"Non-significant",4.07782196841504,"MFN1","MFN1_HUMAN"
0.5483889575,10.55365824625,12.4008118019481,4.18104736945766e-06,0.000195789157095325,4.47762319579003,"SUN1_HUMAN",30,13.0506003868294,1.78246690590932e-06,8.39483494493284e-05,0.5483889575,"Up in D1CM",4.07598783832398,"SUN1","SUN1_HUMAN"
-0.546308997500002,10.53086853125,-12.3567605999326,4.28478433829618e-06,0.000197357634904363,4.45032230385527,"CDHR2_HUMAN",33,-13.0459573727693,1.78710865687971e-06,8.39483494493284e-05,-0.546308997500002,"Up in D1BM",4.07598783832398,"CDHR2","CDHR2_HUMAN"
0.2432906625,11.64900314875,12.5568915547494,3.83575259076462e-06,0.000182664172811045,4.57362212965733,"NOB1_HUMAN",20,13.0403784255152,1.79270410498032e-06,8.39483494493284e-05,0.2432906625,"Non-significant",4.07598783832398,"NOB1","NOB1_HUMAN"
0.609850885,11.616235255,12.6747259820195,3.59643514962623e-06,0.00018016540936531,4.64535213852287,"FADS1_HUMAN",18,12.9772261565864,1.8574384295421e-06,8.64991631083446e-05,0.609850885,"Up in D1CM",4.06298809437549,"FADS1","FADS1_HUMAN"
0.32633543,9.657336235,12.1000891603936,4.95051070631027e-06,0.000207601267380544,4.28940211382972,"MTSS1_HUMAN",25,12.9632678999917,1.87209912125426e-06,8.65346591245623e-05,0.32633543,"Non-significant",4.06280991274614,"MTSS1","MTSS1_HUMAN"
0.454821110000001,9.31614899625,12.1978611721078,4.68398300658231e-06,0.000203511818363311,4.35107554763238,"INT7_HUMAN",30,12.9569920304409,1.87873325658974e-06,8.65346591245623e-05,0.454821110000001,"Non-significant",4.06280991274614,"INTS7","INT7_HUMAN"
-1.20233953025,8.408174097625,-13.5435374262518,2.27365243681226e-06,0.000136890117070647,5.15540116375993,"FUT6_HUMAN",6,-12.9010659816653,1.93903557114436e-06,8.88267979846511e-05,-1.20233953025,"Up in D1BM",4.05145599299248,"FUT6","FUT6_HUMAN"
-0.138471127500004,13.14416980625,-8.42136877462096,5.70574442828716e-05,0.000874421172328665,1.55903481409872,"KINH_HUMAN",70,-12.8695403090911,1.97398722784486e-06,8.99391261811043e-05,-0.138471127500004,"Non-significant",4.04605133620957,"KIF5B","KINH_HUMAN"
-3.7633894675,8.82095867375,-12.493965440115,3.97091903462528e-06,0.000188038632263239,4.53505510661132,"MK_HUMAN",6,-12.767698923061,2.09183785680317e-06,9.47962435214726e-05,-3.7633894675,"Up in D1BM",4.02320887205243,"MDK","MK_HUMAN"
0.324290275000001,10.4458556175,11.42529364091,7.33745239944744e-06,0.000262065196080265,3.85059531717293,"URGCP_HUMAN",42,12.7445965339279,2.11966185854274e-06,9.55434748965603e-05,0.324290275000001,"Non-significant",4.01979896756431,"URGCP","URGCP_HUMAN"
0.144483805,10.76976979,8.61778233651038,4.90067713293557e-05,0.000794380914490653,1.72902251194327,"TRIPC_HUMAN",64,12.710900728965,2.16099474366404e-06,9.68884292252351e-05,0.144483805,"Non-significant",4.01372808490671,"TRIP12","TRIPC_HUMAN"
0.443839314999998,10.9069989925,11.7019267404852,6.22875617153666e-06,0.000244196212883175,4.03332893005104,"TUT7_HUMAN",61,12.688042859821,2.18954989564009e-06,9.7246270242844e-05,0.443839314999998,"Non-significant",4.01212704649597,"TUT7","TUT7_HUMAN"
0.2843406225,10.71686422625,11.2095506515432,8.35840463166211e-06,0.00028491540923143,3.70522167729721,"IFIH1_HUMAN",38,12.6860573937863,2.19205022495437e-06,9.7246270242844e-05,0.2843406225,"Non-significant",4.01212704649597,"IFIH1","IFIH1_HUMAN"
0.362086297499999,13.21876931125,11.485172866499,7.0796840339423e-06,0.000258299695769078,3.89049435872517,"VILI_HUMAN",48,12.6739048139491,2.20742441216991e-06,9.74156040323571e-05,0.362086297499999,"Non-significant",4.01137147225517,"VIL1","VILI_HUMAN"
-0.290061710000003,12.5404137375,-11.4740472277344,7.12679166527676e-06,0.000258299695769078,3.8830956416585,"APOA4_HUMAN",29,-12.6283904331874,2.26609314078888e-06,9.881450231793e-05,-0.290061710000003,"Non-significant",4.00517931235112,"APOA4","APOA4_HUMAN"
0.709305285000003,15.7648956775,12.164262208914,4.77369572780452e-06,0.000205293271886042,4.32993426010725,"RL6_HUMAN",25,12.625230324627,2.27023130618392e-06,9.881450231793e-05,0.709305285000003,"Up in D1CM",4.00517931235112,"RPL6","RL6_HUMAN"
-2.54465818375,7.586583852875,-12.8363799184078,3.29517183379279e-06,0.00017464208926765,4.74273316971223,"CATL2_HUMAN",3,-12.6186796377428,2.27883656732033e-06,9.881450231793e-05,-2.54465818375,"Up in D1BM",4.00517931235112,"CTSV","CATL2_HUMAN"
0.398037672500001,15.62814915125,11.5878706000215,6.66111191793296e-06,0.000251778082315053,3.95847818410689,"CP2A6_HUMAN",45,12.6132357110083,2.28601589180168e-06,9.881450231793e-05,0.398037672500001,"Non-significant",4.00517931235112,"CYP2A6","CP2A6_HUMAN"
0.280558825,11.3936032075,10.910947138205,1.00479420315392e-05,0.000313960282932687,3.49971497035843,"GAK_HUMAN",54,12.6024384037785,2.30033060703645e-06,9.89259524832153e-05,0.280558825,"Non-significant",4.00468975954853,"GAK","GAK_HUMAN"
0.454499957500001,10.64712035625,12.3167605289284,4.38151484703638e-06,0.000199631289976593,4.42545245668059,"D19L1_HUMAN",18,12.5642856268683,2.35172675727668e-06,9.97591227046458e-05,0.454499957500001,"Non-significant",4.00104737875773,"DPY19L1","D19L1_HUMAN"
-1.95550990125,7.784933924625,-12.2809481898492,4.47022289293197e-06,0.000201494699275527,4.40312162997318,"NRP2_HUMAN",11,-12.5635595424901,2.35271733513742e-06,9.97591227046458e-05,-1.95550990125,"Up in D1BM",4.00104737875773,"NRP2","NRP2_HUMAN"
0.272968052500001,11.33571207375,11.4383453470135,7.28037364204281e-06,0.000261133061399059,3.8593084523376,"NUB1_HUMAN",27,12.5617339356395,2.35521003893991e-06,9.97591227046458e-05,0.272968052500001,"Non-significant",4.00104737875773,"NUB1","NUB1_HUMAN"
0.130666732500002,12.81086254125,7.91448552053196,8.56872686884077e-05,0.00110606123702081,1.10469240292095,"ZO1_HUMAN",99,12.5341738668801,2.39320447325132e-06,0.000100861602525177,0.130666732500002,"Non-significant",3.99627413589617,"TJP1","ZO1_HUMAN"
0.267377374999999,12.8336634625,10.7907257901881,1.08348950524779e-05,0.000321059935913579,3.41552149263175,"PKHA7_HUMAN",49,12.5159379048122,2.41872395904158e-06,0.000101429971396823,0.267377374999999,"Non-significant",3.99383369698527,"PLEKHA7","PKHA7_HUMAN"
0.195557595,13.3670504075,9.73599420992866,2.17247287362897e-05,0.000476829299578101,2.63830947647673,"SRRM2_HUMAN",61,12.4515355024221,2.51133184164327e-06,0.000104622103775605,0.195557595,"Non-significant",3.98037655128478,"SRRM2","SRRM2_HUMAN"
0.273471112499996,13.13527596125,10.7635503341645,1.10223069784827e-05,0.000323273968208274,3.39637171930995,"AT131_HUMAN",52,12.4458694226599,2.51966865185048e-06,0.000104622103775605,0.273471112499996,"Non-significant",3.98037655128478,"ATP13A1","AT131_HUMAN"
0.8016176225,15.74835157375,12.0019444087001,5.23547528962651e-06,0.000216322653020892,4.22702145128025,"NB5R3_HUMAN",25,12.4320636810545,2.54011255488293e-06,0.000104953964338766,0.8016176225,"Up in D1CM",3.97900115252766,"CYB5R3","NB5R3_HUMAN"
0.196719407500003,12.31234109375,9.95309249385757,1.87273796683679e-05,0.00043660662213227,2.80422592180997,"PARP9_HUMAN",44,12.3808489053593,2.61760087547643e-06,0.000107031977162903,0.196719407500003,"Non-significant",3.97048645193484,"PARP9","PARP9_HUMAN"
0.972594737500001,14.92264604625,12.0665232612434,5.04594363623918e-06,0.000210555737177525,4.26812122327241,"RL7_HUMAN",17,12.3780875494777,2.62185382726049e-06,0.000107031977162903,0.972594737500001,"Up in D1CM",3.97048645193484,"RPL7","RL7_HUMAN"
-0.182400225000002,11.9534428125,-10.0846344066646,1.71399260579791e-05,0.000416347079950162,2.90320335022643,"PLSL_HUMAN",33,-12.3684575042362,2.63674670089359e-06,0.000107031977162903,-0.182400225000002,"Non-significant",3.97048645193484,"LCP1","PLSL_HUMAN"
-0.372739789999997,10.983834745,-14.6327422358281,1.3282013622291e-06,9.75661732486351e-05,5.75196933596044,"PMGE_HUMAN",11,-12.3655915933716,2.64119720606049e-06,0.000107031977162903,-0.372739789999997,"Non-significant",3.97048645193484,"BPGM","PMGE_HUMAN"
1.306275487,6.91360241175,12.3898210935201,4.20666043724997e-06,0.000195900225555691,4.47082024494733,"EFC14_HUMAN",8,12.3542473683038,2.65889696141449e-06,0.00010720230974071,1.306275487,"Up in D1CM",3.96979585739662,"EFCAB14","EFC14_HUMAN"
-0.707888603500002,9.0703697205,-13.0705458303534,2.90816915979626e-06,0.000162337469191541,4.8817435253107,"SDCB2_HUMAN",9,-12.3466426079898,2.67083699674329e-06,0.00010720230974071,-0.707888603500002,"Up in D1BM",3.96979585739662,"SDCBP2","SDCB2_HUMAN"
-1.61194217175,8.560429155875,-12.0303252403716,5.15120431457272e-06,0.000213889168312973,4.24510925937329,"KCRB_HUMAN",12,-12.3015568181161,2.74287698797844e-06,0.000109572085932086,-1.61194217175,"Up in D1BM",3.96030007057538,"CKB","KCRB_HUMAN"
-0.124318122499998,15.67061710375,-7.80311697915906,9.39640242313494e-05,0.00116645472790286,1.00170447597175,"COPB2_HUMAN",66,-12.2923915700334,2.75778767317228e-06,0.000109648076873439,-0.124318122499998,"Non-significant",3.95999898104599,"COPB2","COPB2_HUMAN"
-0.183682439999998,16.4874849325,-9.21081747473471,3.14976037399787e-05,0.000614567828528427,2.22312143738227,"CLH1_HUMAN",119,-12.2791580001844,2.77947826146004e-06,0.000109991653830266,-0.183682439999998,"Non-significant",3.95864026786885,"CLTC","CLH1_HUMAN"
0.615569592250001,10.120254993875,11.9365983637802,5.43551370298043e-06,0.000221333067644551,4.18522208777382,"PA24C_HUMAN",19,12.2683195640003,2.79738619899324e-06,0.000110183029305206,0.615569592250001,"Up in D1CM",3.95788529157016,"PLA2G4C","PA24C_HUMAN"
0.848086357499998,10.89975070875,11.8823456346119,5.60818935208374e-06,0.000225872625461449,4.15035579088836,"GRAM4_HUMAN",20,12.2387189158012,2.84695959814334e-06,0.000111521215003078,0.848086357499998,"Up in D1CM",3.95264250766198,"GRAMD4","GRAM4_HUMAN"
0.295219659999997,11.1399844875,11.1427557348652,8.70642835436621e-06,0.000290275619926321,3.65969109968738,"DDX20_HUMAN",30,12.2323103225042,2.85782209522657e-06,0.000111521215003078,0.295219659999997,"Non-significant",3.95264250766198,"DDX20","DDX20_HUMAN"
0.236040114999996,11.6827342525,10.1986060355968,1.58867740105872e-05,0.00039842490254275,2.98803521812748,"PLPL6_HUMAN",59,12.2232862022867,2.87319707249039e-06,0.00011160450748397,0.236040114999996,"Non-significant",3.95231826475432,"PNPLA6","PLPL6_HUMAN"
0.27356648,11.7423847925,10.4001075049704,1.39164995840763e-05,0.000365427336430464,3.13596414632704,"DYSF_HUMAN",102,12.1868457590592,2.93623728895104e-06,0.000113530018846644,0.27356648,"Non-significant",3.94488929005044,"DYSF","DYSF_HUMAN"
0.59359216775,10.369752168625,11.680035370509,6.30921353543672e-06,0.000246205374491649,4.01901517691313,"MAGD2_HUMAN",25,12.1548611196148,2.99285427597446e-06,0.000113854136650021,0.59359216775,"Up in D1CM",3.94365118558779,"MAGED2","MAGD2_HUMAN"
0.341274502499999,11.89470231375,11.2180357773215,8.31533283083755e-06,0.00028491540923143,3.71098768414059,"P4K2A_HUMAN",31,12.1466859779323,3.00752182573949e-06,0.000113854136650021,0.341274502499999,"Non-significant",3.94365118558779,"PI4K2A","P4K2A_HUMAN"
0.471817727500003,10.84649717875,11.7741797280598,5.97133990430398e-06,0.000236302460344499,4.08039561000935,"RT05_HUMAN",20,12.1444529829934,3.01154224253333e-06,0.000113854136650021,0.471817727500003,"Non-significant",3.94365118558779,"MRPS5","RT05_HUMAN"
-0.307516812499994,11.87187421375,-11.6349137528186,6.47879163218427e-06,0.000247955117658528,3.98943339571995,"HSP76_HUMAN",21,-12.1442359024776,3.01193340971831e-06,0.000113854136650021,-0.307516812499994,"Non-significant",3.94365118558779,"HSPA6","HSP76_HUMAN"
0.345379115,11.9174774875,10.8633590646752,1.03514429642997e-05,0.000321059935913579,3.46648959431789,"HEAT1_HUMAN",85,12.1441117602716,3.01215713286922e-06,0.000113854136650021,0.345379115,"Non-significant",3.94365118558779,"HEATR1","HEAT1_HUMAN"
0.217764137500001,12.33894884625,9.96512346859484,1.8575483395577e-05,0.00043660662213227,2.81332661844364,"TENS3_HUMAN",54,12.1303345546348,3.03710237826767e-06,0.000114284535475081,0.217764137500001,"Non-significant",3.94201253261626,"TNS3","TENS3_HUMAN"
0.369616745000002,15.7064157725,11.1287213738706,8.78162096111185e-06,0.000290275619926321,3.65009276430361,"ABCD3_HUMAN",41,12.119934907628,3.05608619366805e-06,0.000114487780117458,0.369616745000002,"Non-significant",3.94124086538323,"ABCD3","ABCD3_HUMAN"
0.369642972500001,11.29723012375,10.9095256717759,1.00568604095178e-05,0.000313960282932687,3.49872443719129,"TRRAP_HUMAN",115,12.1051840180352,3.0832423957858e-06,0.000114994027230436,0.369642972500001,"Non-significant",3.93932471623966,"TRRAP","TRRAP_HUMAN"
0.395862102500001,12.10202002625,11.9775155398228,5.30926447430699e-06,0.000218301415872847,4.21142022264523,"RM19_HUMAN",17,12.0853113115355,3.12025826636118e-06,0.000115372755403836,0.395862102500001,"Non-significant",3.93789673515529,"MRPL19","RM19_HUMAN"
0.297178744999997,9.414871931,11.8011436437841,5.87838092807679e-06,0.000234828781245305,4.09789140521732,"FAAH1_HUMAN",19,12.0718441581085,3.14562714074799e-06,0.000115372755403836,0.297178744999997,"Non-significant",3.93789673515529,"FAAH","FAAH1_HUMAN"
0.72136568825,10.387561678375,12.1144748819815,4.91023745582396e-06,0.000206941957575701,4.29850575717924,"FBX7_HUMAN",12,12.0698936056492,3.14932072273342e-06,0.000115372755403836,0.72136568825,"Up in D1CM",3.93789673515529,"FBXO7","FBX7_HUMAN"
0.353579997499999,16.82136177875,11.2989216592135,7.91712329662105e-06,0.000274623178054398,3.76575255710988,"UDB10_HUMAN",27,12.0643658307411,3.15981470834241e-06,0.000115372755403836,0.353579997499999,"Non-significant",3.93789673515529,"UGT2B10","UDB10_HUMAN"
0.632963180000004,11.0266695025,11.4637436593601,7.17073541463568e-06,0.000258299695769078,3.87623769085008,"PLIN4_HUMAN",50,12.0633040456159,3.16183491497048e-06,0.000115372755403836,0.632963180000004,"Up in D1CM",3.93789673515529,"PLIN4","PLIN4_HUMAN"
0.382868054999999,11.441509605,11.5505037344761,6.81007825877345e-06,0.000253006621994696,3.93380693358018,"FHL2_HUMAN",21,11.994524742883,3.29584853376606e-06,0.00011974442797894,0.382868054999999,"Non-significant",3.92174468630004,"FHL2","FHL2_HUMAN"
0.474225998249999,9.688402891125,12.1994307779612,4.67983895754386e-06,0.000203511818363311,4.35206184291578,"IRF9_HUMAN",13,11.872469378582,3.54970805500098e-06,0.000128414116719327,0.474225998249999,"Non-significant",3.89138723112456,"IRF9","IRF9_HUMAN"
0.298750159999999,12.8617686025,10.8219173085951,1.06242179602705e-05,0.000321059935913579,3.43744729077883,"RFTN1_HUMAN",31,11.8539873556607,3.59003386326864e-06,0.000129292990495817,0.298750159999999,"Non-significant",3.88842501936945,"RFTN1","RFTN1_HUMAN"
0.292896986000002,9.832633853,10.5287501638783,1.28036317529594e-05,0.000347015472815738,3.22906381961827,"SRCN1_HUMAN",46,11.847332263991,3.60468059870887e-06,0.000129292990495817,0.292896986000002,"Non-significant",3.88842501936945,"SRCIN1","SRCN1_HUMAN"
-3.4224010685,8.50075238825,-11.4683862131061,7.15089748133769e-06,0.000258299695769078,3.87932843320173,"OLFL3_HUMAN",11,-11.7839369585493,3.74762524923647e-06,0.000133786457426136,-3.4224010685,"Up in D1BM",3.87358784593117,"OLFML3","OLFL3_HUMAN"
0.366001367750002,9.440919518375,11.5767364204676,6.70510967675462e-06,0.000252309685113235,3.95113463458716,"TRI14_HUMAN",18,11.7713891621184,3.77666821254409e-06,0.000133786457426136,0.366001367750002,"Non-significant",3.87358784593117,"TRIM14","TRI14_HUMAN"
0.754948382499999,10.49976646875,13.6994597264294,2.10013668052318e-06,0.000130817235016447,5.24359934838949,"SC22A_HUMAN",6,11.7709992841636,3.77757466691427e-06,0.000133786457426136,0.754948382499999,"Up in D1CM",3.87358784593117,"SEC22A","SC22A_HUMAN"
-0.238048555000001,13.64154768,-9.72784434742647,2.18473770616573e-05,0.000476829299578101,2.632017649533,"LRP1_HUMAN",202,-11.7493956877827,3.82818707284469e-06,0.000135011668774091,-0.238048555000001,"Non-significant",3.86962869472575,"LRP1","LRP1_HUMAN"
0.885848641500001,8.455292642,11.4171176626908,7.37346640172333e-06,0.000262240288186185,3.84513246164806,"CWC22_HUMAN",18,11.7278310665882,3.87947037180862e-06,0.000136250232349895,0.885848641500001,"Up in D1CM",3.86566274844074,"CWC22","CWC22_HUMAN"
0.212663169999999,11.34205532,9.96734394427191,1.85476014552021e-05,0.00043660662213227,2.81500520725925,"M3K20_HUMAN",36,11.7140591907004,3.91262589601585e-06,0.00013684449658721,0.212663169999999,"Non-significant",3.86377266372603,"MAP3K20","M3K20_HUMAN"
-0.440986392500003,11.88598549625,-11.3259706555791,7.78881179456267e-06,0.000272414500482858,3.78398590262896,"SIL1_HUMAN",20,-11.6835782335097,3.98714803985434e-06,0.000138874672842695,-0.440986392500003,"Non-significant",3.8573769511494,"SIL1","SIL1_HUMAN"
-0.254294395000004,11.5347888475,-9.9512369895375,1.87509309778007e-05,0.00043660662213227,2.8028214781832,"ROCK2_HUMAN",70,-11.6443084881322,4.08552273921082e-06,0.000140628061143927,-0.254294395000004,"Non-significant",3.85192801086672,"ROCK2","ROCK2_HUMAN"
1.10110283,9.5581381325,11.9390081862287,5.42798464973866e-06,0.000221333067644551,4.18676735658673,"RM20_HUMAN",7,11.6424454567521,4.09025722188795e-06,0.000140628061143927,1.10110283,"Up in D1CM",3.85192801086672,"MRPL20","RM20_HUMAN"
0.360844254250001,7.874273836625,10.8456864088689,1.04667853116124e-05,0.000321059935913579,3.4541169903784,"MED12_HUMAN",31,11.6422667859037,4.09071159866057e-06,0.000140628061143927,0.360844254250001,"Non-significant",3.85192801086672,"MED12","MED12_HUMAN"
0.262238980000001,10.448410035,9.99993495731161,1.81437608612168e-05,0.000433240114162031,2.8396045821704,"MICA3_HUMAN",74,11.6369636456262,4.10422387488504e-06,0.000140628061143927,0.262238980000001,"Non-significant",3.85192801086672,"MICAL3","MICA3_HUMAN"
0.353983402249998,8.838618993875,10.641935042907,1.19072254432866e-05,0.000334553344204876,3.31013148757943,"SYNE3_HUMAN",45,11.6293404009211,4.12373578557577e-06,0.000140724570593596,0.353983402249998,"Non-significant",3.85163006787022,"SYNE3","SYNE3_HUMAN"
0.198182585000001,13.15557289,9.111145655147,3.38680385571365e-05,0.000635832505258363,2.14201459520526,"RN213_HUMAN",221,11.5966505612716,4.20859808475039e-06,0.000143041424420811,0.198182585000001,"Non-significant",3.84453817377874,"RNF213","RN213_HUMAN"
0.235614059999996,11.1564344175,9.73625802282398,2.1720771604931e-05,0.000476829299578101,2.63851306689415,"K1671_HUMAN",68,11.5750110819969,4.26585422719179e-06,0.000144405161771083,0.235614059999996,"Non-significant",3.84041728260688,"KIAA1671","K1671_HUMAN"
0.92685771,13.9574981925,13.1270590261588,2.82267051037989e-06,0.000158615264879947,4.91493553452023,"TMCO1_HUMAN",5,11.5581172677421,4.31116315085353e-06,0.000145355176794178,0.92685771,"Up in D1CM",3.8375694963111,"TMCO1","TMCO1_HUMAN"
-0.21785116,10.71287632,-10.0914678098388,1.70617159048764e-05,0.000415751273775653,2.90831364727949,"CO6_HUMAN",31,-11.5504874043224,4.3318035892766e-06,0.000145469212964193,-0.21785116,"Non-significant",3.83722891083301,"C6","CO6_HUMAN"
0.46110916125,9.342406034625,10.9282094714284,9.94034847503794e-06,0.000312638795880951,3.51173464871496,"TEX2_HUMAN",30,11.5265805305152,4.39720025372126e-06,0.000146301428931145,0.46110916125,"Non-significant",3.83475143208466,"TEX2","TEX2_HUMAN"
0.203418017499999,12.50238096625,10.1067996713539,1.68877027264122e-05,0.000413797808956188,2.91976823114766,"RTKN_HUMAN",28,11.5231318919292,4.40672526326244e-06,0.000146301428931145,0.203418017499999,"Non-significant",3.83475143208466,"RTKN","RTKN_HUMAN"
0.6535172465,8.71420454975,11.1295013728557,8.77742267455046e-06,0.000290275619926321,3.65062651013073,"T131L_HUMAN",23,11.5224338033919,4.40865618086498e-06,0.000146301428931145,0.6535172465,"Up in D1CM",3.83475143208466,"TMEM131L","T131L_HUMAN"
-0.201179742499999,10.77259504875,-10.6900901988792,1.15475513945569e-05,0.000329576456629221,3.34438579915637,"PPBT_HUMAN",22,-11.503828748755,4.46047026041254e-06,0.000147440407156931,-0.201179742499999,"Non-significant",3.83138347848239,"ALPL","PPBT_HUMAN"
0.170192242499997,11.92027473375,8.64497594602551,4.79966284451526e-05,0.000789561129818613,1.75230100809186,"SKT_HUMAN",87,11.4734062324978,4.5466779787076e-06,0.000149702924541119,0.170192242499997,"Non-significant",3.82476971535726,"KIAA1217","SKT_HUMAN"
0.1603212375,14.25452590125,8.8182286145439,4.20863274400054e-05,0.000735986834007895,1.89917721121511,"STAT3_HUMAN",44,11.4593718735237,4.58707740125134e-06,0.000150445429630924,0.1603212375,"Non-significant",3.82262100111911,"STAT3","STAT3_HUMAN"
0.25611400499999,17.3059248925,12.8237717606222,3.31761089202295e-06,0.00017464208926765,4.73518002455708,"FRIL_HUMAN",14,11.4336543663482,4.66216033999685e-06,0.000152315308162145,0.25611400499999,"Non-significant",3.81725644652442,"FTL","FRIL_HUMAN"
0.481409075000002,10.3086714725,10.7580259507174,1.10608523367697e-05,0.000323273968208274,3.39247346957734,"CEBPZ_HUMAN",38,11.3942774311431,4.77981627645386e-06,0.000155329066573855,0.481409075000002,"Non-significant",3.80874726757181,"CEBPZ","CEBPZ_HUMAN"
0.773152114999997,16.0838218925,11.2196131961475,8.30735334751446e-06,0.00028491540923143,3.71205916581293,"RS5_HUMAN",14,11.3905047050648,4.79126317584555e-06,0.000155329066573855,0.773152114999997,"Up in D1CM",3.80874726757181,"RPS5","RS5_HUMAN"
0.443279029250002,9.938531280375,10.8069912499639,1.07244490218338e-05,0.000321059935913579,3.42696233468074,"MTO1_HUMAN",27,11.3599884283401,4.88499495941953e-06,0.000157761005796733,0.443279029250002,"Non-significant",3.80200033357313,"MTO1","MTO1_HUMAN"
0.394089222499998,14.61347317625,10.4377303143236,1.35800951983859e-05,0.000359957932160989,3.16329888667681,"IF4G1_HUMAN",71,11.3500638126746,4.91592185384424e-06,0.000158153837046004,0.394089222499998,"Non-significant",3.80092026699397,"EIF4G1","IF4G1_HUMAN"
0.334832668499999,9.71357488625,10.2500203883614,1.53556296110959e-05,0.000386400585989678,3.02602737096819,"ELYS_HUMAN",60,11.3274779901949,4.98712760731101e-06,0.00015983459544496,0.334832668499999,"Non-significant",3.79632921385354,"AHCTF1","ELYS_HUMAN"
-0.169228079999998,14.6578323825,-8.72889648112786,4.50243319679086e-05,0.000770133431945293,1.82375270722958,"PYGB_HUMAN",55,-11.2722155777182,5.16629529401702e-06,0.000164827287286325,-0.169228079999998,"Non-significant",3.78297088889573,"PYGB","PYGB_HUMAN"
0.223263265,14.5128686425,9.89524123756109,1.94776682336533e-05,0.000451036443795229,2.76032838326881,"ACSM3_HUMAN",32,11.2674692010037,5.18201816714631e-06,0.000164827287286325,0.223263265,"Non-significant",3.78297088889573,"ACSM3","ACSM3_HUMAN"
0.550114867499998,11.09387767125,10.798951398784,1.07788812875055e-05,0.000321059935913579,3.42130920179404,"PRPF3_HUMAN",26,11.2528074243171,5.23092774548445e-06,0.000165757481077776,0.550114867499998,"Up in D1CM",3.78052686161111,"PRPF3","PRPF3_HUMAN"
-2.33147668825,7.854890823375,-11.1134628797918,8.86420771881557e-06,0.00029072531852878,3.63964461513454,"CD109_HUMAN",5,-11.2089405514901,5.38038960023919e-06,0.000169855070937888,-2.33147668825,"Up in D1BM",3.76992148295663,"CD109","CD109_HUMAN"
0.937004567749998,9.637933493625,13.4749978859433,2.35503005368992e-06,0.000140784030656399,5.11632104716708,"SFT2C_HUMAN",4,11.2013395959635,5.40677248320829e-06,0.000170051064406577,0.937004567749998,"Up in D1CM",3.76942064532811,"SFT2D3","SFT2C_HUMAN"
0.407029627500002,11.64205050375,10.5321012820031,1.27760185325611e-05,0.000347015472815738,3.23147531661537,"SPB1_HUMAN",32,11.1954160948699,5.42743381060723e-06,0.000170066318176983,0.407029627500002,"Non-significant",3.76938169037515,"FTSJ3","SPB1_HUMAN"
0.498749255000003,11.8975589275,10.7402113423527,1.11861935833018e-05,0.000324015208637975,3.37989029407515,"TAP1_HUMAN",24,11.180973532988,5.4781830251109e-06,0.000170815223090153,0.498749255000003,"Non-significant",3.76747342750274,"TAP1","TAP1_HUMAN"
2.651432872,7.6343999505,11.2047574128006,8.38284748954736e-06,0.00028491540923143,3.70196269215377,"REEP4_HUMAN",3,11.1619978039353,5.54567425546565e-06,0.000170815223090153,2.651432872,"Up in D1CM",3.76747342750274,"REEP4","REEP4_HUMAN"
-2.352891922,7.452176094,-10.9516864226364,9.7961068972619e-06,0.000311910238277786,3.52805375444564,"FBLN3_HUMAN",7,-11.1560817311935,5.56690684867303e-06,0.000170815223090153,-2.352891922,"Up in D1BM",3.76747342750274,"EFEMP1","FBLN3_HUMAN"
-3.25157368125,8.632344424375,-10.9434900003966,9.84619449366338e-06,0.000311910238277786,3.52235995671671,"COL10_HUMAN",5,-11.1495534953508,5.59044263427031e-06,0.000170815223090153,-3.25157368125,"Up in D1BM",3.76747342750274,"COLEC10","COL10_HUMAN"
0.42317271075,10.018387674625,10.805153442515,1.07368640581627e-05,0.000321059935913579,3.42567043797018,"INT5_HUMAN",20,11.1460333150147,5.60318011174782e-06,0.000170815223090153,0.42317271075,"Non-significant",3.76747342750274,"INTS5","INT5_HUMAN"
-0.159220935,11.9072476625,-8.62232036490007,4.88365460841589e-05,0.000794380914490653,1.73291148010876,"CUL2_HUMAN",45,-11.1455425291628,5.60495856994846e-06,0.000170815223090153,-0.159220935,"Non-significant",3.76747342750274,"CUL2","CUL2_HUMAN"
0.255220890000002,13.0008077625,9.64332816084528,2.3166485265636e-05,0.000493106829050621,2.5664951703587,"DSRAD_HUMAN",65,11.1450369762006,5.6067912033678e-06,0.000170815223090153,0.255220890000002,"Non-significant",3.76747342750274,"ADAR","DSRAD_HUMAN"
0.603741405000005,15.401149155,10.9960181053928,9.53014905499762e-06,0.000307776346301053,3.55878228138591,"RL13A_HUMAN",15,11.1414310205274,5.61988238068794e-06,0.000170815223090153,0.603741405000005,"Up in D1CM",3.76747342750274,"RPL13A","RL13A_HUMAN"
1.25443339475,9.413225293875,11.1176092081009,8.84167898199745e-06,0.00029072531852878,3.64248508634426,"PEX10_HUMAN",8,11.1292541114039,5.66434449013799e-06,0.000170815223090153,1.25443339475,"Up in D1CM",3.76747342750274,"PEX10","PEX10_HUMAN"
0.271077157499999,12.72819542875,10.6498126599028,1.1847529164988e-05,0.00033398937569125,3.31574468525329,"APOL3_HUMAN",21,11.1283263253208,5.66774834190062e-06,0.000170815223090153,0.271077157499999,"Non-significant",3.76747342750274,"APOL3","APOL3_HUMAN"
0.546926021500003,10.36782288675,10.7956564861396,1.08012791449942e-05,0.000321059935913579,3.41899131426758,"UBP39_HUMAN",20,11.1265556143523,5.6742510932783e-06,0.000170815223090153,0.546926021500003,"Up in D1CM",3.76747342750274,"USP39","UBP39_HUMAN"
0.488545417500005,11.03548121375,10.7223653407543,1.13133699655077e-05,0.000325462100475305,3.36726592757411,"WFS1_HUMAN",22,11.1177665368793,5.70665248155262e-06,0.000171179266074758,0.488545417500005,"Non-significant",3.76654883997801,"WFS1","WFS1_HUMAN"
0.876266239000003,9.694145798,11.658089073989,6.39105671873488e-06,0.000247111087533102,4.00464045109822,"UBD_HUMAN",7,11.0849896193614,5.82933415826141e-06,0.000173641471646974,0.876266239000003,"Up in D1CM",3.76034654208321,"UBD","UBD_HUMAN"
0.256141185000001,11.786492585,12.2979490476331,4.42785999543794e-06,0.00020065823602982,4.413730174648,"OAS1_HUMAN",14,11.0767529414933,5.86062784719781e-06,0.000173641471646974,0.256141185000001,"Non-significant",3.76034654208321,"OAS1","OAS1_HUMAN"
0.448319911749998,9.586330175125,11.1966512575322,8.42436880910832e-06,0.000285176725670578,3.69644829481203,"KRI1_HUMAN",14,11.0755771791979,5.86511031933901e-06,0.000173641471646974,0.448319911749998,"Non-significant",3.76034654208321,"KRI1","KRI1_HUMAN"
0.272460459999998,10.7330563075,9.69323527989493,2.23770049213804e-05,0.000481162690005906,2.60524713334784,"CLAP1_HUMAN",72,11.0739977836254,5.87113766987632e-06,0.000173641471646974,0.272460459999998,"Non-significant",3.76034654208321,"CLASP1","CLAP1_HUMAN"
0.512270927499998,10.98937034625,11.5685001313874,6.73786802390354e-06,0.00025241550921548,3.94569817245765,"PTSS1_HUMAN",11,11.0558610609622,5.94085322570834e-06,0.000175088992445789,0.512270927499998,"Up in D1CM",3.75674115643124,"PTDSS1","PTSS1_HUMAN"
0.276659965250001,8.930202722625,9.95800841335527,1.86651450175639e-05,0.00043660662213227,2.80794569225321,"LMTK2_HUMAN",35,11.0122754079905,6.11222992351198e-06,0.000179512146429556,0.276659965250001,"Non-significant",3.74590616018394,"LMTK2","LMTK2_HUMAN"
0.450099470000003,11.66412282,10.5105841625119,1.29544999623661e-05,0.000348860959050429,3.21597932177062,"GNL3_HUMAN",25,10.987642015885,6.2115416992709e-06,0.000181720567142394,0.450099470000003,"Non-significant",3.74059591644013,"GNL3","GNL3_HUMAN"
0.385900495500005,10.20795607475,10.3401107220379,1.44726504651462e-05,0.000375353756217593,3.09218919527472,"RHPN2_HUMAN",30,10.9829794765614,6.23054263900246e-06,0.000181720567142394,0.385900495500005,"Non-significant",3.74059591644013,"RHPN2","RHPN2_HUMAN"
0.355908397500002,10.96453809875,11.1320363093349,8.76379425439365e-06,0.000290275619926321,3.65236090587363,"TIM29_HUMAN",15,10.9528048334654,6.35510293935679e-06,0.000184714354054615,0.355908397500002,"Non-significant",3.73349935445424,"TIMM29","TIM29_HUMAN"
0.604279754999999,12.1889597175,11.6701607280549,6.34589067791153e-06,0.000246495449419891,4.01255043990339,"TRAM1_HUMAN",9,10.9429417308257,6.39642284684594e-06,0.00018527645421328,0.604279754999999,"Up in D1CM",3.73217976932108,"TRAM1","TRAM1_HUMAN"
-3.72166645575,8.991166532125,-10.8469744390186,1.04583298773014e-05,0.000321059935913579,3.45501935882041,"TYRP1_HUMAN",2,-10.8955817091304,6.59908415369801e-06,0.000190092289626071,-3.72166645575,"Up in D1BM",3.72103549828848,"TYRP1","TYRP1_HUMAN"
-0.224517580000001,14.3372713325,-9.41956094225048,2.71158154797786e-05,0.000557461484583058,2.39055652135429,"PLOD2_HUMAN",41,-10.889245698645,6.62674038693312e-06,0.000190092289626071,-0.224517580000001,"Non-significant",3.72103549828848,"PLOD2","PLOD2_HUMAN"
-2.2591096165,7.88100618125,-10.5717510755846,1.24543681611954e-05,0.000343809387747303,3.25995521592535,"LTBP3_HUMAN",25,-10.8884232917291,6.63033967849864e-06,0.000190092289626071,-2.2591096165,"Up in D1BM",3.72103549828848,"LTBP3","LTBP3_HUMAN"
0.246795177500001,9.3025004865,9.2741362001336,3.00892073899551e-05,0.000598164927098895,2.27425415809288,"MDN1_HUMAN",141,10.8754183353231,6.68754945416624e-06,0.000190508196027892,0.246795177500001,"Non-significant",3.72008633540507,"MDN1","MDN1_HUMAN"
0.369055037500001,14.98861157875,11.0096448873598,9.45004805329109e-06,0.000307546158460195,3.5682049393304,"RL18A_HUMAN",15,10.8748529109244,6.6900493563004e-06,0.000190508196027892,0.369055037500001,"Non-significant",3.72008633540507,"RPL18A","RL18A_HUMAN"
0.295629737500001,11.73396360875,10.2969106392783,1.48886794102903e-05,0.000378204327509531,3.06052805652352,"IFIT3_HUMAN",23,10.8638901873884,6.73872691158635e-06,0.000191170006313748,0.295629737500001,"Non-significant",3.71858024550262,"IFIT3","IFIT3_HUMAN"
0.844249964999998,15.340105415,10.7524488754038,1.1099920171018e-05,0.000323273968208274,3.3885361929762,"RL21_HUMAN",12,10.8594289068076,6.75865012237478e-06,0.000191170006313748,0.844249964999998,"Up in D1CM",3.71858024550262,"RPL21","RL21_HUMAN"
-0.3518371575,12.38748741125,-13.2902141197646,2.59140131644964e-06,0.000147587308759149,5.00999925451267,"SDC4_HUMAN",10,-10.8507760540735,6.79748112071882e-06,0.000191625312262672,-0.3518371575,"Non-significant",3.71754712443322,"SDC4","SDC4_HUMAN"
0.488719464999999,15.2319812775,10.5480381912148,1.26456172123756e-05,0.000347015472815738,3.24293419837995,"TECR_HUMAN",19,10.8373184997147,6.85837329496593e-06,0.000192697428344226,0.488719464999999,"Non-significant",3.71512408121048,"TECR","TECR_HUMAN"
0.444097517499999,10.66735052875,10.6292157960538,1.20043313253842e-05,0.000335540157867614,3.30106043876099,"RM15_HUMAN",17,10.804218137631,7.01077031901054e-06,0.000196324860528039,0.444097517499999,"Non-significant",3.70702470240448,"MRPL15","RM15_HUMAN"
0.492276907249996,8.974562287375,10.9459082422286,9.83138674881283e-06,0.000311910238277786,3.52404023840806,"ZN787_HUMAN",13,10.7983763572245,7.03805966711913e-06,0.000196436440179295,0.492276907249996,"Non-significant",3.7067779447527,"ZNF787","ZN787_HUMAN"
0.389990807500002,11.64441299375,11.5260870917637,6.90945547196067e-06,0.000255437720057704,3.91764598897548,"DCAKD_HUMAN",12,10.7918316490247,7.06877458707633e-06,0.000196642577539493,0.389990807500002,"Non-significant",3.70632244180179,"DCAKD","DCAKD_HUMAN"
0.166140074999999,12.2329113475,8.72574545890027,4.51321101239507e-05,0.000770133431945293,1.82108035163028,"SYTM_HUMAN",38,10.7863313486966,7.09470455379861e-06,0.000196653318035368,0.166140074999999,"Non-significant",3.70629872155378,"TARS2","SYTM_HUMAN"
-0.178673985,14.244632365,-8.68755023905301,4.64619571145848e-05,0.000785296630047643,1.78862236189492,"CERU_HUMAN",50,-10.7754861116354,7.14614589679479e-06,0.000196653318035368,-0.178673985,"Non-significant",3.70629872155378,"CP","CERU_HUMAN"
0.305312155000003,16.58712721,9.91911539724279,1.91639941614095e-05,0.000444995335500058,2.7784715722848,"CP2C8_HUMAN",33,10.7747420925069,7.14969028069615e-06,0.000196653318035368,0.305312155000003,"Non-significant",3.70629872155378,"CYP2C8","CP2C8_HUMAN"
0.430778742249998,9.225920796375,11.593732408857,6.63807990735871e-06,0.000251778082315053,3.96234171089695,"RXRB_HUMAN",11,10.7720601681427,7.16248293235946e-06,0.000196653318035368,0.430778742249998,"Non-significant",3.70629872155378,"RXRB","RXRB_HUMAN"
0.353412627500001,11.78949165375,10.0010017219505,1.81307114558814e-05,0.000433240114162031,2.84040856213598,"STAT2_HUMAN",35,10.7477698968928,7.2795253935379e-06,0.000199217920591334,0.353412627500001,"Non-significant",3.70067159731861,"STAT2","STAT2_HUMAN"
0.592053175999997,10.2342342145,10.301323242182,1.48455703283036e-05,0.000378204327509531,3.06376748947155,"NOC3L_HUMAN",28,10.7257232184706,7.38762073160286e-06,0.000201521861316118,0.592053175999997,"Up in D1CM",3.69567783421783,"NOC3L","NOC3L_HUMAN"
0.724705220000001,15.2038815025,11.0501117362086,9.2166323764824e-06,0.000301112381013063,3.59612423168549,"RS26_HUMAN",9,10.7103652912169,7.46398702599818e-06,0.000202521140767598,0.724705220000001,"Up in D1CM",3.69352963497038,"RPS26","RS26_HUMAN"
-0.311767097500002,12.06794977125,-11.6290680560649,6.50113667131742e-06,0.000247955117658528,3.98559315483946,"LDHB_HUMAN",13,-10.7085487783,7.47307804695545e-06,0.000202521140767598,-0.311767097500002,"Non-significant",3.69352963497038,"LDHB","LDHB_HUMAN"
0.863397357500002,10.69983065125,10.5369263438468,1.27363782918774e-05,0.000347015472815738,3.23494626142274,"RL7L_HUMAN",13,10.703913273725,7.49633360060393e-06,0.000202521140767598,0.863397357500002,"Up in D1CM",3.69352963497038,"RPL7L1","RL7L_HUMAN"
-2.2468751665,8.127414763,-11.6459035799406,6.43701841950594e-06,0.00024775172720555,3.99664814518123,"ST1C4_HUMAN",1,-10.6637223779557,7.70140971469967e-06,0.00020701628746421,-2.2468751665,"Up in D1BM",3.68399548412009,"SULT1C4","ST1C4_HUMAN"
-2.70465159425,7.905255675375,-10.3631420365063,1.42562366136705e-05,0.000370882155606878,3.10902025704009,"SRPX2_HUMAN",16,-10.6617101439067,7.71184176815302e-06,0.00020701628746421,-2.70465159425,"Up in D1BM",3.68399548412009,"SRPX2","SRPX2_HUMAN"
1.61299991625,8.679377079125,10.9379554556908,9.8801795729231e-06,0.000311910238277786,3.51851307916857,"DR9C7_HUMAN",4,10.6452531376441,7.79775862428308e-06,0.000208658118870102,1.61299991625,"Up in D1CM",3.68056471226123,"SDR9C7","DR9C7_HUMAN"
-3.39905440775,8.365214407375,-10.3026607439273,1.48325314542745e-05,0.000378204327509531,3.06474914661358,"EMIL1_HUMAN",33,-10.6094868140432,7.98821805529958e-06,0.000213078132873798,-3.39905440775,"Up in D1BM",3.67146111743517,"EMILIN1","EMIL1_HUMAN"
0.601888418250001,9.224418520875,10.1517983572418,1.63884564249487e-05,0.000407487608276969,2.95329797778513,"INT6_HUMAN",34,10.6014691485037,8.03162681143728e-06,0.000213560196825252,0.601888418250001,"Up in D1CM",3.67047968755153,"INTS6","INT6_HUMAN"
0.332410810000004,11.2754294875,9.99424929613588,1.82134911981748e-05,0.000433676602568971,2.83531823041196,"DDX18_HUMAN",26,10.5928264765543,8.07871656925268e-06,0.000214136798623367,0.332410810000004,"Non-significant",3.66930869437854,"DDX18","DDX18_HUMAN"
0.478513002500002,10.75986182875,10.3018823576932,1.48401181146552e-05,0.000378204327509531,3.06417786525338,"RRP1_HUMAN",19,10.5845094284509,8.12432528199044e-06,0.000214670651416606,0.478513002500002,"Non-significant",3.66822732584347,"RRP1","RRP1_HUMAN"
0.420167684499997,7.95463192475,10.1548016651277,1.63557344957243e-05,0.000407487608276969,2.9555311022957,"KMT2D_HUMAN",23,10.5760112017486,8.1712266241315e-06,0.000214674521039203,0.420167684499997,"Non-significant",3.66821949738354,"KMT2D","KMT2D_HUMAN"
-0.4025320975,13.50242662375,-10.7492710870148,1.11222506561157e-05,0.000323273968208274,3.38629192361339,"H2AY_HUMAN",14,-10.5752560706744,8.17540885675457e-06,0.000214674521039203,-0.4025320975,"Non-significant",3.66821949738354,"MACROH2A1","H2AY_HUMAN"
0.778575420499998,7.8167283535,10.7870323122495,1.08601535847329e-05,0.000321059935913579,3.41292137952507,"IFI44_HUMAN",9,10.5602119514221,8.25923286815296e-06,0.000214956173156745,0.778575420499998,"Up in D1CM",3.6676500782073,"IFI44","IFI44_HUMAN"
0.517452717499999,10.50984334875,10.1224446680992,1.6712201487681e-05,0.000410691388745374,2.93144081152429,"CNNM3_HUMAN",27,10.5600448389005,8.26016940654181e-06,0.000214956173156745,0.517452717499999,"Up in D1CM",3.6676500782073,"CNNM3","CNNM3_HUMAN"
0.103940725000001,12.15944779,6.62339378952029,0.000267818127813737,0.00223067094796639,-0.16660852321104,"ABCBB_HUMAN",63,10.5551361733862,8.28773204168941e-06,0.000214956173156745,0.103940725000001,"Non-significant",3.6676500782073,"ABCB11","ABCBB_HUMAN"
0.491399050000004,11.97640741,10.0910860708349,1.7066074353586e-05,0.000415751273775653,2.90802824859349,"PESC_HUMAN",28,10.5550631467277,8.28814287293181e-06,0.000214956173156745,0.491399050000004,"Non-significant",3.6676500782073,"PES1","PESC_HUMAN"
-0.635962962250002,9.775466918875,-10.375268473193,1.41437631907022e-05,0.000369095293914639,3.11786864363111,"P5CR1_HUMAN",15,-10.5448652012533,8.34573955225171e-06,0.000215786008239048,-0.635962962250002,"Up in D1BM",3.66597671878922,"PYCR1","P5CR1_HUMAN"
0.882836817999999,10.2157914635,14.6158195668468,1.33895038285343e-06,9.75661732486351e-05,5.74303658864898,"PRAF2_HUMAN",3,10.53805230846,8.38446846321458e-06,0.000215982147442746,0.882836817999999,"Up in D1CM",3.66558214508762,"PRAF2","PRAF2_HUMAN"
0.386165382500003,16.09402573125,9.8296253200656,2.03700964841238e-05,0.000460974073681672,2.7102633381531,"CP4F2_HUMAN",42,10.5343772086277,8.40544394373491e-06,0.000215982147442746,0.386165382500003,"Non-significant",3.66558214508762,"CYP4F2","CP4F2_HUMAN"
0.629842519750001,9.247518420125,10.5683752094898,1.24813943113863e-05,0.000343809387747303,3.2575341393067,"B4GT7_HUMAN",12,10.5300535583742,8.43019652493337e-06,0.000215982147442746,0.629842519750001,"Up in D1CM",3.66558214508762,"B4GALT7","B4GT7_HUMAN"
-0.156375647499999,11.81937754125,-9.17145715538657,3.2410561804593e-05,0.000619271696338293,2.19118312344611,"APLP2_HUMAN",25,-10.5048230289266,8.57628326640989e-06,0.000218439177952186,-0.156375647499999,"Non-significant",3.66066946650521,"APLP2","APLP2_HUMAN"
0.174697634999998,15.3721450575,8.3315826485032,6.12265319278399e-05,0.000908505379718309,1.4802261395012,"MYO1B_HUMAN",68,10.5045414642551,8.57792951740107e-06,0.000218439177952186,0.174697634999998,"Non-significant",3.66066946650521,"MYO1B","MYO1B_HUMAN"
0.794978622499999,10.77090382625,10.6865337950149,1.15736897807865e-05,0.000329576456629221,3.34186080245301,"UBXN8_HUMAN",9,10.4912204857611,8.65622182857368e-06,0.000219768957207975,0.794978622499999,"Up in D1CM",3.65803365251942,"UBXN8","UBXN8_HUMAN"
0.502141712499999,13.76813781125,10.0728538241314,1.72757118280372e-05,0.000418439583329096,2.89438610735005,"CP51A_HUMAN",24,10.4703906209447,8.78026123137108e-06,0.00022138712026481,0.502141712499999,"Up in D1CM",3.65484764886212,"CYP51A1","CP51A_HUMAN"
-0.283576725,10.4223963025,-9.74659316786686,2.15663860691421e-05,0.000476373700982596,2.64648511533081,"ITB3_HUMAN",27,-10.4694900501393,8.78566888627579e-06,0.00022138712026481,-0.283576725,"Non-significant",3.65484764886212,"ITGB3","ITB3_HUMAN"
0.630541565000001,15.5885604625,10.2960966771947,1.48966469015499e-05,0.000378204327509531,3.05993036497665,"RS6_HUMAN",15,10.4641627520936,8.81773433858309e-06,0.00022138712026481,0.630541565000001,"Up in D1CM",3.65484764886212,"RPS6","RS6_HUMAN"
-1.0075731275,8.724936247,-12.9669565562861,3.07262922607937e-06,0.000169682616886864,4.82054436787279,"EFNA1_HUMAN",3,-10.4629557755418,8.82501748831131e-06,0.00022138712026481,-1.0075731275,"Up in D1BM",3.65484764886212,"EFNA1","EFNA1_HUMAN"
0.940817117499996,9.1697689295,10.4095186816156,1.38314738691562e-05,0.000364329666384742,3.14281014151866,"QPCTL_HUMAN",10,10.4536884544261,8.88116416309064e-06,0.000222134518488697,0.940817117499996,"Up in D1CM",3.65338394922131,"QPCTL","QPCTL_HUMAN"
0.334664104999998,15.99041426,9.70245574531941,2.22344984230646e-05,0.000480949378916989,2.61238747142863,"CP27A_HUMAN",33,10.4194460210547,9.09213305073306e-06,0.000226496767439679,0.334664104999998,"Non-significant",3.6449379918548,"CYP27A1","CP27A_HUMAN"
0.786324979250002,9.648396015625,13.3702633198326,2.48584754086202e-06,0.000145508395291153,5.05623178552942,"RM32_HUMAN",4,10.4166968329757,9.10931357955287e-06,0.000226496767439679,0.786324979250002,"Up in D1CM",3.6449379918548,"MRPL32","RM32_HUMAN"
1.15192294125,8.849070668125,10.3143531678725,1.47190957565301e-05,0.000378204327509531,3.07332591898398,"CCD86_HUMAN",9,10.3903330936169,9.27593365831731e-06,0.000227830374220334,1.15192294125,"Up in D1CM",3.64238837649523,"CCDC86","CCD86_HUMAN"
0.207883832500002,10.89974117375,9.65141676782222,2.30364208586578e-05,0.000491579725107916,2.57278776015024,"CP4V2_HUMAN",23,10.3892178806876,9.28305696100848e-06,0.000227830374220334,0.207883832500002,"Non-significant",3.64238837649523,"CYP4V2","CP4V2_HUMAN"
0.240579362500002,11.86259663125,8.94424745923084,3.8302394759336e-05,0.000698811440316977,2.00448191786807,"PRC2C_HUMAN",88,10.3836327576039,9.3188239169179e-06,0.000227830374220334,0.240579362500002,"Non-significant",3.64238837649523,"PRRC2C","PRC2C_HUMAN"
0.168667787499999,17.44361495875,8.01633908769555,7.88304414720314e-05,0.00105136359361986,1.19786119008971,"MYH9_HUMAN",152,10.3831712880599,9.32178607103611e-06,0.000227830374220334,0.168667787499999,"Non-significant",3.64238837649523,"MYH9","MYH9_HUMAN"
0.608832357500001,15.84923934875,10.9467322519082,9.82634680803211e-06,0.000311910238277786,3.52461271264169,"MPC2_HUMAN",9,10.3829533156663,9.32318559471774e-06,0.000227830374220334,0.608832357500001,"Up in D1CM",3.64238837649523,"MPC2","MPC2_HUMAN"
0.385509967500001,13.87640738375,9.69756067954711,2.23100257630256e-05,0.000480949378916989,2.60859747029281,"SRPRA_HUMAN",42,10.3826513099034,9.3251250570667e-06,0.000227830374220334,0.385509967500001,"Non-significant",3.64238837649523,"SRPRA","SRPRA_HUMAN"
0.514258384999996,11.013757705,9.86033844076041,1.99467444066962e-05,0.000458122911727635,2.73373415094299,"DAAM1_HUMAN",38,10.3634573179165,9.44932255444472e-06,0.000230197513905822,0.514258384999996,"Up in D1CM",3.63789937098778,"DAAM1","DAAM1_HUMAN"
0.234436030000001,15.0324654575,9.35483922080079,2.83960966591937e-05,0.000573982490984038,2.33898953325706,"CP4FB_HUMAN",30,10.3536605899635,9.51342921607921e-06,0.000231091339660898,0.234436030000001,"Non-significant",3.63621632976087,"CYP4F11","CP4FB_HUMAN"
-0.121938227499999,15.04564571375,-7.39439079973355,0.000133048799066326,0.00142241100982761,0.613397429890252,"PRS6B_HUMAN",45,-10.3463728533638,9.56143478227132e-06,0.000231590039597026,-0.121938227499999,"Non-significant",3.63528012301485,"PSMC4","PRS6B_HUMAN"
2.3934071065,8.17215907575,10.1293567523235,1.66353212744101e-05,0.00040999743573685,2.93659272916639,"CIDEB_HUMAN",7,10.3368726391639,9.62442341425873e-06,0.00023201997871692,2.3934071065,"Up in D1CM",3.63447461738091,"CIDEB","CIDEB_HUMAN"
0.251092435000002,12.898302555,12.7712783150313,3.41291622336978e-06,0.00017464208926765,4.70365671008896,"CNN2_HUMAN",12,10.3353986442923,9.63423805325921e-06,0.00023201997871692,0.251092435000002,"Non-significant",3.63447461738091,"CNN2","CNN2_HUMAN"
-0.1210026725,11.63535046625,-7.90187707333587,8.65818362622798e-05,0.00110911595418656,1.09309162208017,"KLC1_HUMAN",31,-10.3304661103979,9.66716333253003e-06,0.000232149628860101,-0.1210026725,"Non-significant",3.63423200630812,"KLC1","KLC1_HUMAN"
0.373709677500003,10.72079276875,9.82755346323056,2.0399018802143e-05,0.000460974073681672,2.70867770467665,"NOC4L_HUMAN",25,10.3172236876828,9.75618512057175e-06,0.000232489766261656,0.373709677500003,"Non-significant",3.63359615913493,"NOC4L","NOC4L_HUMAN"
0.515546083749996,9.379172205875,10.6720981616411,1.16804766056586e-05,0.000331497432017161,3.33160387773873,"SENP3_HUMAN",11,10.3134631071996,9.781633126546e-06,0.000232489766261656,0.515546083749996,"Up in D1CM",3.63359615913493,"SENP3","SENP3_HUMAN"
0.336014272500002,11.75226378375,9.72485069227625,2.18926253335775e-05,0.000476829299578101,2.62970533420163,"OAS2_HUMAN",27,10.3134139296776,9.78196640644699e-06,0.000232489766261656,0.336014272500002,"Non-significant",3.63359615913493,"OAS2","OAS2_HUMAN"
-0.173230172500002,10.43978714875,-8.30445313159365,6.25530001681459e-05,0.000921781885344933,1.45627507800455,"TMF1_HUMAN",54,-10.311036636488,9.79809273048372e-06,0.000232489766261656,-0.173230172500002,"Non-significant",3.63359615913493,"TMF1","TMF1_HUMAN"
0.20997357625,10.048347116875,9.16879518761701,3.24733764125668e-05,0.000619271696338293,2.18901885022993,"HOIL1_HUMAN",30,10.3079261225086,9.81923796288401e-06,0.000232489766261656,0.20997357625,"Non-significant",3.63359615913493,"RBCK1","HOIL1_HUMAN"
0.347056389999999,10.9158535,9.69777011980448,2.23067883195749e-05,0.000480949378916989,2.60875966368647,"ANO1_HUMAN",28,10.2875667661721,9.95891302569326e-06,0.00023476877710363,0.347056389999999,"Non-significant",3.62935966225091,"ANO1","ANO1_HUMAN"
-0.407455922499999,11.26856446375,-10.798279214485,1.07834463290618e-05,0.000321059935913579,3.42083638940722,"GDF15_HUMAN",12,-10.2857915427666,9.97119731914814e-06,0.00023476877710363,-0.407455922499999,"Non-significant",3.62935966225091,"GDF15","GDF15_HUMAN"
0.212112905,11.8070986275,8.90120259514326,3.95499477506969e-05,0.000709290445937498,1.96865523650356,"RNZ2_HUMAN",39,10.2427136897035,1.02745711815481e-05,0.00024123777295061,0.212112905,"Non-significant",3.61755468948531,"ELAC2","RNZ2_HUMAN"
0.172428131750003,10.024767399125,8.33090187211404,6.12594275216046e-05,0.000908505379718309,1.47962591182435,"WAPL_HUMAN",47,10.2363728058697,1.03200958359103e-05,0.000241633577224688,0.172428131750003,"Non-significant",3.61684271661476,"WAPL","WAPL_HUMAN"
0.688080312499999,12.85822439375,10.146686352115,1.64443236381685e-05,0.000407674129253301,2.94949556492475,"CNBP_HUMAN",12,10.1831756511539,1.07110780677059e-05,0.000250093288179205,0.688080312499999,"Up in D1CM",3.60189796339084,"CNBP","CNBP_HUMAN"
-0.134182449999994,13.3679282675,-7.34882959144055,0.000138439440551799,0.00145863255551389,0.569073774211999,"DCTN1_HUMAN",72,-10.1635063150756,1.08598324047478e-05,0.000252866097623257,-0.134182449999994,"Non-significant",3.59710939367701,"DCTN1","DCTN1_HUMAN"
0.194818257499998,13.62999212625,8.38779803021999,5.85776147561954e-05,0.000888040853920811,1.52965050549097,"MYO1C_HUMAN",72,10.1445569122027,1.10053396551377e-05,0.000255548231275911,0.194818257499998,"Non-significant",3.59252712057754,"MYO1C","MYO1C_HUMAN"
0.4911789875,15.25455975375,9.62540709264234,2.34576219042056e-05,0.000494748349868773,2.55253684149869,"CP2B6_HUMAN",38,10.1261587821509,1.11487118071595e-05,0.00025816618632568,0.4911789875,"Non-significant",3.58810064066692,"CYP2B6","CP2B6_HUMAN"
-0.486171482500001,10.72553670625,-9.96852389645853,1.85328043546642e-05,0.00043660662213227,2.81589706790763,"INHBE_HUMAN",16,-10.1173337988375,1.12182262197626e-05,0.000259064188510628,-0.486171482500001,"Non-significant",3.58659261714591,"INHBE","INHBE_HUMAN"
0.209559197499997,12.71166503375,10.3074041932088,1.47863934211805e-05,0.000378204327509531,3.06822967226098,"PLCE_HUMAN",17,10.081455365723,1.1505896623614e-05,0.00026498142797935,0.209559197499997,"Non-significant",3.576784563832,"AGPAT5","PLCE_HUMAN"
0.123390197499997,13.39669704625,6.90056030923893,0.000206830294239266,0.00190532519141287,0.121306266296246,"VWA8_HUMAN",121,10.0754123503188,1.1555159553442e-05,0.000265390844348673,0.123390197499997,"Non-significant",3.57611406382816,"VWA8","VWA8_HUMAN"
-0.500411510499998,9.5584475995,-9.96841678716316,1.85341469996954e-05,0.00043660662213227,2.81581611377501,"OLFM4_HUMAN",15,-10.0696170240144,1.16026258964878e-05,0.000265756885004064,-0.500411510499998,"Up in D1BM",3.57551547532568,"OLFM4","OLFM4_HUMAN"
-1.91493260875,7.351339876625,-9.88099917226268,1.96675518770416e-05,0.00045294479445788,2.74948665729935,"VWF_HUMAN",7,-10.0417519023826,1.18339326069301e-05,0.000270320373831474,-1.91493260875,"Up in D1BM",3.56812122063818,"VWF","VWF_HUMAN"
0.7337174425,11.89833521875,10.4219151909378,1.37203724911287e-05,0.000362536111999133,3.15181927323028,"EI24_HUMAN",8,10.0158315965661,1.20537525954652e-05,0.000273875067405835,0.7337174425,"Up in D1CM",3.56244750254314,"EI24","EI24_HUMAN"
0.392789600000004,12.442695975,9.49973144924406,2.56194109435493e-05,0.00053413508582887,2.45400663777182,"DKC1_HUMAN",29,10.0157406420933,1.2054531973848e-05,0.000273875067405835,0.392789600000004,"Non-significant",3.56244750254314,"DKC1","DKC1_HUMAN"
0.149599075000001,10.77613139,7.64075692581051,0.000107691846554733,0.00123838277572967,0.849430488633164,"RPA1_HUMAN",68,10.008443256683,1.21172472038055e-05,0.00027401212478037,0.149599075000001,"Non-significant",3.56223021962959,"POLR1A","RPA1_HUMAN"
0.212496999999999,10.9046372175,8.63593778120906,4.83297345406893e-05,0.000792512387476372,1.74457092295458,"PKHA6_HUMAN",47,10.00747674611,1.21255810348888e-05,0.00027401212478037,0.212496999999999,"Non-significant",3.56223021962959,"PLEKHA6","PKHA6_HUMAN"
-0.228937384999998,11.711119055,-9.3797775737717,2.78948653230164e-05,0.000569311912367325,2.3588957398593,"GOLM1_HUMAN",23,-9.99381493072295,1.22440724196502e-05,0.000275949963703827,-0.228937384999998,"Non-significant",3.55916965872221,"GOLM1","GOLM1_HUMAN"
0.1961619875,10.93608462875,8.3328857829847,6.1163619060523e-05,0.000908505379718309,1.48137497530539,"PDS5A_HUMAN",63,9.96408933125982,1.25064064986381e-05,0.000281104258287967,0.1961619875,"Non-significant",3.5511325754635,"PDS5A","PDS5A_HUMAN"
0.379055977499998,10.99928068875,10.8494382501594,1.04421774139111e-05,0.000321059935913579,3.45674518433435,"BAP29_HUMAN",11,9.96039246456646,1.25394710067951e-05,0.000281104258287967,0.379055977499998,"Non-significant",3.5511325754635,"BCAP29","BAP29_HUMAN"
-2.20593214025,7.857784748125,-10.2713932926661,1.51407664348119e-05,0.000383247808645734,3.04177052023345,"PCD12_HUMAN",2,-9.95552220482648,1.25831801727367e-05,0.000281335877124663,-2.20593214025,"Up in D1BM",3.55077488125914,"PCDH12","PCD12_HUMAN"
0.630657196499998,9.76191711425,9.72727717651574,2.18559415719229e-05,0.000476829299578101,2.63157961174191,"GTPBA_HUMAN",16,9.93255228622189,1.27916477962876e-05,0.000284245257897632,0.630657196499998,"Up in D1CM",3.54630677197381,"GTPBP10","GTPBA_HUMAN"
0.484726190249997,9.437231898375,9.50882913628994,2.54555748701018e-05,0.000532419455533717,2.46117738987761,"EPHA2_HUMAN",28,9.93187643183783,1.27978400859891e-05,0.000284245257897632,0.484726190249997,"Non-significant",3.54630677197381,"EPHA2","EPHA2_HUMAN"
0.417887927500002,10.91752946375,10.0076651570873,1.8049439456461e-05,0.000433240114162031,2.84542881707672,"ALG1_HUMAN",14,9.9300627909261,1.28144736031676e-05,0.000284245257897632,0.417887927500002,"Non-significant",3.54630677197381,"ALG1","ALG1_HUMAN"
0.798007250000003,13.6710416075,9.63440017647066,2.3311011231484e-05,0.000494748349868773,2.55954420383157,"THEM6_HUMAN",18,9.89907997486998,1.31024097000964e-05,0.000289869321160401,0.798007250000003,"Up in D1CM",3.53779774654838,"THEM6","THEM6_HUMAN"
0.331988096250001,9.562297701875,9.25404995323161,3.05281342974259e-05,0.000601218794376176,2.25806635649143,"DHX37_HUMAN",32,9.88976019826874,1.31904379274661e-05,0.000291052882959717,0.331988096250001,"Non-significant",3.53602809455022,"DHX37","DHX37_HUMAN"
0.179758790000001,11.86603391,8.43940046468592,5.62593111708356e-05,0.000868515996078706,1.57477767336061,"MTA2_HUMAN",35,9.88280757758434,1.32565400625379e-05,0.000291747718504261,0.179758790000001,"Non-significant",3.53499253149471,"MTA2","MTA2_HUMAN"
0.796097277499999,11.60410833375,9.72010714112698,2.19645398419223e-05,0.000477162645174132,2.62604010737854,"RT34_HUMAN",13,9.87402996318161,1.33405250658441e-05,0.000292831473385416,0.796097277499999,"Up in D1CM",3.53338224734372,"MRPS34","RT34_HUMAN"
0.423600195000001,10.9436934,9.79485485681009,2.0861681577825e-05,0.000464680418452683,2.68361365881819,"S20A2_HUMAN",15,9.83147796401655,1.37562254939563e-05,0.000301172012178071,0.423600195000001,"Non-significant",3.52118538944805,"SLC20A2","S20A2_HUMAN"
0.700660942499997,16.05051171875,10.5157418195834,1.29114622474247e-05,0.000348816395139559,3.21969632095047,"RL27A_HUMAN",7,9.80472120607649,1.40250574274406e-05,0.000305533126204956,0.700660942499997,"Up in D1CM",3.51494169622964,"RPL27A","RL27A_HUMAN"
-0.1445848975,14.73562467125,-7.54240252614901,0.000117099179976902,0.00130999703989606,0.755930412652637,"EMAL4_HUMAN",55,-9.80443960937702,1.40279178836538e-05,0.000305533126204956,-0.1445848975,"Non-significant",3.51494169622964,"EML4","EMAL4_HUMAN"
0.26957679,14.1973217725,8.84292236243942,4.13127904968111e-05,0.000728505253342303,1.91991229062806,"MOGS_HUMAN",47,9.80078032903203,1.40651484190191e-05,0.000305554474288434,0.26957679,"Non-significant",3.51491135244636,"MOGS","MOGS_HUMAN"
0.460126638249999,9.603455185875,10.1945612608749,1.59294331660822e-05,0.00039842490254275,2.98503910883729,"RRN3_HUMAN",11,9.76806617710552,1.44029641738232e-05,0.000312088907509397,0.460126638249999,"Non-significant",3.50572166707023,"RRN3","RRN3_HUMAN"
0.418946267500003,12.46132278625,9.40911984825723,2.73178705374365e-05,0.000560248979951466,2.38225845617137,"TAP2_HUMAN",22,9.75948300033451,1.44930980374716e-05,0.000313236726558586,0.418946267500003,"Non-significant",3.50412732322128,"TAP2","TAP2_HUMAN"
0.196589232500001,13.89886653375,8.33092423415001,6.12583466559834e-05,0.000908505379718309,1.47964562865385,"ACOX3_HUMAN",46,9.75227940883892,1.45692333599545e-05,0.000314076900232882,0.196589232500001,"Non-significant",3.50296400397177,"ACOX3","ACOX3_HUMAN"
0.147748234999998,12.271452785,7.90376191832242,8.64474409633856e-05,0.00110911595418656,1.09482678054635,"PFKAP_HUMAN",36,9.74759631969455,1.46189700382024e-05,0.000314345149112266,0.147748234999998,"Non-significant",3.50259323717487,"PFKP","PFKAP_HUMAN"
0.223246814999998,11.0232003925,8.91422178939869,3.91678448196189e-05,0.000705439666633691,1.97950678813752,"GLSL_HUMAN",27,9.72801443503366,1.48290136720582e-05,0.000317309635080024,0.223246814999998,"Non-significant",3.49851674038444,"GLS2","GLSL_HUMAN"
0.6679661275,13.00207173625,9.68491012674181,2.25065611954854e-05,0.000482717059330143,2.59879499729066,"SEC62_HUMAN",12,9.7277265571975,1.48321267317036e-05,0.000317309635080024,0.6679661275,"Up in D1CM",3.49851674038444,"SEC62","SEC62_HUMAN"
0.600443602499999,16.10274994375,9.82796872891,2.03932181367692e-05,0.000460974073681672,2.70899553945334,"RL26_HUMAN",11,9.7159766600124,1.49598161181763e-05,0.000319231114076222,0.600443602499999,"Up in D1CM",3.49589478645326,"RPL26","RL26_HUMAN"
0.815635205000003,16.16133523,9.79652348148907,2.08377864997514e-05,0.000464680418452683,2.68489447435887,"REEP6_HUMAN",9,9.7063061075012,1.5065834609332e-05,0.000320681615964797,0.815635205000003,"Up in D1CM",3.49392593659134,"REEP6","REEP6_HUMAN"
1.0187039375,11.80259513875,10.2498846535951,1.53570051378031e-05,0.000386400585989678,3.02592729569693,"ROMO1_HUMAN",5,9.69171860640313,1.52273567642455e-05,0.000323303249787973,1.0187039375,"Up in D1CM",3.49038992991399,"ROMO1","ROMO1_HUMAN"
0.597201105,12.662392735,10.782139434211,1.08937171279254e-05,0.000321059935913579,3.40947567302642,"RL37A_HUMAN",7,9.67248132746237,1.54433436115122e-05,0.000327018240599003,0.597201105,"Up in D1CM",3.4854280223533,"RPL37A","RL37A_HUMAN"
0.296926500000001,16.34339714,9.88353369652977,1.96336075735181e-05,0.00045294479445788,2.75141706635481,"FRIH_HUMAN",15,9.66925314984733,1.54799238342629e-05,0.000327018240599003,0.296926500000001,"Non-significant",3.4854280223533,"FTH1","FRIH_HUMAN"
0.342538594999997,12.3555580375,9.11698762701976,3.37236731160332e-05,0.000635832505258363,2.14678944298906,"LEMD2_HUMAN",29,9.66246995768703,1.55571050916132e-05,0.00032782709704302,0.342538594999997,"Non-significant",3.48435515201661,"LEMD2","LEMD2_HUMAN"
0.1748599975,13.79380893625,8.00580832795078,7.95099461377235e-05,0.00105708097160074,1.18827302948554,"IF4G2_HUMAN",48,9.64937409813583,1.57073385809633e-05,0.00033016747356344,0.1748599975,"Non-significant",3.48126571347088,"EIF4G2","IF4G2_HUMAN"
0.354225637499999,14.66871881375,9.83345936503984,2.03166968745513e-05,0.000460974073681672,2.71319683135375,"RAB10_HUMAN",14,9.64069884706014,1.58077558876003e-05,0.000331191450254747,0.354225637499999,"Non-significant",3.47992088310428,"RAB10","RAB10_HUMAN"
0.2752201575,12.08641445625,12.9566713455448,3.08952602805237e-06,0.000169682616886864,4.81444254111645,"SRS11_HUMAN",10,9.6359929077755,1.58625290729168e-05,0.000331191450254747,0.2752201575,"Non-significant",3.47992088310428,"SRSF11","SRS11_HUMAN"
0.710155962499996,15.39653730375,12.5952066379074,3.7560090985337e-06,0.000181950578687015,4.59701565222775,"ATP68_HUMAN",4,9.63349431978929,1.58916970731689e-05,0.000331191450254747,0.710155962499996,"Up in D1CM",3.47992088310428,"ATP5MJ","ATP68_HUMAN"
0.162385467500002,11.68706560125,7.70654664444515,0.000101874193161688,0.00119929828793278,0.91144151580235,"MYO1D_HUMAN",62,9.63165386052685,1.59132207086455e-05,0.000331191450254747,0.162385467500002,"Non-significant",3.47992088310428,"MYO1D","MYO1D_HUMAN"
0.346048592500003,10.24874961375,8.87565803419699,4.03119468020541e-05,0.000717141780348192,1.94732442601478,"ZNFX1_HUMAN",74,9.6218355388555,1.60285972852244e-05,0.000331586405012381,0.346048592500003,"Non-significant",3.47940328375849,"ZNFX1","ZNFX1_HUMAN"
-0.149291037499999,15.49899220625,-7.8269093261914,9.21228806729647e-05,0.0011520827317395,1.02380533314199,"ITB1_HUMAN",37,-9.62056247556968,1.60436258702319e-05,0.000331586405012381,-0.149291037499999,"Non-significant",3.47940328375849,"ITGB1","ITB1_HUMAN"
0.237072467500001,13.19874143625,9.01402364099987,3.63732928231435e-05,0.000670876335243494,2.06224603440771,"HYPDH_HUMAN",24,9.62000482611103,1.60502139334502e-05,0.000331586405012381,0.237072467500001,"Non-significant",3.47940328375849,"PRODH2","HYPDH_HUMAN"
0.409479858500001,10.14529621575,9.086734544923,3.44788760654356e-05,0.000644294047994484,2.12203404849034,"SUGP2_HUMAN",36,9.60735577971779,1.62004680015886e-05,0.000333435987918493,0.409479858500001,"Non-significant",3.47698752835041,"SUGP2","SUGP2_HUMAN"
0.50591254225,9.292687535375,9.48935812166159,2.58076747549525e-05,0.000535795296821415,2.4458231181562,"SPHK2_HUMAN",15,9.60581666620971,1.62188581144361e-05,0.000333435987918493,0.50591254225,"Up in D1CM",3.47698752835041,"SPHK2","SPHK2_HUMAN"
0.198564765,11.5900875325,8.46419712284611,5.5182212967057e-05,0.000862815758857304,1.59638111869978,"SHRM1_HUMAN",33,9.59632504767468,1.63327877910807e-05,0.000333996649566376,0.198564765,"Non-significant",3.47625788972177,"SHROOM1","SHRM1_HUMAN"
0.807709454999999,11.899219155,9.81101620932929,2.06315436172055e-05,0.000463608919721341,2.69601082596437,"DGAT1_HUMAN",8,9.59558161953963,1.63417491509124e-05,0.000333996649566376,0.807709454999999,"Up in D1CM",3.47625788972177,"DGAT1","DGAT1_HUMAN"
0.38442397,13.5545417075,9.34023265633728,2.86943913803302e-05,0.000578624461590439,2.32730893804622,"GBP3_HUMAN",19,9.59166577822744,1.63890422641385e-05,0.000333996649566376,0.38442397,"Non-significant",3.47625788972177,"GBP3","GBP3_HUMAN"
0.3159868725,12.15556466625,10.1382760743946,1.65367057494587e-05,0.000408762148862719,2.94323610964354,"HLAE_HUMAN",13,9.58808095241861,1.64324722568648e-05,0.000333996649566376,0.3159868725,"Non-significant",3.47625788972177,"HLA-E","HLAE_HUMAN"
-0.182604312499999,12.94584918125,-7.83192259318357,9.17401336547673e-05,0.00115071069430957,1.0284553008898,"MPRI_HUMAN",109,-9.58711036153156,1.64442531225586e-05,0.000333996649566376,-0.182604312499999,"Non-significant",3.47625788972177,"IGF2R","MPRI_HUMAN"
0.402396439999997,13.67354858,9.37265565307245,2.80369806326615e-05,0.000569454722295671,2.35321559617462,"LBR_HUMAN",18,9.58338380762575,1.64895735199455e-05,0.000334112055768318,0.402396439999997,"Non-significant",3.47610785342744,"LBR","LBR_HUMAN"
0.134336469999994,17.20947361,7.6485552272096,0.000106983107455551,0.00123201404291744,0.856803019230494,"AL3A2_HUMAN",34,9.57810525838781,1.65540085141085e-05,0.000334613280012999,0.134336469999994,"Non-significant",3.47545682690645,"ALDH3A2","AL3A2_HUMAN"
0.262412072500002,14.80356097125,9.07487563442518,3.47801022078837e-05,0.000647155588322852,2.11231087172483,"SUCB1_HUMAN",23,9.57112971680844,1.66395923881807e-05,0.000335538574736782,0.262412072500002,"Non-significant",3.47425754454921,"SUCLA2","SUCB1_HUMAN"
0.509224417500004,12.21128654625,9.13757239807676,3.32204958235486e-05,0.000630665674091646,2.16359316522887,"CP2J2_HUMAN",31,9.54345969387797,1.69840044021714e-05,0.000341590671693009,0.509224417500004,"Up in D1CM",3.46649399772416,"CYP2J2","CP2J2_HUMAN"
-0.476288789999998,11.8720302575,-9.17212272225647,3.23948778302993e-05,0.000619271696338293,2.19172416812743,"FA10_HUMAN",25,-9.54054308206357,1.70207713976823e-05,0.000341590671693009,-0.476288789999998,"Non-significant",3.46649399772416,"F10","FA10_HUMAN"
0.3471374515,9.98433518425,9.0408909917804,3.56599268916679e-05,0.000659161236337432,2.08438622655808,"SPN90_HUMAN",27,9.53243211552251,1.71234891110134e-05,0.000342835842557557,0.3471374515,"Non-significant",3.46491378006496,"NCKIPSD","SPN90_HUMAN"
0.450582981249999,9.326948881125,9.26045081752737,3.03874817799321e-05,0.000601218794376176,2.26322820166472,"COQ8B_HUMAN",19,9.51605429242607,1.73330256495439e-05,0.000346208704265415,0.450582981249999,"Non-significant",3.46066201743429,"COQ8B","COQ8B_HUMAN"
0.409384727499997,15.10296487875,9.84947589889274,2.00953272980768e-05,0.000460281287487743,2.72544044171567,"RL24_HUMAN",12,9.50278020371692,1.75049649320333e-05,0.000348816428870233,0.409384727499997,"Non-significant",3.45740306846522,"RPL24","RL24_HUMAN"
0.359426500000001,10.7911415125,8.82047116531188,4.20154085491349e-05,0.000735986834007895,1.9010622898413,"SHRM3_HUMAN",61,9.4944835948308,1.76134023195084e-05,0.000349440314205804,0.359426500000001,"Non-significant",3.45662699280718,"SHROOM3","SHRM3_HUMAN"
0.249510049999998,9.74630343925,8.88648052183782,3.99871054715793e-05,0.000715607881146374,1.95636803847063,"FXL18_HUMAN",25,9.48988658371216,1.7673809975008e-05,0.000349440314205804,0.249510049999998,"Non-significant",3.45662699280718,"FBXL18","FXL18_HUMAN"
-0.226105452499997,11.53425252625,-8.39904247284851,5.80634102462456e-05,0.000885020768473063,1.53950357904697,"PERM_HUMAN",44,-9.48915027516554,1.76835071166123e-05,0.000349440314205804,-0.226105452499997,"Non-significant",3.45662699280718,"MPO","PERM_HUMAN"
0.1856596475,10.47754585625,8.12952922581603,7.19252542757222e-05,0.000985785314292784,1.30027702561143,"DHX36_HUMAN",40,9.48552787129106,1.77313009672813e-05,0.000349440314205804,0.1856596475,"Non-significant",3.45662699280718,"DHX36","DHX36_HUMAN"
0.1543474175,11.71446299625,7.68151725986787,0.000104044785905666,0.00121030787239837,0.887899552388905,"MIPEP_HUMAN",44,9.48460061094053,1.77435584861886e-05,0.000349440314205804,0.1543474175,"Non-significant",3.45662699280718,"MIPEP","MIPEP_HUMAN"
0.176772357500001,12.76045525125,7.99885840065919,7.9962006890994e-05,0.00106059863797855,1.18193956752473,"MFN2_HUMAN",41,9.45065025872855,1.81989639433663e-05,0.00035757358293388,0.176772357500001,"Non-significant",3.44663457379623,"MFN2","MFN2_HUMAN"
0.882559061250001,7.496227383625,9.46242218881733,2.63038717840778e-05,0.000544382552308835,2.42453687606525,"SCAPE_HUMAN",9,9.4460458819464,1.82617300770818e-05,0.000357972378650518,0.882559061250001,"Up in D1CM",3.44615048246912,"SCAPER","SCAPE_HUMAN"
0.6828353405,8.678115964,9.31393470401821,2.92404126548497e-05,0.000586827233970781,2.30623897760316,"RIPK4_HUMAN",13,9.43102328465509,1.84682105207858e-05,0.00036117992222669,0.6828353405,"Up in D1CM",3.44227639985497,"RIPK4","RIPK4_HUMAN"
1.35986399875,9.796757103125,9.19095643514843,3.19545967692474e-05,0.000617764440752263,2.20702024333002,"VMA12_HUMAN",13,9.4219583918753,1.85940706389624e-05,0.000362082708737318,1.35986399875,"Up in D1CM",3.44119221442428,"VMA12","VMA12_HUMAN"
0.711673022499999,15.27111327375,9.17190040071046,3.24001158477947e-05,0.000619271696338293,2.19154344490903,"TXTP_HUMAN",18,9.42151250557925,1.86002862597294e-05,0.000362082708737318,0.711673022499999,"Up in D1CM",3.44119221442428,"SLC25A1","TXTP_HUMAN"
-0.151473519999996,14.2046206,-8.10628307545802,7.32858832897199e-05,0.000994729002011351,1.2793390533582,"ERF1_HUMAN",28,-9.41493600365875,1.8692233409735e-05,0.000363034182973863,-0.151473519999996,"Non-significant",3.4400524802587,"ETF1","ERF1_HUMAN"
0.246403694999998,17.6800723075,8.36426957084606,5.96702545723626e-05,0.00090076591152343,1.50899788975014,"ACSL1_HUMAN",60,9.40992782046827,1.87625956370684e-05,0.000363563031321494,0.246403694999998,"Non-significant",3.43942028416662,"ACSL1","ACSL1_HUMAN"
0.408350465000002,10.6420569425,8.90752682995246,3.93638136639043e-05,0.000707457538108848,1.97392819892439,"OSBL8_HUMAN",34,9.39512252816111,1.89723452728103e-05,0.000366784170423207,0.408350465000002,"Non-significant",3.43558941576701,"OSBPL8","OSBL8_HUMAN"
0.376087665500002,9.1725263595,8.91455353272795,3.9158162992997e-05,0.000705439666633691,1.97978312117041,"PDE3B_HUMAN",29,9.38967638873969,1.90501625043835e-05,0.000367445811783635,0.376087665500002,"Non-significant",3.43480669842618,"PDE3B","PDE3B_HUMAN"
0.309037684999996,16.3518478875,8.68167031789595,4.66705787763204e-05,0.000785296630047643,1.783614967262,"FMO3_HUMAN",41,9.38266767352662,1.91508339476776e-05,0.00036854424507985,0.309037684999996,"Non-significant",3.43351036603954,"FMO3","FMO3_HUMAN"
0.2512936575,12.00307321625,8.37440139791978,5.91969504156852e-05,0.00089581884210738,1.51789722324516,"MRP3_HUMAN",58,9.37839478026173,1.92125014469565e-05,0.000368888780629604,0.2512936575,"Non-significant",3.43310455318943,"ABCC3","MRP3_HUMAN"
0.231410024999999,12.6171085825,8.61944417246447,4.89443569403553e-05,0.000794380914490653,1.73044686024799,"RO52_HUMAN",28,9.37264486541117,1.92958375190097e-05,0.000369646851017575,0.231410024999999,"Non-significant",3.43221298915946,"TRIM21","RO52_HUMAN"
0.1504626275,13.07039499125,7.27096429584768,0.000148229887155612,0.00151446026525413,0.492826919288264,"CING_HUMAN",87,9.35999986508356,1.94805371709714e-05,0.00037233888393224,0.1504626275,"Non-significant",3.42906160736097,"CGN","CING_HUMAN"
-0.2841951875,10.06311023375,-9.12311442970852,3.35730148699716e-05,0.000634499870715226,2.15179426928479,"PCDH1_HUMAN",19,-9.35244698232847,1.95918041259134e-05,0.00037361836420209,-0.2841951875,"Non-significant",3.42757178534445,"PCDH1","PCDH1_HUMAN"
-0.191444395000001,17.5259699825,-8.35829568845147,5.9951320010042e-05,0.00090076591152343,1.50374651393347,"ALDOA_HUMAN",29,-9.34641864116867,1.96811235600174e-05,0.000374225605936731,-0.191444395000001,"Non-significant",3.42686649974204,"ALDOA","ALDOA_HUMAN"
0.5486762525,10.67771399125,9.39022172887387,2.76879251224463e-05,0.00056646000208034,2.36721878722979,"DHRS3_HUMAN",12,9.34431219799751,1.97124414563897e-05,0.000374225605936731,0.5486762525,"Up in D1CM",3.42686649974204,"DHRS3","DHRS3_HUMAN"
0.115576980000002,11.49722898,6.95565039023414,0.000196661835439672,0.00184184734546777,0.177504631439032,"LRSM1_HUMAN",39,9.3291802805616,1.99390676989215e-05,0.000377677307043168,0.115576980000002,"Non-significant",3.42287910922068,"LRSAM1","LRSM1_HUMAN"
-0.7832775125,14.03978991375,-11.1897602661301,8.45984902405074e-06,0.000285232269694895,3.69175765437492,"H2AZ_HUMAN;H2AV_HUMAN",4,-9.32309337008448,2.00310524757025e-05,0.000378016051965248,-0.7832775125,"Up in D1BM",3.42248975801485,"H2AZ1;H2AZ2","H2AZ_HUMAN;H2AV_HUMAN"
0.478598832500001,11.89003813375,8.94585162939431,3.82567676017954e-05,0.000698811440316977,2.00581424217228,"ABCBA_HUMAN",27,9.32156236773431,2.00542636693621e-05,0.000378016051965248,0.478598832500001,"Non-significant",3.42248975801485,"ABCB10","ABCBA_HUMAN"
0.477510692499999,11.10462748875,9.81141629767126,2.06258828643226e-05,0.000463608919721341,2.69631750005317,"EMC4_HUMAN",10,9.31911090429462,2.00914926183926e-05,0.000378016051965248,0.477510692499999,"Non-significant",3.42248975801485,"EMC4","EMC4_HUMAN"
0.148519520000002,14.8252012725,7.61191853935977,0.000110359037927038,0.00126216598464994,0.82211463979754,"FMO5_HUMAN",38,9.31173148255859,2.02040282573864e-05,0.000379286757642562,0.148519520000002,"Non-significant",3.42103231992088,"FMO5","FMO5_HUMAN"
0.270485878000004,9.7534980775,8.77172583518099,4.35878136503803e-05,0.000755970537570073,1.85999531172805,"CASL_HUMAN",25,9.30680178863155,2.02795995414967e-05,0.000379859432300613,0.270485878000004,"Non-significant",3.42037708514689,"NEDD9","CASL_HUMAN"
-1.32429885825,8.861416101375,-9.43837662410581,2.67559437412683e-05,0.000551407945709414,2.40549011446953,"IGJ_HUMAN",5,-9.29326916036584,2.0488686864637e-05,0.000382924925902495,-1.32429885825,"Up in D1BM",3.41688636300834,"JCHAIN","IGJ_HUMAN"
0.59921884375,9.843164443125,9.10934616071141,3.39126476961857e-05,0.000635832505258363,2.14054327562885,"RPA49_HUMAN",15,9.27356382397563,2.07974832008325e-05,0.000387836251990745,0.59921884375,"Up in D1CM",3.41135159880631,"POLR1E","RPA49_HUMAN"
1.2181920985,9.44799351575,9.25446478584936,3.05189965242758e-05,0.000601218794376176,2.25840098320327,"APOL6_HUMAN",7,9.26961646975043,2.08599664696977e-05,0.000388142731507908,1.2181920985,"Up in D1CM",3.4110085421698,"APOL6","APOL6_HUMAN"
0.253093005000002,11.9672139875,8.32946974563009,6.13286939209536e-05,0.000908505379718309,1.47836310040097,"NAT10_HUMAN",49,9.25216362417537,2.11387648655007e-05,0.000392463984694506,0.253093005000002,"Non-significant",3.40620019106165,"NAT10","NAT10_HUMAN"
0.8801112175,8.6236498355,11.5496119294208,6.81367934426337e-06,0.000253006621994696,3.93321722088931,"MFSD3_HUMAN",3,9.24868582121466,2.11948184880529e-05,0.000392639835243512,0.8801112175,"Up in D1CM",3.40600564118834,"MFSD3","MFSD3_HUMAN"
0.200950385000002,15.9165292975,8.1540115992751,7.05229447231295e-05,0.000976088507506172,1.32227554506681,"SQOR_HUMAN",36,9.23811889785589,2.13661564534845e-05,0.000394945905145659,0.200950385000002,"Non-significant",3.40346238464079,"SQOR","SQOR_HUMAN"
0.494003057499997,15.59855878375,9.17127801731544,3.24147846280746e-05,0.000619271696338293,2.19103749488649,"RL13_HUMAN",14,9.23139281237244,2.14760256828075e-05,0.000395276903537338,0.494003057499997,"Non-significant",3.4030985612182,"RPL13","RL13_HUMAN"
0.529468297499996,10.70442092375,8.95869751921656,3.78935982308804e-05,0.000694358998887154,2.01647589714678,"GTPB1_HUMAN",20,9.23013335616558,2.14966689820834e-05,0.000395276903537338,0.529468297499996,"Up in D1CM",3.4030985612182,"GTPBP1","GTPB1_HUMAN"
0.3943755625,13.71594846125,9.19796556644758,3.17924705740419e-05,0.000616043067743906,2.21270591537916,"PNKD_HUMAN",15,9.22842243453412,2.15247477427498e-05,0.000395276903537338,0.3943755625,"Non-significant",3.4030985612182,"PNKD","PNKD_HUMAN"
0.475452665000002,12.26503551,9.49724813393373,2.56643385645619e-05,0.00053413508582887,2.45204825990613,"RETR3_HUMAN",11,9.21578005390319,2.17335072268975e-05,0.00039751647267135,0.475452665000002,"Non-significant",3.40064486992062,"RETREG3","RETR3_HUMAN"
0.231297487499997,12.38285923125,8.2543276854375,6.50899097267502e-05,0.000946673175514718,1.41185164904651,"RENT2_HUMAN",41,9.21511915805971,2.17444826607631e-05,0.00039751647267135,0.231297487499997,"Non-significant",3.40064486992062,"UPF2","RENT2_HUMAN"
-2.37877118575,8.502001583375,-9.20008404041425,3.17436516957971e-05,0.000616043067743906,2.21442364548522,"CFAD_HUMAN",3,-9.21249129342912,2.17881848824491e-05,0.00039751647267135,-2.37877118575,"Up in D1BM",3.40064486992062,"CFD","CFAD_HUMAN"
0.399859187500001,12.74309146375,8.66209937388298,4.73726111571452e-05,0.000789137824987306,1.76692756414793,"MRP6_HUMAN",51,9.20777179608328,2.18669191039534e-05,0.000397869946725555,0.399859187500001,"Non-significant",3.40025886423181,"ABCC6","MRP6_HUMAN"
0.182873010000002,13.035384535,8.19301263154481,6.83521741357299e-05,0.000962569645644259,1.35720812651695,"TBL2_HUMAN",29,9.20567724915881,2.19019640859719e-05,0.000397869946725555,0.182873010000002,"Non-significant",3.40025886423181,"TBL2","TBL2_HUMAN"
0.303567885250001,10.018406867375,10.4767238812157,1.32411089440579e-05,0.000352079833720706,3.19153610329762,"PEX26_HUMAN",11,9.2006676217729,2.19860385506587e-05,0.000398538320308607,0.303567885250001,"Non-significant",3.39952991392044,"PEX26","PEX26_HUMAN"
0.234603642500002,11.68761837625,8.07302361121935,7.52833054793293e-05,0.00101367888480074,1.24929650999692,"CHD4_HUMAN",84,9.18653697623436,2.2225143665308e-05,0.000402008017070561,0.234603642500002,"Non-significant",3.39576528588372,"CHD4","CHD4_HUMAN"
0.33741545675,9.416637062875,9.13120734593565,3.33751731892126e-05,0.000632178280476118,2.15840073631146,"TUFT1_HUMAN",16,9.17347212404986,2.24488109533313e-05,0.000404018090329483,0.33741545675,"Non-significant",3.39359918846767,"TUFT1","TUFT1_HUMAN"
-0.128535267499998,16.28586292125,-7.19441353525429,0.000158619357187877,0.00159166971635312,0.417249761687518,"ANXA4_HUMAN",38,-9.17302504650066,2.24565093521501e-05,0.000404018090329483,-0.128535267499998,"Non-significant",3.39359918846767,"ANXA4","ANXA4_HUMAN"
0.1269841225,11.95851159125,6.92643663115961,0.000201982431351414,0.00187089001523195,0.147744931802828,"PRP6_HUMAN",51,9.16831440883113,2.25378037655454e-05,0.000404018090329483,0.1269841225,"Non-significant",3.39359918846767,"PRPF6","PRP6_HUMAN"
0.1496944425,12.09532594625,8.33931812931317,6.08541428988213e-05,0.000908505379718309,1.48704351608711,"SNW1_HUMAN",23,9.16761238511732,2.25499472534285e-05,0.000404018090329483,0.1496944425,"Non-significant",3.39359918846767,"SNW1","SNW1_HUMAN"
0.573899027500001,10.30768191625,9.25973641800602,3.04031436510532e-05,0.000601218794376176,2.26265224178988,"UBAC2_HUMAN",11,9.16427289917348,2.260781365519e-05,0.000404018090329483,0.573899027500001,"Up in D1CM",3.39359918846767,"UBAC2","UBAC2_HUMAN"
-2.0206792355,7.98826897125,-8.9295366262218,3.87236886140852e-05,0.00070345252441406,1.99225450001355,"NOTC3_HUMAN",11,-9.16334840212225,2.26238626925514e-05,0.000404018090329483,-2.0206792355,"Up in D1BM",3.39359918846767,"NOTCH3","NOTC3_HUMAN"
0.379550932500003,17.83028650375,8.74744196369258,4.43958511989372e-05,0.000762143848789902,1.83946448316619,"UD2B4_HUMAN",26,9.15821121036748,2.27132760791242e-05,0.000404757302475556,0.379550932500003,"Non-significant",3.39280530712992,"UGT2B4","UD2B4_HUMAN"
0.126288415000001,11.6699593075,6.87162654248154,0.000212406113019543,0.0019270000714924,0.0916556823915897,"RGPD8_HUMAN",54,9.15353552084491,2.2795001479766e-05,0.000405356682432379,0.126288415000001,"Non-significant",3.39216266310659,"RGPD8","RGPD8_HUMAN"
0.264853477749998,9.355335235625,8.24001961156838,6.58351808101385e-05,0.000953342620092433,1.39913036599927,"MYO9B_HUMAN",63,9.14028351518201,2.30284275242198e-05,0.000408072388382277,0.264853477749998,"Non-significant",3.38926279012969,"MYO9B","MYO9B_HUMAN"
-0.211749792499999,14.48772895375,-8.20846647913952,6.75129266462896e-05,0.000960753307108947,1.37101211373805,"PSD12_HUMAN",33,-9.13937414806938,2.30445434654127e-05,0.000408072388382277,-0.211749792499999,"Non-significant",3.38926279012969,"PSMD12","PSD12_HUMAN"
0.39529657375,9.752259254375,8.75361948008953,4.41887055672507e-05,0.000761690386965964,1.84469183887736,"PKN1_HUMAN",25,9.13646831395825,2.30961259130546e-05,0.000408128396899658,0.39529657375,"Non-significant",3.38920318668281,"PKN1","PKN1_HUMAN"
0.253500225,11.61039865,8.70937441104248,4.56967733793805e-05,0.000776568755674997,1.80718307566463,"BYST_HUMAN",22,9.12857935107377,2.32368195238269e-05,0.00040975554762832,0.253500225,"Non-significant",3.38747515785982,"BYSL","BYST_HUMAN"
0.601607084999998,9.5907005075,10.498918399216,1.30524442188136e-05,0.000348883184673875,3.20756601398749,"COX18_HUMAN",6,9.12549606241526,2.32920685546188e-05,0.000409872329534201,0.601607084999998,"Up in D1CM",3.38735139989828,"COX18","COX18_HUMAN"
-0.458085775500001,9.506219983,-8.7256506947534,4.51353559593042e-05,0.000770133431945293,1.8209999703273,"RIR1_HUMAN",29,-9.11494451635393,2.34822575783193e-05,0.000412358227349278,-0.458085775500001,"Non-significant",3.38472533599415,"RRM1","RIR1_HUMAN"
0.34732007975,8.348102331125,8.71659267458078,4.54468276973921e-05,0.000773881435679431,1.81331332808512,"SMC5_HUMAN",24,9.11174579728734,2.35402571187039e-05,0.000412517312377453,0.34732007975,"Non-significant",3.38455782041776,"SMC5","SMC5_HUMAN"
0.557271242500002,15.44930827625,8.99682487130254,3.68383962931536e-05,0.00067649420992373,2.04804363118452,"RL35A_HUMAN",14,9.10448030936758,2.3672593378335e-05,0.00041397570453524,0.557271242500002,"Up in D1CM",3.38302514606725,"RPL35A","RL35A_HUMAN"
0.257145642500001,12.43965899875,8.25927336536403,6.4834516205468e-05,0.000945550412336904,1.41624461719465,"DDX21_HUMAN",43,9.08994393680414,2.39398752422554e-05,0.000417521598425494,0.257145642500001,"Non-significant",3.37932105351118,"DDX21","DDX21_HUMAN"
0.640132189999999,15.628419755,8.79892918502195,4.27022703663304e-05,0.000743672390326031,1.88293736989886,"RS9_HUMAN",22,9.08283859414765,2.40717516184246e-05,0.000417521598425494,0.640132189999999,"Up in D1CM",3.37932105351118,"RPS9","RS9_HUMAN"
0.577423572250002,9.224300384625,10.6120527811082,1.21367871849523e-05,0.000336516378888035,3.28880461878329,"PHLA2_HUMAN",6,9.08283082801743,2.40718962039402e-05,0.000417521598425494,0.577423572250002,"Up in D1CM",3.37932105351118,"PHLDA2","PHLA2_HUMAN"
-2.778442025,7.426814735,-8.81482353590183,4.21942687239198e-05,0.000736346772409772,1.89631413912533,"FRAS1_HUMAN",57,-9.07965504524949,2.41311028473157e-05,0.000417521598425494,-2.778442025,"Up in D1BM",3.37932105351118,"FRAS1","FRAS1_HUMAN"
0.212876795000001,10.1739625925,8.21261519394252,6.7289604494612e-05,0.000960753307108947,1.37471427155705,"SH3B4_HUMAN",31,9.07690671289253,2.41824722430159e-05,0.000417521598425494,0.212876795000001,"Non-significant",3.37932105351118,"SH3BP4","SH3B4_HUMAN"
0.622310634999998,11.5116097925,8.8778219743216,4.02467578201561e-05,0.000717141780348192,1.94913343257091,"RCL1_HUMAN",16,9.07561124822826,2.42067284206643e-05,0.000417521598425494,0.622310634999998,"Up in D1CM",3.37932105351118,"RCL1","RCL1_HUMAN"
0.706220386750001,9.912417291625,9.21999901380648,3.12888386604294e-05,0.000613334002485487,2.23055472218518,"PLPP6_HUMAN",9,9.07479116376617,2.42220977138529e-05,0.000417521598425494,0.706220386750001,"Up in D1CM",3.37932105351118,"PLPP6","PLPP6_HUMAN"
0.335533620000001,11.4934384825,8.65555956781625,4.76098504766054e-05,0.000789561129818613,1.76134424170998,"TFR2_HUMAN",24,9.05597472680878,2.45777610231368e-05,0.000422787648293919,0.335533620000001,"Non-significant",3.37387770905655,"TFR2","TFR2_HUMAN"
0.327981710000001,10.20487845,11.3035612881659,7.89494533735465e-06,0.000274623178054398,3.76888292165726,"TR10A_HUMAN",9,9.05000747499801,2.46917721266516e-05,0.000423883802964454,0.327981710000001,"Non-significant",3.37275317795302,"TNFRSF10A","TR10A_HUMAN"
0.237980367500001,12.14875936375,8.1638093885462,6.99703929149846e-05,0.000972397764502956,1.33106413688192,"DHX8_HUMAN",40,9.04099368932693,2.48651164950977e-05,0.000425992005969875,0.237980367500001,"Non-significant",3.37059855065255,"DHX8","DHX8_HUMAN"
0.384386780000002,12.6459766625,8.76524854479769,4.38017088361068e-05,0.000758120336302966,1.85452378506558,"PLCC_HUMAN",20,9.03781675843467,2.49265369095418e-05,0.000426178051948333,0.384386780000002,"Non-significant",3.37040892009148,"AGPAT3","PLCC_HUMAN"
0.292479987499998,10.55241251125,8.40678934180347,5.77121085871447e-05,0.000881259716088845,1.54628548891422,"MCM5_HUMAN",33,9.02122267220489,2.52501313064007e-05,0.000430836754618728,0.292479987499998,"Non-significant",3.3656872541967,"MCM5","MCM5_HUMAN"
-1.90526771525,7.895575285125,-8.79540847535407,4.28157275574593e-05,0.000744110860993452,1.87997155189526,"FBLN1_HUMAN",9,-9.00075972813099,2.56556720632386e-05,0.000436034236451204,-1.90526771525,"Up in D1BM",3.36047940954313,"FBLN1","FBLN1_HUMAN"
-0.138168097499998,15.85705196875,-7.11196429822754,0.000170733871421324,0.00168113160852703,0.335155352727545,"TCPQ_HUMAN",47,-9.00063323201682,2.56582015992167e-05,0.000436034236451204,-0.138168097499998,"Non-significant",3.36047940954313,"CCT8","TCPQ_HUMAN"
-0.3666117175,11.74351990125,-9.95688299883268,1.86793718973701e-05,0.00043660662213227,2.80709425904502,"C4BPB_HUMAN",10,-8.97257164575612,2.622631924532e-05,0.000444792042090146,-0.3666117175,"Non-significant",3.3518429914513,"C4BPB","C4BPB_HUMAN"
0.543159965000001,14.2700531475,9.21519485778922,3.13978775337661e-05,0.000614043410051309,2.22666612116923,"RL32_HUMAN",10,8.96724214133627,2.63358026217834e-05,0.000445088187882164,0.543159965000001,"Up in D1CM",3.3515539312301,"RPL32","RL32_HUMAN"
0.310795782000005,9.943354129,8.36148798837,5.98009401846956e-05,0.00090076591152343,1.50655311065605,"PDS5B_HUMAN",37,8.96658247305986,2.63493896966663e-05,0.000445088187882164,0.310795782000005,"Non-significant",3.3515539312301,"PDS5B","PDS5B_HUMAN"
-0.222827675,12.7734848275,-8.35290398067226,6.02062762245249e-05,0.000902987014762493,1.49900422974811,"GMDS_HUMAN",25,-8.9570149365124,2.65473364389467e-05,0.000446129829215293,-0.222827675,"Non-significant",3.35053873790946,"GMDS","GMDS_HUMAN"
0.323871612500001,8.5093946455,8.42124703711482,5.70628759242224e-05,0.000874421172328665,1.55892843391562,"URB2_HUMAN",32,8.95453201966719,2.65989785197974e-05,0.000446129829215293,0.323871612500001,"Non-significant",3.35053873790946,"URB2","URB2_HUMAN"
0.313504695000001,11.418875455,8.21705248443552,6.7051669110367e-05,0.000960753307108947,1.37867224142195,"CKAP5_HUMAN",96,8.95392704961352,2.66115783167351e-05,0.000446129829215293,0.313504695000001,"Non-significant",3.35053873790946,"CKAP5","CKAP5_HUMAN"
0.143509149999998,11.078819395,7.21746231312446,0.00015540755995979,0.00157065985959361,0.440070282050458,"NU160_HUMAN",44,8.95339009618909,2.66227671248419e-05,0.000446129829215293,0.143509149999998,"Non-significant",3.35053873790946,"NUP160","NU160_HUMAN"
0.65271377575,9.508161067875,8.62773294652474,4.8634386919905e-05,0.000794380914490653,1.73754766845107,"BCAM_HUMAN",27,8.93491429086539,2.70109885967286e-05,0.000451737346987749,0.65271377575,"Up in D1CM",3.3451140030401,"BCAM","BCAM_HUMAN"
-0.1777997025,11.30925178625,-8.08754397661111,7.4403829397947e-05,0.00100666112037768,1.26242484610851,"KNG1_HUMAN",26,-8.92564865879817,2.72080675906141e-05,0.00045413228063621,-0.1777997025,"Non-significant",3.34281762647625,"KNG1","KNG1_HUMAN"
0.543081285,15.7844734175,9.1543597393607,3.2816413443273e-05,0.000624400787614781,2.17727289375886,"RL23A_HUMAN",10,8.91414382775883,2.74550202413735e-05,0.00045734854864533,0.543081285,"Up in D1CM",3.3397526947714,"RPL23A","RL23A_HUMAN"
0.941982504999999,11.9907385125,9.77833854714549,2.1099876711445e-05,0.000468028581054658,2.67092555846053,"ORML1_HUMAN",4,8.90380082908667,2.76791795992639e-05,0.000459135191276625,0.941982504999999,"Up in D1CM",3.3380594186443,"ORMDL1","ORML1_HUMAN"
0.192789557499999,10.48130941375,7.74248049512978,9.88464386757506e-05,0.00118027045991705,0.945133517180874,"MSH6_HUMAN",44,8.90259771905695,2.77053869704881e-05,0.000459135191276625,0.192789557499999,"Non-significant",3.3380594186443,"MSH6","MSH6_HUMAN"
0.395233155,16.7357125275,8.39513384575266,5.82415713475526e-05,0.000886133943842095,1.53607984217476,"S27A2_HUMAN",47,8.90166669364943,2.77256866009968e-05,0.000459135191276625,0.395233155,"Non-significant",3.3380594186443,"SLC27A2","S27A2_HUMAN"
0.835057017500002,13.49033701375,8.67012266508608,4.70833758492331e-05,0.000787432093319813,1.77377255779638,"SEC12_HUMAN",16,8.89185347884132,2.79406658612157e-05,0.000461787985380759,0.835057017500002,"Up in D1CM",3.33555737057587,"PREB","SEC12_HUMAN"
0.1786675475,15.98380637125,7.56472840281909,0.000114885318423866,0.00129634317134507,0.777238604227401,"ACOX2_HUMAN",48,8.88218595610925,2.81542814602466e-05,0.00046437689803654,0.1786675475,"Non-significant",3.33312939381032,"ACOX2","ACOX2_HUMAN"
0.4562449475,15.40147113875,9.62413838472896,2.34783888892525e-05,0.000494748349868773,2.55154780925351,"RL27_HUMAN",9,8.87979049388624,2.8207494577614e-05,0.00046437689803654,0.4562449475,"Non-significant",3.33312939381032,"RPL27","RL27_HUMAN"
0.322140692500001,10.31094574875,8.50017822749363,5.36603830149658e-05,0.000847010053245594,1.62763506929977,"FMO1_HUMAN",23,8.87301311350511,2.83586596826961e-05,0.000465498056021315,0.322140692500001,"Non-significant",3.33208212834747,"FMO1","FMO1_HUMAN"
0.170404909999998,11.59077358,7.35005110564418,0.000138291752586645,0.00145863255551389,0.570264895409448,"PARP4_HUMAN",68,8.87178949790682,2.83860482613543e-05,0.000465498056021315,0.170404909999998,"Non-significant",3.33208212834747,"PARP4","PARP4_HUMAN"
0.687280890000002,12.6345480675,11.1666947810557,8.57984512009345e-06,0.000288125555845688,3.67603783879865,"JAGN1_HUMAN",4,8.86605192390874,2.85148701577385e-05,0.000466502753580762,0.687280890000002,"Up in D1CM",3.33114578844181,"JAGN1","JAGN1_HUMAN"
0.214745282500001,11.69883811625,8.16820928179174,6.9723846426583e-05,0.000972397764502956,1.33500801536586,"STAT6_HUMAN",27,8.86315838737566,2.85800851688152e-05,0.000466502753580762,0.214745282500001,"Non-significant",3.33114578844181,"STAT6","STAT6_HUMAN"
0.227694275000001,11.1373032325,7.90377340163265,8.64466228876735e-05,0.00110911595418656,1.09483735087572,"RIGI_HUMAN",49,8.86168532049247,2.86133495789838e-05,0.000466502753580762,0.227694275000001,"Non-significant",3.33114578844181,"RIGI","RIGI_HUMAN"
0.227726220000003,11.0154749175,7.79340471013653,9.47274690930212e-05,0.00117035759501115,0.992667138289358,"DOCK7_HUMAN",81,8.85111821569157,2.88532488767524e-05,0.000469505858652791,0.227726220000003,"Non-significant",3.32835898409073,"DOCK7","DOCK7_HUMAN"
0.424278974500004,9.6952387095,8.47451416469207,5.47409326720886e-05,0.000857641861511217,1.60535403742152,"S4A4_HUMAN",26,8.83455392470556,2.92338475294983e-05,0.000474782467873105,0.424278974500004,"Non-significant",3.32350532646249,"SLC4A4","S4A4_HUMAN"
0.358415127500002,11.94819259625,8.92377748533159,3.88900432356854e-05,0.000704100973564009,1.98746291307288,"ALG11_HUMAN",14,8.82935440985417,2.93544745178564e-05,0.000475295255631649,0.358415127500002,"Non-significant",3.32303652078473,"ALG11","ALG11_HUMAN"
0.73568225,13.768502115,8.6028559175855,4.95714115892532e-05,0.000800454843459417,1.71621882737581,"KIME_HUMAN",17,8.82833466213727,2.93781976728069e-05,0.000475295255631649,0.73568225,"Up in D1CM",3.32303652078473,"MVK","KIME_HUMAN"
0.386189937500001,10.45436501625,10.0234516578308,1.7858534787267e-05,0.000431316875993906,2.8573105814399,"TISB_HUMAN",9,8.81384885078515,2.97175222005283e-05,0.000479863974383627,0.386189937500001,"Non-significant",3.31888185334677,"ZFP36L1","TISB_HUMAN"
-0.257391931999997,10.107925894,-8.16077629421916,7.01409231009369e-05,0.000972397764502956,1.32834438386046,"KIF3B_HUMAN",31,-8.80372930721803,2.99571735866084e-05,0.000482561773352854,-0.257391931999997,"Non-significant",3.31644708416668,"KIF3B","KIF3B_HUMAN"
0.350203871750001,7.811374723875,8.17435074373537,6.938134627517e-05,0.000969843064267674,1.34051004898608,"MYCB2_HUMAN",103,8.80196846366826,2.99990947012571e-05,0.000482561773352854,0.350203871750001,"Non-significant",3.31644708416668,"MYCBP2","MYCB2_HUMAN"
0.402677536000002,9.71174335475,8.53383658830725,5.22795086314066e-05,0.000834590867905543,1.65677157451864,"ZDHC5_HUMAN",20,8.79714261128771,3.01143229916328e-05,0.000483492625707568,0.402677536000002,"Non-significant",3.31561014544641,"ZDHHC5","ZDHC5_HUMAN"
-0.120656254999997,13.1898938425,-7.10234795189839,0.000172213243487643,0.00169139585392905,0.325533102815577,"C1R_HUMAN",31,-8.79352596372652,3.02010038069989e-05,0.000483962473553601,-0.120656254999997,"Non-significant",3.31518831224078,"C1R","C1R_HUMAN"
-0.548989055,10.9398866875,-8.52072015590016,5.28128052109561e-05,0.00083694682537582,1.64542872152887,"MASP1_HUMAN",21,-8.79094300668245,3.02630810798626e-05,0.000484037021673932,-0.548989055,"Up in D1BM",3.31512141997995,"MASP1","MASP1_HUMAN"
1.158706663,9.7993950835,8.63346326853983,4.84213880116658e-05,0.000792512387476372,1.74245335644308,"EMC3_HUMAN",10,8.78644299820068,3.03715733940204e-05,0.000484653520984205,1.158706663,"Up in D1CM",3.31456862778697,"EMC3","EMC3_HUMAN"
-0.364029885000003,11.0537490825,-8.42333960815153,5.69695913607399e-05,0.000874421172328665,1.56075684680215,"GPC1_HUMAN",24,-8.78457974699029,3.04166226836688e-05,0.000484653520984205,-0.364029885000003,"Non-significant",3.31456862778697,"GPC1","GPC1_HUMAN"
0.428860425,13.1496356725,8.48080763201795,5.44737026654212e-05,0.000855044394351648,1.61082310726719,"LNP_HUMAN",22,8.78138869559676,3.04939492286395e-05,0.000484968864241891,0.428860425,"Non-significant",3.31428614288639,"LNPK","LNP_HUMAN"
0.244074342499999,13.78716587875,7.79270202142213,9.4782974982761e-05,0.00117035759501115,0.99201293085806,"ITPR2_HUMAN",134,8.77901244537134,3.05516743188197e-05,0.000484971869742621,0.244074342499999,"Non-significant",3.31428345143868,"ITPR2","ITPR2_HUMAN"
0.134907720000005,10.738479375,6.76329979622566,0.000234830256944148,0.00204824310411126,-0.020187411476039,"PCM1_HUMAN",69,8.77011032440174,3.07690201073241e-05,0.000486622316321187,0.134907720000005,"Non-significant",3.31280797836264,"PCM1","PCM1_HUMAN"
0.205755229999999,10.851974965,7.80841303067713,9.35506400394524e-05,0.00116475693458756,1.00662868828056,"CTDP1_HUMAN",38,8.77002502745426,3.07711109976501e-05,0.000486622316321187,0.205755229999999,"Non-significant",3.31280797836264,"CTDP1","CTDP1_HUMAN"
0.342028139999996,16.0577208975,8.58375098695133,5.03048520019745e-05,0.000810744928345398,1.69980363387407,"RL7A_HUMAN",18,8.76740058694652,3.08355219548878e-05,0.000486727742617508,0.342028139999996,"Non-significant",3.3127138990363,"RPL7A","RL7A_HUMAN"
0.316093923999999,10.0317604555,8.48499226398371,5.4296831037709e-05,0.000853858188091136,1.61445770952109,"ZNT9_HUMAN",20,8.75466862150638,3.11501506138896e-05,0.000490774989765375,0.316093923999999,"Non-significant",3.30911757732981,"SLC30A9","ZNT9_HUMAN"
-0.126971244999993,18.64212799,-6.97037209169084,0.000194040329992453,0.00182744797933675,0.192465841882258,"HPT_HUMAN",37,-8.74935953210837,3.12824084163003e-05,0.000490937602597637,-0.126971244999993,"Non-significant",3.30897370251974,"HP","HPT_HUMAN"
0.2707192875,14.40671360375,8.16429671688428,6.99430373388046e-05,0.000972397764502956,1.33150104327881,"DCMC_HUMAN",30,8.74788411691304,3.13192749484183e-05,0.000490937602597637,0.2707192875,"Non-significant",3.30897370251974,"MLYCD","DCMC_HUMAN"
0.317777872500002,11.96846973875,8.14252856469337,7.11768023716856e-05,0.000980309260115912,1.31196426703205,"ZW10_HUMAN",45,8.74724725135031,3.1335203487665e-05,0.000490937602597637,0.317777872500002,"Non-significant",3.30897370251974,"ZW10","ZW10_HUMAN"
0.351606845000001,13.851205825,8.1942711558593,6.82833900202598e-05,0.000962569645644259,1.358333090179,"SEC63_HUMAN",47,8.74335404048332,3.14327734561797e-05,0.000491552592694136,0.351606845000001,"Non-significant",3.30843000886967,"SEC63","SEC63_HUMAN"
0.385114669999998,12.2684710025,8.38839705954828,5.85500922784312e-05,0.000888040853920811,1.5301756884628,"PPOX_HUMAN",24,8.73495381535746,3.16444577256024e-05,0.000493096713996918,0.385114669999998,"Non-significant",3.30706789160344,"PPOX","PPOX_HUMAN"
0.652205467499998,10.65433573625,8.66277822465076,4.7348061506119e-05,0.000789137824987306,1.76750692583689,"SGPP1_HUMAN",12,8.73471093501947,3.1650601977524e-05,0.000493096713996918,0.652205467499998,"Up in D1CM",3.30706789160344,"SGPP1","SGPP1_HUMAN"
0.466460228500001,9.8360457425,8.51864510071531,5.28977348161503e-05,0.00083694682537582,1.64363291395297,"S27A1_HUMAN",18,8.73248346043724,3.17070137603903e-05,0.000493096713996918,0.466460228500001,"Non-significant",3.30706789160344,"SLC27A1","S27A1_HUMAN"
0.331427097500001,13.78607487625,8.19362053095995,6.83189399090144e-05,0.000962569645644259,1.35775153044896,"TRI25_HUMAN",36,8.72119224030195,3.19947068721018e-05,0.000496654482918869,0.331427097500001,"Non-significant",3.30394564013156,"TRIM25","TRI25_HUMAN"
0.654246329999999,11.4284772875,8.48617950608592,5.42467679004105e-05,0.000853858188091136,1.61548862763718,"LMF2_HUMAN",18,8.716898938753,3.21048637667274e-05,0.000497448339503209,0.654246329999999,"Up in D1CM",3.30325201448337,"LMF2","LMF2_HUMAN"
0.349240063250001,10.114113925875,8.15054684506139,7.0719516485985e-05,0.000977204597476012,1.31916559710177,"TF3C1_HUMAN",52,8.7135177638172,3.21919165047109e-05,0.00049788195269396,0.349240063250001,"Non-significant",3.30287361581628,"GTF3C1","TF3C1_HUMAN"
0.255179405000002,10.4803929325,7.85758639584358,8.98085992367876e-05,0.00113153465316425,1.05222187886717,"YTDC2_HUMAN",65,8.708014100885,3.23341814604948e-05,0.000498910501985465,0.255179405000002,"Non-significant",3.30197735413592,"YTHDC2","YTDC2_HUMAN"
-3.93218100075,7.768153369375,-8.45668202829497,5.55061730814252e-05,0.000862815758857304,1.58983936270815,"MRC2_HUMAN",30,-8.70637064986311,3.2376799689886e-05,0.000498910501985465,-3.93218100075,"Up in D1BM",3.30197735413592,"MRC2","MRC2_HUMAN"
0.438266755000001,15.0352191925,8.74871249529616,4.43531581767091e-05,0.000762143848789902,1.84053984982137,"RL10_HUMAN",13,8.69979645765763,3.25479130373856e-05,0.000500632041956429,0.438266755000001,"Non-significant",3.30048135768518,"RPL10","RL10_HUMAN"
0.280078410000005,10.9023165725,7.94747394470529,8.33955594939691e-05,0.00108478575767695,1.13497385465554,"SYMPK_HUMAN",61,8.69297034172243,3.2726656102619e-05,0.000501240551573285,0.280078410000005,"Non-significant",3.29995380078225,"SYMPK","SYMPK_HUMAN"
0.1423654525,14.26871991125,6.92134789677565,0.000202925637232476,0.00187756333285679,0.142551465338441,"CTND1_HUMAN",57,8.69259246775006,3.27365828674159e-05,0.000501240551573285,0.1423654525,"Non-significant",3.29995380078225,"CTNND1","CTND1_HUMAN"
-0.146302462500001,14.79712784125,-7.09665480557508,0.000173095850639884,0.00169260432139627,0.319831781094104,"PSMD3_HUMAN",45,-8.69111221485078,3.27755016658423e-05,0.000501240551573285,-0.146302462500001,"Non-significant",3.29995380078225,"PSMD3","PSMD3_HUMAN"
0.0973968524999975,16.46593093875,5.81145619796662,0.000599698510450893,0.00387673403021711,-1.06275779542819,"SARDH_HUMAN",70,8.68744777363693,3.28720702542823e-05,0.000501240551573285,0.0973968524999975,"Non-significant",3.29995380078225,"SARDH","SARDH_HUMAN"
0.479752540749999,10.300954579625,8.6183609883132,4.89850284396834e-05,0.000794380914490653,1.72951849665547,"RPF2_HUMAN",14,8.68696541790232,3.28848054359979e-05,0.000501240551573285,0.479752540749999,"Non-significant",3.29995380078225,"RPF2","RPF2_HUMAN"
0.127094027500002,13.86291563375,6.88821475057444,0.000209189077067344,0.0019174228461177,0.108666244675213,"EFGM_HUMAN",39,8.68381951631262,3.29679993672783e-05,0.000501601564380485,0.127094027500002,"Non-significant",3.29964111771013,"GFM1","EFGM_HUMAN"
0.116100785,16.5536673075,6.66635076591846,0.000257167454373085,0.0021708295618389,-0.121411879842842,"EFTU_HUMAN",39,8.67372398449407,3.32365736971632e-05,0.000504593058821528,0.116100785,"Non-significant",3.29705872792911,"TUFM","EFTU_HUMAN"
0.394666672500001,15.43252706625,8.21127552441557,6.73616267780295e-05,0.000960753307108947,1.37351896878892,"S27A5_HUMAN",40,8.67193788003304,3.32843446084672e-05,0.000504593058821528,0.394666672500001,"Non-significant",3.29705872792911,"SLC27A5","S27A5_HUMAN"
0.445894479999998,13.4211133725,8.45807013857708,5.54461734471307e-05,0.000862815758857304,1.59104805272016,"3BHS7_HUMAN",18,8.66759085514554,3.34009312105419e-05,0.000504815325573135,0.445894479999998,"Non-significant",3.29686746891683,"HSD3B7","3BHS7_HUMAN"
1.5652149915,7.7122703195,8.65197090366277,4.77406027826928e-05,0.000789561129818613,1.7582789310508,"PRD10_HUMAN",5,8.66692660599657,3.34187865310012e-05,0.000504815325573135,1.5652149915,"Up in D1CM",3.29686746891683,"PRDM10","PRD10_HUMAN"
0.196671965,12.01524949,8.00918330353127,7.92914579986017e-05,0.00105584154734631,1.19134702981167,"ESRP2_HUMAN",25,8.65520778341137,3.37355583267474e-05,0.000508688767685427,0.196671965,"Non-significant",3.29354785188328,"ESRP2","ESRP2_HUMAN"
-0.924891829250002,8.382537662875,-8.54144636390201,5.19728898640854e-05,0.000834437121265478,1.66334568708169,"SEM4B_HUMAN",10,-8.64100742351448,3.41239237075794e-05,0.000512363059997242,-0.924891829250002,"Up in D1BM",3.29042218926628,"SEMA4B","SEM4B_HUMAN"
0.501220465000001,13.5229312175,9.83970226521676,2.02300855802424e-05,0.000460974073681672,2.71797122035411,"DERL1_HUMAN",7,8.63969092860388,3.41601813711894e-05,0.000512363059997242,0.501220465000001,"Up in D1CM",3.29042218926628,"DERL1","DERL1_HUMAN"
-0.204681635000002,15.015925765,-9.52350953004698,2.51936923013556e-05,0.000529570155631239,2.47273578650157,"AT1B1_HUMAN",14,-8.63963982397993,3.41615897162712e-05,0.000512363059997242,-0.204681635000002,"Non-significant",3.29042218926628,"ATP1B1","AT1B1_HUMAN"
0.175519707499999,12.55921733375,7.6172001919528,0.000109865044124184,0.00125822344690591,0.827123576303391,"LPIN2_HUMAN",32,8.63379836972502,3.43229982759824e-05,0.00051360621689818,0.175519707499999,"Non-significant",3.28936972803065,"LPIN2","LPIN2_HUMAN"
0.204651832500002,9.650809288,7.68588617948262,0.000103662186569395,0.00121030787239837,0.89201323849675,"ERBB2_HUMAN",39,8.63223493676672,3.43663431404168e-05,0.00051360621689818,0.204651832500002,"Non-significant",3.28936972803065,"ERBB2","ERBB2_HUMAN"
0.512282609750001,7.992758870125,9.74506554465524,2.15891272719601e-05,0.000476373700982596,2.64530724685685,"STEA2_HUMAN",7,8.62862376508004,3.44666943453772e-05,0.000514194277233955,0.512282609750001,"Up in D1CM",3.28887276118119,"STEAP2","STEA2_HUMAN"
0.103421449999999,13.6003094925,6.08936271091326,0.000451179751278539,0.00315931223235278,-0.746814951874685,"PKP2_HUMAN",54,8.62406988403868,3.45937107332362e-05,0.000515177363552027,0.103421449999999,"Non-significant",3.2880432277531,"PKP2","PKP2_HUMAN"
0.314578295,10.4856756925,8.25918587043023,6.48390245973105e-05,0.000945550412336904,1.41616691923597,"ABCD4_HUMAN",23,8.6202290184972,3.47012473406513e-05,0.000515867396533245,0.314578295,"Non-significant",3.28746191921555,"ABCD4","ABCD4_HUMAN"
0.166640042500001,12.27724945625,7.77530175742137,9.61691759162139e-05,0.00117821218575257,0.975798074311628,"MP2K3_HUMAN",26,8.61475896967806,3.48550446309963e-05,0.000517241498582161,0.166640042500001,"Non-significant",3.28630663869838,"MAP2K3","MP2K3_HUMAN"
-2.174488544,8.03383183475,-8.52100801787242,5.28010355012775e-05,0.00083694682537582,1.64567781600476,"C1QT3_HUMAN",4,-8.6022224760791,3.52104115679066e-05,0.000521596764685211,-2.174488544,"Up in D1BM",3.28266511107161,"C1QTNF3","C1QT3_HUMAN"
0.393262147750001,8.322197318125,8.33004651908252,6.13007870182638e-05,0.000908505379718309,1.47887170565932,"SNX14_HUMAN",20,8.58705169383509,3.56458885745954e-05,0.000527121394377657,0.393262147750001,"Non-significant",3.27808935663346,"SNX14","SNX14_HUMAN"
0.215173484999996,10.6666048775,8.21377682968198,6.72272237457866e-05,0.000960753307108947,1.3757505961716,"MACOI_HUMAN",21,8.57551229883046,3.59811659734847e-05,0.000531147544641861,0.215173484999996,"Non-significant",3.27478482181297,"MACO1","MACOI_HUMAN"
0.456174850000004,14.6441674225,8.13546974833558,7.15821275326022e-05,0.000982680379433719,1.30561983478979,"ESYT1_HUMAN",62,8.57097740699617,3.61138926958607e-05,0.000532174827855611,0.456174850000004,"Non-significant",3.27394567165225,"ESYT1","ESYT1_HUMAN"
0.329573632500002,13.54940748125,7.9200374037174,8.52966661204362e-05,0.00110348188495996,1.10979584448222,"GCN1_HUMAN",168,8.56715798140797,3.62261046082145e-05,0.000532896746496755,0.329573632500002,"Non-significant",3.27335693125622,"GCN1","GCN1_HUMAN"
-0.47158098225,8.587218046125,-8.22684753801217,6.65297889354003e-05,0.000960239025576179,1.38740300154132,"MMP9_HUMAN",27,-8.5587010748093,3.64759541469582e-05,0.000535259165345892,-0.47158098225,"Non-significant",3.2714358874617,"MMP9","MMP9_HUMAN"
0.176409719999999,10.7504603875,7.47952895478432,0.000123595933265275,0.00136181715227844,0.695654655362153,"TRM1L_HUMAN",36,8.55742892338789,3.651370507461e-05,0.000535259165345892,0.176409719999999,"Non-significant",3.2714358874617,"TRMT1L","TRM1L_HUMAN"
0.214387177500001,10.69718802125,8.02513740681171,7.82677347957869e-05,0.00104811935669359,1.2058641285299,"GATA_HUMAN",24,8.55477733664657,3.65925312637971e-05,0.000535483413233586,0.214387177500001,"Non-significant",3.27125397703136,"QRSL1","GATA_HUMAN"
0.451009512499997,10.66670668125,8.25006045867567,6.53111792807499e-05,0.000947517952078212,1.40805956830877,"TMTC3_HUMAN",23,8.54899624217506,3.67650526560145e-05,0.000537075613236649,0.451009512499997,"Non-significant",3.26996456700116,"TMTC3","TMTC3_HUMAN"
0.643265247499999,14.47019219375,8.45995886796892,5.53646524509936e-05,0.000862815758857304,1.59269238881566,"RL19_HUMAN",12,8.53358591840477,3.72293990557721e-05,0.000542918001109175,0.643265247499999,"Up in D1CM",3.26526575854182,"RPL19","RL19_HUMAN"
0.284185409000003,10.030564308,8.30686989909705,6.24335302771299e-05,0.000921632621201275,1.45841132414906,"SNX33_HUMAN",19,8.52159605455351,3.75952229874065e-05,0.000546474050413269,0.284185409000003,"Non-significant",3.26243045590988,"SNX33","SNX33_HUMAN"
0.368914604999999,12.1285367,8.423973767449,5.69413551710098e-05,0.000874421172328665,1.56131087765208,"MARH5_HUMAN",16,8.52134543541782,3.7602912473567e-05,0.000546474050413269,0.368914604999999,"Non-significant",3.26243045590988,"MARCHF5","MARH5_HUMAN"
0.18454623225,9.837332844875,7.69415828610465,0.000102942100329837,0.00120681357952739,0.899796987579013,"KPCD2_HUMAN",28,8.49198870638359,3.85159380936057e-05,0.000558779418573154,0.18454623225,"Non-significant",3.25275959855771,"PRKD2","KPCD2_HUMAN"
0.247139452500001,9.91127991625,7.83687996830426,9.13634126084455e-05,0.0011494062759352,1.0330510743653,"DDX10_HUMAN",32,8.47295431598614,3.91211823116585e-05,0.000566584958255961,0.247139452500001,"Non-significant",3.24673495934814,"DDX10","DDX10_HUMAN"
0.551844120249999,8.155948638875,8.13746379118689,7.14673644921619e-05,0.000982680379433719,1.30741252829531,"HLTF_HUMAN",33,8.46557302950868,3.93587469870138e-05,0.000567572292605861,0.551844120249999,"Up in D1CM",3.24597881381726,"HLTF","HLTF_HUMAN"
0.719750882250002,9.623617888125,8.45490749170123,5.55829822113556e-05,0.000862815758857304,1.58829395313826,"PEX16_HUMAN",10,8.4649061751817,3.93802889248435e-05,0.000567572292605861,0.719750882250002,"Up in D1CM",3.24597881381726,"PEX16","PEX16_HUMAN"
0.133758545000003,10.745040655,6.84048261687607,0.000218596974844334,0.0019580806598968,0.0596358438604199,"UBA7_HUMAN",41,8.4632666908801,3.94333066539926e-05,0.000567572292605861,0.133758545000003,"Non-significant",3.24597881381726,"UBA7","UBA7_HUMAN"
0.137986657500001,12.06854510375,6.65097756661824,0.000260923567549975,0.0021927465113447,-0.137562092603504,"NUP98_HUMAN",72,8.46223306803201,3.94667730680442e-05,0.000567572292605861,0.137986657500001,"Non-significant",3.24597881381726,"NUP98","NUP98_HUMAN"
-0.166329617499999,15.36300027375,-7.55713269342017,0.000115633193093085,0.00130221491079297,0.769994708702226,"PCYOX_HUMAN",28,-8.46040519401282,3.95260334274102e-05,0.000567572292605861,-0.166329617499999,"Non-significant",3.24597881381726,"PCYOX1","PCYOX_HUMAN"
0.160999536250003,9.720600724125,7.43086057354129,0.000128903515363434,0.00140016460180204,0.648723378577889,"SPT20_HUMAN",30,8.45015652508399,3.98601495851606e-05,0.000571387752009985,0.160999536250003,"Non-significant",3.24306907317884,"SPATA20","SPT20_HUMAN"
0.147767065,13.6336004725,7.26871862218873,0.000148523565252594,0.00151562364590087,0.490618562434234,"L2HDH_HUMAN",31,8.44810773125347,3.99273206707653e-05,0.000571387752009985,0.147767065,"Non-significant",3.24306907317884,"L2HGDH","L2HDH_HUMAN"
0.460650447499997,11.57619857875,8.51801495258406,5.2923556522163e-05,0.00083694682537582,1.64308749472377,"DJC25_HUMAN",12,8.43037162207889,4.05141364538584e-05,0.000578802807067072,0.460650447499997,"Non-significant",3.2374693713146,"DNAJC25","DJC25_HUMAN"
-0.345660687500002,12.13946795375,-8.41906068557761,5.71605250863797e-05,0.000874421172328665,1.55701767526798,"VISL1_HUMAN",15,-8.42790824054204,4.05964006152062e-05,0.000578996718757315,-0.345660687500002,"Non-significant",3.23732389746363,"VSNL1","VISL1_HUMAN"
0.280561687500001,10.82484328625,8.53538633845776,5.22168999199598e-05,0.000834590867905543,1.65811080690228,"RRS1_HUMAN",15,8.41758144702505,4.09433026211473e-05,0.000582739373304809,0.280561687500001,"Non-significant",3.234525637425,"RRS1","RRS1_HUMAN"
-0.1607039,11.5443252325,-7.33967224622324,0.000139552275795829,0.00146669093850753,0.56013937261883,"NIBA2_HUMAN",32,-8.41598912490379,4.09970872428226e-05,0.000582739373304809,-0.1607039,"Non-significant",3.234525637425,"NIBAN2","NIBA2_HUMAN"
0.399109125249998,8.615466237125,9.30556010620453,2.94167495543048e-05,0.000587568203775438,2.2995184157771,"SFR19_HUMAN",9,8.40469651768545,4.13807999545346e-05,0.000586262837049449,0.399109125249998,"Non-significant",3.23190763468419,"SCAF1","SFR19_HUMAN"
-0.227691887500001,12.41458666625,-9.30778914118721,2.93696976254683e-05,0.000587568203775438,2.30130771365298,"1433S_HUMAN",13,-8.40397173081614,4.14055644972947e-05,0.000586262837049449,-0.227691887500001,"Non-significant",3.23190763468419,"SFN","1433S_HUMAN"
0.372076272499998,10.53585040625,7.97956586213026,8.12321384061466e-05,0.0010698526478522,1.16433484202202,"AT8B1_HUMAN",33,8.40256636310226,4.14536304284579e-05,0.000586262837049449,0.372076272499998,"Non-significant",3.23190763468419,"ATP8B1","AT8B1_HUMAN"
-3.1031475065,8.08779025075,-8.26643862253198,6.44665046992162e-05,0.000945550412336904,1.42260526387163,"COFA1_HUMAN",3,-8.39674588404056,4.16533665848185e-05,0.00058810088265232,-3.1031475065,"Up in D1BM",3.23054816878578,"COL15A1","COFA1_HUMAN"
0.276793957499999,10.43975091125,7.80663656772578,9.36890736327398e-05,0.00116475693458756,1.0049772508391,"PKHG3_HUMAN",35,8.38703312056952,4.19890737345582e-05,0.000591849335298647,0.276793957499999,"Non-significant",3.22778883580444,"PLEKHG3","PKHG3_HUMAN"
-0.235101462500005,14.69891440875,-7.73442437534608,9.95163343097896e-05,0.00118335839216218,0.937590881519675,"PSMD6_HUMAN",31,-8.37543450953077,4.23939358746164e-05,0.00059590031196913,-0.235101462500005,"Non-significant",3.22482638721083,"PSMD6","PSMD6_HUMAN"
0.571229219999999,13.4845942275,9.51008097050157,2.54331239420967e-05,0.000532419455533717,2.46216361080299,"S67A1_HUMAN",6,8.37475285427789,4.24178653673601e-05,0.00059590031196913,0.571229219999999,"Up in D1CM",3.22482638721083,"SLC67A1","S67A1_HUMAN"
0.231314897499999,10.18798959375,7.58883630462453,0.000112547435316964,0.00127852066345915,0.800191889749108,"FARP2_HUMAN",42,8.36872069467779,4.26302842168944e-05,0.000596822824834021,0.231314897499999,"Non-significant",3.22415457610189,"FARP2","FARP2_HUMAN"
0.226140499999996,16.880847215,8.09305848389251,7.40728604491658e-05,0.00100379443846627,1.26740564981846,"UD16_HUMAN",20,8.36584967431356,4.27318034025105e-05,0.000596822824834021,0.226140499999996,"Non-significant",3.22415457610189,"UGT1A6","UD16_HUMAN"
0.977287650499999,8.1868956685,8.21602814399409,6.71065117990194e-05,0.000960753307108947,1.37775870739942,"IPIL2_HUMAN",11,8.36469823573125,4.27725942225877e-05,0.000596822824834021,0.977287650499999,"Up in D1CM",3.22415457610189,"ITPRIPL2","IPIL2_HUMAN"
0.203240155000001,10.5703190575,8.83603319517121,4.15269695968386e-05,0.000730753291715559,1.91413247682817,"TCEA3_HUMAN",15,8.36384227739817,4.28029456082223e-05,0.000596822824834021,0.203240155000001,"Non-significant",3.22415457610189,"TCEA3","TCEA3_HUMAN"
0.219049214999998,12.5726238475,7.52062959215783,0.000119304507852838,0.00132842496260445,0.735102001883627,"PML_HUMAN",43,8.36286687130705,4.28375618726519e-05,0.000596822824834021,0.219049214999998,"Non-significant",3.22415457610189,"PML","PML_HUMAN"
0.240128514999999,15.6413097375,7.90241221908405,8.65436548179472e-05,0.00110911595418656,1.0935843027644,"SQSTM_HUMAN",24,8.35542290028257,4.3102775854177e-05,0.000599382953473582,0.240128514999999,"Non-significant",3.22229561260431,"SQSTM1","SQSTM_HUMAN"
0.1366624825,12.91609716375,7.27505442369279,0.00014769667462809,0.00151084377480603,0.496847726953435,"NUMB_HUMAN",27,8.35204607682976,4.32236908537572e-05,0.000599382953473582,0.1366624825,"Non-significant",3.22229561260431,"NUMB","NUMB_HUMAN"
0.470517396999998,9.20694196225,9.16888000118049,3.24713729433242e-05,0.000619271696338293,2.1890878149787,"MOB3A_HUMAN",8,8.35174063698267,4.32346465431175e-05,0.000599382953473582,0.470517396999998,"Non-significant",3.22229561260431,"MOB3A","MOB3A_HUMAN"
0.316011427500005,10.35904622125,7.89202812529643,8.7287933057375e-05,0.0011147727086979,1.08401939687644,"CTNL1_HUMAN",30,8.34723599016072,4.33965831662197e-05,0.000600496425906508,0.316011427500005,"Non-significant",3.22148957312985,"CTNNAL1","CTNL1_HUMAN"
-0.181185480000002,13.60041964,-7.33177315773736,0.000140520280427702,0.00146953528998152,0.552425635437618,"TFR1_HUMAN",38,-8.34433433529772,4.35012535515261e-05,0.000600496425906508,-0.181185480000002,"Non-significant",3.22148957312985,"TFRC","TFR1_HUMAN"
0.462870832499997,10.92436158625,9.67329303447337,2.26887658850046e-05,0.000485389867118538,2.58978340529658,"DEGS1_HUMAN",7,8.34354352318637,4.35298292109322e-05,0.000600496425906508,0.462870832499997,"Non-significant",3.22148957312985,"DEGS1","DEGS1_HUMAN"
0.267546892499999,11.72827637125,7.77862113439958,9.59029848751823e-05,0.00117821218575257,0.97889355924457,"PAR12_HUMAN",32,8.34160598039677,4.35999303185174e-05,0.000600496425906508,0.267546892499999,"Non-significant",3.22148957312985,"PARP12","PAR12_HUMAN"
0.613908292499998,10.22480154125,9.2274124508214,3.11214154642179e-05,0.000611474151393688,2.2365519092236,"RETR1_HUMAN",6,8.33503185779084,4.38387280260338e-05,0.000602800389121434,0.613908292499998,"Up in D1CM",3.2198264760103,"RETREG1","RETR1_HUMAN"
-0.1295068225,13.25426518875,-7.5269351266182,0.000118661069421135,0.00132300814041104,0.741138879917475,"PLIN3_HUMAN",23,-8.32647977418442,4.41515662420278e-05,0.000604574453520364,-0.1295068225,"Non-significant",3.21855020801751,"PLIN3","PLIN3_HUMAN"
0.378319504999999,11.714595675,7.89949367828118,8.67521165564045e-05,0.00110961091115923,1.09089702768564,"ABCD1_HUMAN",36,8.32584918788428,4.41747320160882e-05,0.000604574453520364,0.378319504999999,"Non-significant",3.21855020801751,"ABCD1","ABCD1_HUMAN"
-1.2354362,10.90048182,-10.626918809219,1.20219631837726e-05,0.000335540157867614,3.29942123770321,"OR1D4_HUMAN;OR1D5_HUMAN",1,-8.32562629548814,4.41829236408286e-05,0.000604574453520364,-1.2354362,"Up in D1BM",3.21855020801751,"OR1D4;OR1D5","OR1D4_HUMAN;OR1D5_HUMAN"
-0.157448290000001,10.559058665,-7.88309817968571,8.79337504422572e-05,0.00111851881613495,1.07578579612348,"GYS1_HUMAN",21,-8.31698814232739,4.45017017749773e-05,0.000606568209580507,-0.157448290000001,"Non-significant",3.21712035493132,"GYS1","GYS1_HUMAN"
0.509145257500002,14.84651398625,9.29557357941446,2.96285994254728e-05,0.000590400625430994,2.29149744146025,"RL34_HUMAN",7,8.31635554578709,4.45251477523633e-05,0.000606568209580507,0.509145257500002,"Up in D1CM",3.21712035493132,"RPL34","RL34_HUMAN"
0.403437377500001,10.48879301375,8.19130750169273,6.84454918387483e-05,0.000962569645644259,1.35568372673173,"AHR_HUMAN",16,8.31583326328017,4.4544515568909e-05,0.000606568209580507,0.403437377500001,"Non-significant",3.21712035493132,"AHR","AHR_HUMAN"
0.880448105000001,14.4735535375,8.1840370153007,6.88450021487348e-05,0.000965548291367197,1.34918092676706,"TMT1B_HUMAN",11,8.31208763212063,4.46836914660415e-05,0.000607481992527844,0.880448105000001,"Up in D1CM",3.21646659124685,"TMT1B","TMT1B_HUMAN"
0.162478205000001,11.7819205525,7.50575146006761,0.000120838327555815,0.00134195818572854,0.720841967260069,"SELO_HUMAN",26,8.3030882318172,4.50200742253451e-05,0.0006101551236995,0.162478205000001,"Non-significant",3.2145597374448,"SELENOO","SELO_HUMAN"
0.410529613750001,9.713713884375,8.35988421168279,5.98764361653037e-05,0.00090076591152343,1.50514321812366,"CP39A_HUMAN",13,8.30189973578009,4.50647096828671e-05,0.0006101551236995,0.410529613750001,"Non-significant",3.2145597374448,"CYP39A1","CP39A_HUMAN"
0.347663645000001,11.8332821125,7.93146381348078,8.44990524272731e-05,0.00109744609076962,1.12029021338536,"GHDC_HUMAN",26,8.30102806094793,4.50974780003308e-05,0.0006101551236995,0.347663645000001,"Non-significant",3.2145597374448,"GHDC","GHDC_HUMAN"
0.293328523500001,9.11414873575,7.99230884261542,8.03906755352218e-05,0.00106375667831458,1.17596686864655,"GUF1_HUMAN",21,8.28597069990472,4.56677487368167e-05,0.000616880535420878,0.293328523500001,"Non-significant",3.20979893293752,"GUF1","GUF1_HUMAN"
0.3144507405,9.42245078075,7.96358033886093,8.23017733067118e-05,0.00107897469273165,1.14972163048212,"TNK1_HUMAN",22,8.27748014008619,4.59928684728041e-05,0.000619584983986358,0.3144507405,"Non-significant",3.2078991161725,"TNK1","TNK1_HUMAN"
0.615891456499998,8.744496107,7.9634763608194,8.23087824684367e-05,0.00107897469273165,1.14962650082447,"RPAP1_HUMAN",39,8.2758800910961,4.60544269619963e-05,0.000619584983986358,0.615891456499998,"Up in D1CM",3.2078991161725,"RPAP1","RPAP1_HUMAN"
0.301179170000001,14.065751195,8.23804337728424,6.59388714573364e-05,0.000953342620092433,1.3973718693413,"HACD3_HUMAN",16,8.27194407304693,4.62062495855625e-05,0.000619584983986358,0.301179170000001,"Non-significant",3.2078991161725,"HACD3","HACD3_HUMAN"
0.341469047499997,12.42694270625,8.19098986567728,6.84628911556727e-05,0.000962569645644259,1.35539972877768,"LEG8_HUMAN",16,8.27102908165664,4.62416233899262e-05,0.000619584983986358,0.341469047499997,"Non-significant",3.2078991161725,"LGALS8","LEG8_HUMAN"
0.36019993,13.1161685,7.95613267263108,8.28055246280026e-05,0.00108212056913091,1.14290520212893,"TMM43_HUMAN",23,8.26997583717549,4.62823796122589e-05,0.000619584983986358,0.36019993,"Non-significant",3.2078991161725,"TMEM43","TMM43_HUMAN"
0.80894780075,9.796733259625,8.26073895754115,6.47590504448521e-05,0.000945550412336904,1.41754600331142,"CERS4_HUMAN",9,8.26928852330361,4.63089974980905e-05,0.000619584983986358,0.80894780075,"Up in D1CM",3.2078991161725,"CERS4","CERS4_HUMAN"
0.280312057500002,10.41449737625,12.6226227226189,3.70010262314412e-06,0.000180278410465213,4.61371335803756,"LIMS2_HUMAN",8,8.25203644146255,4.69827690633071e-05,0.00062760342382665,0.280312057500002,"Non-significant",3.20231469582926,"LIMS2","LIMS2_HUMAN"
0.0997235775000007,11.26716864125,6.24630613641785,0.000385764629870536,0.00284480320663058,-0.572704814350864,"ITCH_HUMAN",34,8.24958047957015,4.70795742127643e-05,0.000627901473163592,0.0997235775000007,"Non-significant",3.20210849801178,"ITCH","ITCH_HUMAN"
0.425336359999996,16.308264495,7.96738559277309,8.20457227534607e-05,0.00107888205474091,1.15320237011604,"RS2_HUMAN",22,8.24472146223762,4.72717573309228e-05,0.000629085636928406,0.425336359999996,"Non-significant",3.20129023036728,"RPS2","RS2_HUMAN"
0.623073102499998,12.48012089625,8.02473218686068,7.82935515332839e-05,0.00104811935669359,1.20549569788499,"TMX2_HUMAN",18,8.2431465589866,4.73342358825646e-05,0.000629085636928406,0.623073102499998,"Up in D1CM",3.20129023036728,"TMX2","TMX2_HUMAN"
0.403548004999999,12.0620049225,8.22468332635599,6.66447030435031e-05,0.00096025333667297,1.38547468150757,"SYVN1_HUMAN",14,8.24168596116375,4.73922623620285e-05,0.000629085636928406,0.403548004999999,"Non-significant",3.20129023036728,"SYVN1","SYVN1_HUMAN"
0.517916917499999,12.63605916375,7.88247039498958,8.79793540274615e-05,0.00111851881613495,1.07520668216357,"ESYT2_HUMAN",38,8.22013605090314,4.82577098142739e-05,0.000638638295913892,0.517916917499999,"Up in D1CM",3.19474504256855,"ESYT2","ESYT2_HUMAN"
0.495593785000001,13.373758435,13.8915916829336,1.90662600642682e-06,0.000124809971272285,5.35095405527124,"RS30_HUMAN",4,8.21999464025452,4.826344696846e-05,0.000638638295913892,0.495593785000001,"Non-significant",3.19474504256855,"FAU","RS30_HUMAN"
0.373566389,8.35278499125,8.85129067356948,4.10543005143561e-05,0.000726152485891854,1.92692792327149,"SURF6_HUMAN",10,8.20855864604663,4.87299511956975e-05,0.000642928116768185,0.373566389,"Non-significant",3.19183758109765,"SURF6","SURF6_HUMAN"
0.224551202499999,10.43243002875,7.43339763801923,0.000128620587966114,0.00140016460180204,0.651175826672054,"SMCA2_HUMAN",42,8.20830901006082,4.87401906056318e-05,0.000642928116768185,0.224551202499999,"Non-significant",3.19183758109765,"SMARCA2","SMCA2_HUMAN"
-0.196715595000002,13.11327994,-7.44599276544986,0.000127226301559358,0.00138910685990134,0.663341192302111,"P4HA2_HUMAN",31,-8.2061898435489,4.88272102329293e-05,0.000643069617270877,-0.196715595000002,"Non-significant",3.19174200878655,"P4HA2","P4HA2_HUMAN"
0.233350755,10.20940566,7.75463501435227,9.78453253663643e-05,0.00118027045991705,0.956501461353151,"PLIN5_HUMAN",24,8.20363180634799,4.89324828645247e-05,0.000643450699009483,0.233350755,"Non-significant",3.19148472299172,"PLIN5","PLIN5_HUMAN"
0.390031575000002,10.3378072975,7.79205879132787,9.48338162762621e-05,0.00117035759501115,0.991414038282521,"NBN_HUMAN",35,8.1909456464215,4.94583310364696e-05,0.000649352449075393,0.390031575000002,"Non-significant",3.18751951715792,"NBN","NBN_HUMAN"
0.265782832499998,10.87898778875,8.68151255686038,4.66761907288966e-05,0.000785296630047643,1.78348057715416,"NSUN4_HUMAN",13,8.1871588126123,4.96165201736797e-05,0.000649603960791056,0.265782832499998,"Non-significant",3.18735133576125,"NSUN4","NSUN4_HUMAN"
0.271268129999999,10.892487645,8.11002127043065,7.30651387101556e-05,0.000994729002011351,1.282709383232,"NACC1_HUMAN",17,8.18679797644681,4.96316230572358e-05,0.000649603960791056,0.271268129999999,"Non-significant",3.18735133576125,"NACC1","NACC1_HUMAN"
0.201136352499999,10.36003673125,7.41780532160231,0.000130370510452873,0.00140703333240368,0.636093183016925,"DTNA_HUMAN",32,8.16998052205353,5.03412595271644e-05,0.000657400609021253,0.201136352499999,"Non-significant",3.18216989792028,"DTNA","DTNA_HUMAN"
0.0981915025000006,14.62294185125,5.92558653227121,0.000532951466317945,0.00355399359936231,-0.931807611317295,"SC24D_HUMAN",43,8.16724596453407,5.04577173718248e-05,0.000657400609021253,0.0981915025000006,"Non-significant",3.18216989792028,"SEC24D","SC24D_HUMAN"
0.206648592500004,12.52580201625,7.25871927477173,0.000149839188060376,0.00152535569584651,0.480778974252436,"ABCA6_HUMAN",50,8.16416604757828,5.05892441709497e-05,0.000657400609021253,0.206648592500004,"Non-significant",3.18216989792028,"ABCA6","ABCA6_HUMAN"
0.258567095,11.008102535,7.64845871061711,0.000106991847124874,0.00123201404291744,0.856711808735934,"DDX54_HUMAN",29,8.16402371483461,5.05953317058721e-05,0.000657400609021253,0.258567095,"Non-significant",3.18216989792028,"DDX54","DDX54_HUMAN"
0.163981917500001,13.99679303125,7.09794334888936,0.000172895644443154,0.00169260432139627,0.321122479765199,"ACSM5_HUMAN",36,8.16154702530003,5.07013903615296e-05,0.000657400609021253,0.163981917500001,"Non-significant",3.18216989792028,"ACSM5","ACSM5_HUMAN"
0.255798339999998,13.787011385,7.78103334532418,9.57100623689637e-05,0.00117772279665401,0.98114240249487,"UD2A3_HUMAN",23,8.16060000026943,5.07420102801648e-05,0.000657400609021253,0.255798339999998,"Non-significant",3.18216989792028,"UGT2A3","UD2A3_HUMAN"
0.254253867500003,13.96892476125,7.65360492290244,0.000106526970644729,0.00123170896510894,0.861573827818509,"SAM50_HUMAN",28,8.15987204514135,5.07732585683754e-05,0.000657400609021253,0.254253867500003,"Non-significant",3.18216989792028,"SAMM50","SAM50_HUMAN"
0.275730609999998,9.012859106,7.60389044931923,0.000111114697471949,0.00126565646620414,0.814495800509231,"ATG2A_HUMAN",35,8.15321795218369,5.10598926696068e-05,0.000660097906920423,0.275730609999998,"Non-significant",3.18039164433424,"ATG2A","ATG2A_HUMAN"
-2.3936150075,7.78593218325,-7.92819458181886,8.47263984616276e-05,0.00109870586558932,1.11728889919984,"CCN2_HUMAN",12,-8.15000937037593,5.11987531211388e-05,0.000660879464101193,-2.3936150075,"Up in D1BM",3.17987774300943,"CCN2","CCN2_HUMAN"
0.287419557750001,8.976528286875,7.82445053588362,9.23112580555757e-05,0.00115272828763029,1.02152385026843,"TLR2_HUMAN",22,8.14535535238689,5.1400920188435e-05,0.000662474550868989,0.287419557750001,"Non-significant",3.17883080060543,"TLR2","TLR2_HUMAN"
0.369237900000003,12.5231671325,8.53728827432397,5.21401786843026e-05,0.000834590867905543,1.65975410613576,"SCD_HUMAN",11,8.13194123615225,5.19886324407688e-05,0.000669026233348458,0.369237900000003,"Non-significant",3.17455685267297,"SCD","SCD_HUMAN"
0.23443508175,10.002013206625,8.8500269651828,4.10932181481094e-05,0.000726152485891854,1.92586884562439,"YJU2_HUMAN",13,8.1298120724288,5.20826067663646e-05,0.000669213860417206,0.23443508175,"Non-significant",3.17443507273001,"YJU2","YJU2_HUMAN"
-0.114446880000003,15.2560518975,-6.30093590350167,0.000365538885686306,0.00273391949196972,-0.512813249970971,"PUR9_HUMAN",42,-8.12377160524511,5.23502489120697e-05,0.000670895196722927,-0.114446880000003,"Non-significant",3.17334531744623,"ATIC","PUR9_HUMAN"
0.267896652250002,9.529417276375,7.91918466954796,8.53565297181036e-05,0.00110348188495996,1.10901217613576,"PTN18_HUMAN",19,8.12326767099132,5.23726467485688e-05,0.000670895196722927,0.267896652250002,"Non-significant",3.17334531744623,"PTPN18","PTN18_HUMAN"
-2.001790762,7.9347697495,-7.88448693116649,8.78329631409723e-05,0.00111851881613495,1.07706674866105,"FETA_HUMAN",22,-8.11758638634288,5.2625899719709e-05,0.000673116401725989,-2.001790762,"Up in D1BM",3.17190982692609,"AFP","FETA_HUMAN"
1.07312130975,9.680265307625,8.83026377137448,4.17073009151968e-05,0.000732397582112903,1.90928915197828,"ORML2_HUMAN",3,8.1087167894407,5.30240199598961e-05,0.000677181006427218,1.07312130975,"Up in D1CM",3.16929523148385,"ORMDL2","ORML2_HUMAN"
0.960160257500002,12.94517612375,8.14454753629711,7.10613466510111e-05,0.000980309260115912,1.31377808093101,"C560_HUMAN",7,8.10498771611497,5.3192407787231e-05,0.00067830379007348,0.960160257500002,"Up in D1CM",3.16857575627509,"SDHC","C560_HUMAN"
0.5695829425,11.48834085375,8.19998991273411,6.79718143753989e-05,0.000962569645644259,1.36344315740409,"TACAN_HUMAN",10,8.10076922725457,5.33836166738142e-05,0.000679713753691209,0.5695829425,"Up in D1CM",3.16767394224227,"TMEM120A","TACAN_HUMAN"
0.190263747499998,13.05206370375,8.60842467893111,4.93599015486576e-05,0.000798569309315997,1.72099781721078,"PTGR3_HUMAN",15,8.09668282031194,5.35695719747525e-05,0.000681052672964086,0.190263747499998,"Non-significant",3.16681929822962,"PTGR3","PTGR3_HUMAN"
0.552034139749999,8.661381363875,7.85895625515985,8.97067935308316e-05,0.00113153465316425,1.05348871227726,"CP4FN_HUMAN",20,8.09483136209973,5.36540624636302e-05,0.000681099536906534,0.552034139749999,"Up in D1CM",3.16678941500297,"CYP4F22","CP4FN_HUMAN"
-0.164071557499998,15.29593348375,-7.69210105207227,0.000103120655310289,0.00120722778279226,0.897861828826501,"ASGR1_HUMAN",21,-8.0903060457886,5.38612012679039e-05,0.000682700850356635,-0.164071557499998,"Non-significant",3.16576955620067,"ASGR1","ASGR1_HUMAN"
0.647897482499999,15.28079426375,8.1072543635296,7.322845550851e-05,0.000994729002011351,1.2802148819195,"RL18_HUMAN",10,8.08751863920845,5.39892351524487e-05,0.000682901328360705,0.647897482499999,"Up in D1CM",3.1656420425032,"RPL18","RL18_HUMAN"
0.150139095,10.5060082675,6.78249454977127,0.000230670504635487,0.00201902563195485,-0.000273176328782654,"ANKL2_HUMAN",45,8.08643603805661,5.40390539822743e-05,0.000682901328360705,0.150139095,"Non-significant",3.1656420425032,"ANKLE2","ANKL2_HUMAN"
0.316952228750001,9.374287128375,18.005619810389,3.10783845895485e-07,3.53365461676185e-05,7.35383433223023,"BAK_HUMAN",6,8.07770750511875,5.44426044720584e-05,0.000686971127387695,0.316952228750001,"Non-significant",3.16306151545821,"BAK1","BAK_HUMAN"
-0.197769402499997,15.08340394625,-7.7238417626039,0.000100404091543187,0.00118581140104453,0.927673243705723,"SEC13_HUMAN",21,-8.06943363258206,5.48282479085733e-05,0.000690803141437017,-0.197769402499997,"Non-significant",3.16064569613981,"SEC13","SEC13_HUMAN"
-0.676516057250002,9.934325933875,-7.82767514588564,9.20642966589388e-05,0.0011520827317395,1.02451581065801,"ANGL3_HUMAN",21,-8.06759206236622,5.49144981228366e-05,0.000690857171160283,-0.676516057250002,"Up in D1BM",3.16061173003328,"ANGPTL3","ANGL3_HUMAN"
-0.119254112500002,16.11688184625,-6.32685763003015,0.000356358709614686,0.00269153007467938,-0.484522243322219,"TCPG_HUMAN",44,-8.05688145091245,5.54191483846246e-05,0.000696166917636364,-0.119254112500002,"Non-significant",3.15728661855438,"CCT3","TCPG_HUMAN"
-0.396457197499998,11.77629709375,-8.11152372255665,7.29766282871009e-05,0.000994729002011351,1.28406362545893,"ANGL4_HUMAN",13,-8.05261856903602,5.56214429298963e-05,0.000697668366750143,-0.396457197499998,"Non-significant",3.15635096808766,"ANGPTL4","ANGL4_HUMAN"
0.517260074999999,14.2702298175,7.72333071823665,0.000100447187133206,0.00118581140104453,0.927194037002167,"LETM1_HUMAN",38,8.0501875348395,5.57371769856273e-05,0.000698081225574818,0.517260074999999,"Up in D1CM",3.15609404189462,"LETM1","LETM1_HUMAN"
0.464676382500002,11.78758406625,7.86433312966525,8.93084464911668e-05,0.00112860703969122,1.05845947822925,"K2013_HUMAN",17,8.04390129408659,5.60376959298636e-05,0.000700803767051662,0.464676382500002,"Non-significant",3.15440357235745,"KIAA2013","K2013_HUMAN"
0.236162900749999,9.328163266125,7.57632514530028,0.00011375396813079,0.00128702308372407,0.788287141808336,"CRCM_HUMAN",25,8.03311600971228,5.65575254835663e-05,0.000706256862668119,0.236162900749999,"Non-significant",3.15103731913086,"MCC","CRCM_HUMAN"
0.125185247500001,11.31764423875,6.40019142101601,0.000331753794727452,0.00258841011995019,-0.404926475574498,"EXOSX_HUMAN",45,8.02529480380085,5.69378650600888e-05,0.000709954533419362,0.125185247500001,"Non-significant",3.14876946327719,"EXOSC10","EXOSX_HUMAN"
0.537345886249998,8.534993171625,7.99012316013309,8.05343037870444e-05,0.00106398690692946,1.17397280781554,"SNX19_HUMAN",12,8.01553711651968,5.74163897057545e-05,0.000714863735346831,0.537345886249998,"Up in D1CM",3.14577673390078,"SNX19","SNX19_HUMAN"
0.504549503750003,10.231193780625,7.76133063735458,9.72987127106333e-05,0.00118027045991705,0.962757692353842,"TFB1M_HUMAN",21,8.00714085934208,5.78317497352774e-05,0.000718973183655831,0.504549503750003,"Up in D1CM",3.14328730768038,"TFB1M","TFB1M_HUMAN"
0.58930254,10.63231659,8.32287732823776,6.16486839013327e-05,0.000911643432639182,1.47254776160929,"S35E1_HUMAN",8,8.00442211926448,5.79669640744624e-05,0.000719592842685778,0.58930254,"Up in D1CM",3.14291316494507,"SLC35E1","S35E1_HUMAN"
-0.0904886700000009,15.7660280475,-5.59185039194572,0.000756000496386844,0.00457125407750696,-1.31953359082694,"STIP1_HUMAN",46,-7.99984940818375,5.81951820665392e-05,0.000721363514174793,-0.0904886700000009,"Non-significant",3.14184582763074,"STIP1","STIP1_HUMAN"
-0.2274963875,13.14722382875,-7.32529365314388,0.000141319953649294,0.00146960721794546,0.546093353392983,"PIGR_HUMAN",36,-7.99216587773327,5.85809225348686e-05,0.000725078701977104,-0.2274963875,"Non-significant",3.13961485138857,"PIGR","PIGR_HUMAN"
0.238455057499998,12.92592990375,7.68430982436059,0.000103800049915909,0.00121030787239837,0.890529189245603,"MIRO2_HUMAN",21,7.98973899754271,5.87033538997648e-05,0.000725528695045626,0.238455057499998,"Non-significant",3.13934540630891,"RHOT2","MIRO2_HUMAN"
0.257491587499999,11.01558780625,7.78570701943687,9.53375150953228e-05,0.00117485367651824,0.985497961127869,"DDX47_HUMAN",19,7.98507721414782,5.89393350985595e-05,0.000727371053406561,0.257491587499999,"Non-significant",3.13824398620122,"DDX47","DDX47_HUMAN"
0.155068875,15.230982305,6.91486703734187,0.000204134035433434,0.00188460655494897,0.135933074487786,"ASPH_HUMAN",35,7.98338989686301,5.90250089607412e-05,0.000727371053406561,0.155068875,"Non-significant",3.13824398620122,"ASPH","ASPH_HUMAN"
0.537112474750003,9.548343777625,7.7989419831863,9.42913533138492e-05,0.00116879678982711,0.997820718091686,"RDH5_HUMAN",16,7.97074021587817,5.96717512696347e-05,0.000734267432776278,0.537112474750003,"Up in D1CM",3.13414573378212,"RDH5","RDH5_HUMAN"
0.54069519075,8.890005588625,7.6822027002631,0.000103984654933681,0.00121030787239837,0.88854507235612,"TEX10_HUMAN",28,7.96795323354619,5.98153043641422e-05,0.00073496093365212,0.54069519075,"Up in D1CM",3.13373574492971,"TEX10","TEX10_HUMAN"
-0.375664948500001,9.8351377245,-7.70099177462616,0.000102351487910208,0.00120323666889141,0.906222021980767,"ANXA3_HUMAN",21,-7.95900398146641,6.02788829609563e-05,0.000739578900258953,-0.375664948500001,"Non-significant",3.1310154874964,"ANXA3","ANXA3_HUMAN"
0.132396699999997,17.4150495525,6.48371258844386,0.000306017536702683,0.00245192187915106,-0.315059580142279,"ACS2A_HUMAN",44,7.95046778615156,6.07248102194445e-05,0.00074321044647499,0.132396699999997,"Non-significant",3.12888819458148,"ACSM2A","ACS2A_HUMAN"
0.290660857499999,10.20997905875,7.36655809406826,0.000136313224930772,0.00144163635249872,0.586346088739223,"RICTR_HUMAN",59,7.94996451538761,6.07512157576543e-05,0.00074321044647499,0.290660857499999,"Non-significant",3.12888819458148,"RICTOR","RICTR_HUMAN"
0.116855382499999,15.87175619375,6.40409707462359,0.000330497698877966,0.0025841976844549,-0.400705493684668,"CACP_HUMAN",35,7.93473482000806,6.15563884980684e-05,0.000751969273406114,0.116855382499999,"Non-significant",3.1237999049706,"CRAT","CACP_HUMAN"
-0.392370699999999,13.7462038975,-11.0024229739836,9.4924045847457e-06,0.000307736454787775,3.56321245418004,"SDC1_HUMAN",6,-7.93110928233403,6.17498188949728e-05,0.000753240554943163,-0.392370699999999,"Non-significant",3.12306630533902,"SDC1","SDC1_HUMAN"
0.482462644999998,10.5939821,7.94814189890698,8.33498747621924e-05,0.00108478575767695,1.13558594614209,"TPPC5_HUMAN",12,7.92833110320429,6.18985006575305e-05,0.000753754736791523,0.482462644999998,"Non-significant",3.12276994562333,"TRAPPC5","TPPC5_HUMAN"
0.345367192499999,13.06904685625,7.71640606638139,0.000101033188368467,0.00119106118147945,0.920698289058265,"ACOT4_HUMAN",19,7.92698250237225,6.19708189104906e-05,0.000753754736791523,0.345367192499999,"Non-significant",3.12276994562333,"ACOT4","ACOT4_HUMAN"
0.195117475,12.648928165,8.64378285796897,4.80404516107139e-05,0.000789561129818613,1.75128098335714,"ARM10_HUMAN",14,7.92467633943251,6.20947050377571e-05,0.000754173297929762,0.195117475,"Non-significant",3.12252884817947,"ARMC10","ARM10_HUMAN"
0.263591527499999,10.60905802125,7.76478279091524,9.70182310454363e-05,0.00118027045991705,0.965981615092621,"RIOX2_HUMAN",18,7.9080232395664,6.29975636745074e-05,0.000764038078003486,0.263591527499999,"Non-significant",3.11688499658831,"RIOX2","RIOX2_HUMAN"
0.1204957975,13.38100624125,5.96754830937228,0.000510528757452391,0.00344286668352942,-0.884084276626647,"PRP8_HUMAN",122,7.89547862687328,6.36873695950095e-05,0.000771294307925769,0.1204957975,"Non-significant",3.11277987367514,"PRPF8","PRP8_HUMAN"
0.598878862500005,12.65815472625,12.4339863588152,4.10480222457214e-06,0.000193292614250942,4.49812287051294,"VKOR1_HUMAN",3,7.88791535182841,6.4107337714054e-05,0.000774809702347721,0.598878862500005,"Up in D1CM",3.11080494958213,"VKORC1","VKOR1_HUMAN"
0.545184135500001,8.95904326425,8.52322410207359,5.27105262087456e-05,0.00083694682537582,1.64759521595115,"ACVR1_HUMAN",7,7.88694420372259,6.41614868001791e-05,0.000774809702347721,0.545184135500001,"Up in D1CM",3.11080494958213,"ACVR1","ACVR1_HUMAN"
0.311072352500002,13.05606532125,7.41875974306111,0.000130262630493643,0.00140703333240368,0.637017118624836,"ACSL3_HUMAN",37,7.88387127542816,6.43331635939857e-05,0.000775771439104013,0.311072352500002,"Non-significant",3.11026621348029,"ACSL3","ACSL3_HUMAN"
0.132800339999999,12.8789292575,6.30962243840248,0.000362433416860077,0.00272277296855044,-0.503323645914276,"SON_HUMAN",61,7.88051938776114,6.45210107889026e-05,0.000776925142770943,0.132800339999999,"Non-significant",3.10962082373144,"SON","SON_HUMAN"
-2.46252048,7.42542463525,-7.74487390457939,9.8648396559032e-05,0.00118027045991705,0.947373165860325,"TGBR3_HUMAN",4,-7.87221778127797,6.49888959203019e-05,0.000780825703667291,-2.46252048,"Up in D1BM",3.1074458987518,"TGFBR3","TGBR3_HUMAN"
0.480511307750003,8.144920289375,9.37537338461611,2.7982653028231e-05,0.000569454722295671,2.35538358633494,"PPTC7_HUMAN",6,7.87148795573629,6.50302104608421e-05,0.000780825703667291,0.480511307750003,"Non-significant",3.1074458987518,"PPTC7","PPTC7_HUMAN"
0.603603360500001,10.32117938975,8.11704814320718,7.26522178648085e-05,0.00099252114162475,1.28904132443384,"PM34_HUMAN",8,7.85318050521653,6.60762373561871e-05,0.000791077570284483,0.603603360500001,"Up in D1CM",3.10178092902473,"SLC25A17","PM34_HUMAN"
0.142829897499999,13.40168833625,6.61429101718941,0.000270137956979474,0.00224747446347296,-0.176213329481826,"ABCE1_HUMAN",40,7.85123513826357,6.61884899004389e-05,0.000791077570284483,0.142829897499999,"Non-significant",3.10178092902473,"ABCE1","ABCE1_HUMAN"
0.3270471075,11.97201550125,8.17615115995915,6.92812992807542e-05,0.000969843064267674,1.3421223688891,"TM192_HUMAN",12,7.85044243279756,6.62342920879459e-05,0.000791077570284483,0.3270471075,"Non-significant",3.10178092902473,"TMEM192","TM192_HUMAN"
-2.261555433,7.8039075135,-7.74070780911033,9.89934075050287e-05,0.00118027045991705,0.94347435775413,"GTR3_HUMAN",4,-7.85000756761947,6.62594334583989e-05,0.000791077570284483,-2.261555433,"Up in D1BM",3.10178092902473,"SLC2A3","GTR3_HUMAN"
0.132742642499998,12.81374728625,6.39290654401533,0.000334110976789675,0.00259082007668829,-0.412804402408756,"EGFR_HUMAN",47,7.84443893129021,6.65823239898868e-05,0.000793808216281125,0.132742642499998,"Non-significant",3.10028441025742,"EGFR","EGFR_HUMAN"
0.376121758249999,10.137840628375,8.16231437344544,7.00543889719405e-05,0.000972397764502956,1.32972367160592,"PEX12_HUMAN",11,7.84213275427072,6.67165593968113e-05,0.000794285140050455,0.376121758249999,"Non-significant",3.10002356240901,"PEX12","PEX12_HUMAN"
0.193376782500001,11.66124594125,7.2057559698847,0.000157029593646958,0.00157967956391663,0.428486881015875,"TRIP6_HUMAN",28,7.83579602190674,6.70869606442794e-05,0.000796528525235703,0.193376782500001,"Non-significant",3.09879866665427,"TRIP6","TRIP6_HUMAN"
0.380106922499998,16.42907667125,7.55113268257104,0.000116227825591526,0.00130624578921463,0.764268538851802,"SCPDL_HUMAN",23,7.83421795517575,6.71795604452909e-05,0.000796528525235703,0.380106922499998,"Non-significant",3.09879866665427,"SCCPDH","SCPDL_HUMAN"
-0.149479865,13.5714509475,-7.86715146674583,8.91004447753163e-05,0.00112860703969122,1.06106385623514,"LANC1_HUMAN",18,-7.83382243243469,6.72027918090683e-05,0.000796528525235703,-0.149479865,"Non-significant",3.09879866665427,"LANCL1","LANC1_HUMAN"
0.177796362500001,16.29734802125,7.20561209418501,0.000157049646999898,0.00157967956391663,0.428344426348652,"PDLI1_HUMAN",26,7.83245822682707,6.72829884882929e-05,0.000796528525235703,0.177796362500001,"Non-significant",3.09879866665427,"PDLIM1","PDLI1_HUMAN"
0.306941272500001,11.06332695625,7.83473058822906,9.15265342038687e-05,0.00114974240954457,1.03105876187211,"KRR1_HUMAN",15,7.82216739261151,6.78914067311544e-05,0.000801946678426435,0.306941272500001,"Non-significant",3.09585450707122,"KRR1","KRR1_HUMAN"
0.6760447025,14.99746453625,7.57952346827112,0.000113444155122244,0.00128697279074751,0.791331921303051,"NB5R1_HUMAN",23,7.82133643071112,6.79408027616368e-05,0.000801946678426435,0.6760447025,"Up in D1CM",3.09585450707122,"CYB5R1","NB5R1_HUMAN"
0.664197443999996,9.57682991,7.98780134718514,8.06871941546697e-05,0.00106433859081332,1.17185406605415,"DIESL_HUMAN",8,7.81990335357402,6.80260855469096e-05,0.000801946678426435,0.664197443999996,"Up in D1CM",3.09585450707122,"TMEM68","DIESL_HUMAN"
0.1791100525,10.65856981375,6.87865143751693,0.00021103701556241,0.00192056757231991,0.0988631802615405,"INT3_HUMAN",43,7.81476793136967,6.83326796329398e-05,0.00080443597294141,0.1791100525,"Non-significant",3.0945085167667,"INTS3","INT3_HUMAN"
0.189614294999995,10.36038351,6.86405791044454,0.000213892336862755,0.00192999470292968,0.0838841548810798,"INADL_HUMAN",57,7.81194016724269,6.85021612820092e-05,0.000805306439952657,0.189614294999995,"Non-significant",3.09403882788544,"PATJ","INADL_HUMAN"
0.173109530000005,16.239849805,6.85957441959971,0.000214778240664985,0.00193335916580333,0.0792774570940757,"HNRPU_HUMAN",40,7.80494237382878,6.89235960150491e-05,0.000808413659564452,0.173109530000005,"Non-significant",3.09236635692894,"HNRNPU","HNRPU_HUMAN"
0.96824097625,7.972230792125,8.26343510926015,6.46204795030168e-05,0.000945550412336904,1.41993957886318,"CCNL1_HUMAN",4,7.80436843216471,6.89582893850802e-05,0.000808413659564452,0.96824097625,"Up in D1CM",3.09236635692894,"CCNL1","CCNL1_HUMAN"
0.346772192500001,12.50075507125,7.59377024323503,0.000112075585016051,0.0012748786856954,0.804882414179572,"MARC1_HUMAN",19,7.80160636506182,6.91255227161074e-05,0.000808781015273458,0.346772192500001,"Non-significant",3.09216905160443,"MTARC1","MARC1_HUMAN"
0.623794792500002,13.20614588125,9.62924083304182,2.33949949183502e-05,0.000494748349868773,2.55552477285298,"SGMR2_HUMAN",4,7.80068301198023,6.91815294829948e-05,0.000808781015273458,0.623794792500002,"Up in D1CM",3.09216905160443,"TMEM97","SGMR2_HUMAN"
0.534376622500002,12.20732355375,7.4945613207081,0.000122006553584372,0.00135314900021404,0.710102055065969,"SELB_HUMAN",32,7.78593477541468,7.00830036627189e-05,0.000818185094007005,0.534376622500002,"Up in D1CM",3.08714843690007,"EEFSEC","SELB_HUMAN"
0.234906674999998,10.7506396775,7.53631967876703,0.000117710648464881,0.00131414974292779,0.750116217362887,"DGLB_HUMAN",20,7.78382518692305,7.02130202172199e-05,0.000818569221868529,0.234906674999998,"Non-significant",3.08694458881847,"DAGLB","DGLB_HUMAN"
0.221485852500003,12.28295123625,6.97062004080067,0.000193996514438322,0.00182744797933675,0.192717621058142,"MYO6_HUMAN",73,7.77224583828681,7.09314864667643e-05,0.000825803176006017,0.221485852500003,"Non-significant",3.08312345117888,"MYO6","MYO6_HUMAN"
-3.01396524875,8.518737494875,-7.57729362086978,0.000113660054181403,0.00128702308372407,0.789209230526195,"PARVB_HUMAN",6,-7.767120559931,7.12521150213684e-05,0.00082839183105533,-3.01396524875,"Up in D1BM",3.08176419242596,"PARVB","PARVB_HUMAN"
1.3927783965,7.836492777,7.62087975185841,0.00010952236392616,0.00125600544970558,0.83061151679774,"STML1_HUMAN",8,7.76007834593594,7.16953078068528e-05,0.000832396349179012,1.3927783965,"Up in D1CM",3.07966983323562,"STOML1","STML1_HUMAN"
0.877928375749997,8.019586265125,7.74285886742549,9.88151006022966e-05,0.00118027045991705,0.945487618382511,"CC137_HUMAN",8,7.7530114858532,7.2143149813507e-05,0.00083644375485289,0.877928375749997,"Up in D1CM",3.07756325706653,"CCDC137","CC137_HUMAN"
0.526122810000004,11.42431414,7.41941211719666,0.000130188949201805,0.00140703333240368,0.637648601373586,"GBF1_HUMAN",69,7.75125303579256,7.22550715305568e-05,0.000836590656498714,0.526122810000004,"Up in D1CM",3.07748699016623,"GBF1","GBF1_HUMAN"
0.157598494999998,12.883422135,6.81020788696818,0.000224809580227051,0.00199426130148119,0.0284054515807952,"HNRL1_HUMAN",33,7.74397453256887,7.27204008086367e-05,0.000840823399747598,0.157598494999998,"Non-significant",3.07529521058608,"HNRNPUL1","HNRL1_HUMAN"
0.534726380999997,9.1687146425,7.95650778858905,8.27800693759125e-05,0.00108212056913091,1.143248648226,"GDAP1_HUMAN",9,7.73280566011097,7.34409732416515e-05,0.00084799173075874,0.534726380999997,"Up in D1CM",3.07160838277083,"GDAP1","GDAP1_HUMAN"
0.415301558749997,9.842280267125,8.07481728750757,7.5174034078856e-05,0.00101367888480074,1.25091927412072,"PARL_HUMAN",10,7.7298921909845,7.36302482293362e-05,0.000849014175547298,0.415301558749997,"Non-significant",3.07108505850684,"PARL","PARL_HUMAN"
0.353822232499997,17.14562630625,7.74241788243017,9.88516255494408e-05,0.00118027045991705,0.945074919505615,"TMT1A_HUMAN",14,7.7276419657988,7.37768082209317e-05,0.000849541962423816,0.353822232499997,"Non-significant",3.07081516464776,"TMT1A","TMT1A_HUMAN"
0.380137205749998,10.078477502125,7.65032298221709,0.000106823177494565,0.00123201404291744,0.858473428392617,"MECP2_HUMAN",15,7.72504540583646,7.39463305412913e-05,0.000850317101414226,0.380137205749998,"Non-significant",3.07041908638841,"MECP2","MECP2_HUMAN"
0.372888804999999,14.5863407825,7.43123656528233,0.000128861541547203,0.00140016460180204,0.649086871547937,"FBRL_HUMAN",24,7.7235236574005,7.40458835494177e-05,0.000850317101414226,0.372888804999999,"Non-significant",3.07041908638841,"FBL","FBRL_HUMAN"
0.380926134999999,11.54569149,7.7730303078797,9.63518094873882e-05,0.00117873643275645,0.973679223921366,"CQ10B_HUMAN",13,7.71801468674531,7.44075352620777e-05,0.00085236413387512,0.380926134999999,"Non-significant",3.06937483299331,"COQ10B","CQ10B_HUMAN"
0.10593295,11.7435756925,6.00906340866402,0.000489375632110351,0.00334817143105369,-0.837090517220174,"FAD1_HUMAN",38,7.71772836678381,7.44263853994647e-05,0.00085236413387512,0.10593295,"Non-significant",3.06937483299331,"FLAD1","FAD1_HUMAN"
0.600287198999997,8.64490950125,8.86425450594257,4.06574539803146e-05,0.000721477220210677,1.93778512675249,"BNIP2_HUMAN",5,7.71520625473344,7.45926615984872e-05,0.000853109287128425,0.600287198999997,"Up in D1CM",3.06899533019638,"BNIP2","BNIP2_HUMAN"
0.159091710000002,10.42819965,6.6723797332337,0.000255710970608565,0.0021618733914339,-0.115085625791107,"RBM6_HUMAN",41,7.712753733477,7.47547478805721e-05,0.000853804566240301,0.159091710000002,"Non-significant",3.06864152687142,"RBM6","RBM6_HUMAN"
-1.897478104,7.72695994375,-7.51517963427052,0.000119863801543988,0.00133289179843572,0.729881035870404,"TINAL_HUMAN",10,-7.71060916735226,7.4896803974646e-05,0.000854074995270939,-1.897478104,"Up in D1BM",3.06850399277431,"TINAGL1","TINAL_HUMAN"
0.430218338749999,8.224465310625,7.40042580085532,0.000132352614401338,0.00142241100982761,0.619252531486502,"NRDE2_HUMAN",29,7.70933907874664,7.49810768181866e-05,0.000854074995270939,0.430218338749999,"Non-significant",3.06850399277431,"NRDE2","NRDE2_HUMAN"
0.759993076250002,8.813005447375,7.76560354578857,9.6951680016115e-05,0.00118027045991705,0.966747938900944,"ZN800_HUMAN",8,7.70530820336556,7.52492354967952e-05,0.000855972747641682,0.759993076250002,"Up in D1CM",3.06754006211869,"ZNF800","ZN800_HUMAN"
0.349677802499999,10.38025557875,7.80825524344514,9.35629265325796e-05,0.00116475693458756,1.00648201814665,"GPHRA_HUMAN;GPHRB_HUMAN",13,7.70034061716719,7.558118459741e-05,0.000858590033654405,0.349677802499999,"Non-significant",3.06621415703293,"GPR89A;GPR89B","GPHRA_HUMAN;GPHRB_HUMAN"
-0.120000837499997,17.45299005625,-6.3757874748577,0.000339724320758825,0.00262032409199711,-0.431342229774553,"A1AT_HUMAN",33,-7.69706081321165,7.58012473405108e-05,0.000859527251013818,-0.120000837499997,"Non-significant",3.06574034960251,"SERPINA1","A1AT_HUMAN"
0.244168040000005,12.2835985425,7.37277865163565,0.000135575895648561,0.00143861383117908,0.592398913466637,"NOC2L_HUMAN",22,7.6954261578283,7.59111938454371e-05,0.000859527251013818,0.244168040000005,"Non-significant",3.06574034960251,"NOC2L","NOC2L_HUMAN"
0.599942446749999,10.155912519125,7.72726226618627,0.000100116180637951,0.00118522371713103,0.9308800009672,"OSGL1_HUMAN",10,7.69455878903083,7.59696051732464e-05,0.000859527251013818,0.599942446749999,"Up in D1CM",3.06574034960251,"OSGEPL1","OSGL1_HUMAN"
0.768643139,9.7361665955,11.2139680838889,8.33594962237375e-06,0.00028491540923143,3.70822401258962,"ORML3_HUMAN",2,7.68714199058945,7.64711305974026e-05,0.000864041769176282,0.768643139,"Up in D1CM",3.06346526251612,"ORMDL3","ORML3_HUMAN"
0.197835922500001,13.10827994375,6.82147748303532,0.000222474135976498,0.00198437512396392,0.0400428215501254,"ITAV_HUMAN",56,7.67969968698024,7.69781006333419e-05,0.00086766667752441,0.197835922500001,"Non-significant",3.06164708117578,"ITGAV","ITAV_HUMAN"
-0.0871801399999974,16.84420109,-5.13419682458494,0.00124998401289417,0.00660157596784772,-1.87561589685057,"TERA_HUMAN",79,-7.67823037753217,7.70786331390015e-05,0.00086766667752441,-0.0871801399999974,"Non-significant",3.06164708117578,"VCP","TERA_HUMAN"
0.386267665000002,15.90904951,7.32819679715565,0.000140961029396486,0.00146960721794546,0.548931071607734,"RL3_HUMAN",33,7.67790721356463,7.71007642028453e-05,0.00086766667752441,0.386267665000002,"Non-significant",3.06164708117578,"RPL3","RL3_HUMAN"
0.619892597,9.4025075435,8.68507110480886,4.65497891500334e-05,0.000785296630047643,1.78651145688351,"F210B_HUMAN",5,7.66908234377548,7.77078646531098e-05,0.00087333278821475,0.619892597,"Up in D1CM",3.05882023447862,"FAM210B","F210B_HUMAN"
0.332031010000001,10.6139491775,7.57224650029695,0.000114150436625615,0.00128977752053259,0.784402828122445,"GPAT4_HUMAN",16,7.66010173198234,7.83311656692909e-05,0.000878537035825003,0.332031010000001,"Non-significant",3.05623992555697,"GPAT4","GPAT4_HUMAN"
0.639487027499998,11.25133025625,10.661276198684,1.17612629787766e-05,0.000332670086067477,3.32390631752613,"CYB_HUMAN",3,7.65941028403793,7.83793867529247e-05,0.000878537035825003,0.639487027499998,"Up in D1CM",3.05623992555697,"MT-CYB","CYB_HUMAN"
0.552942990000002,11.4528177975,8.18997670332083,6.85184229904562e-05,0.000962569645644259,1.3544938011565,"RN126_HUMAN",7,7.65412098638653,7.8749357275369e-05,0.000881511729713261,0.552942990000002,"Up in D1CM",3.05477190444707,"RNF126","RN126_HUMAN"
-0.339721917250001,9.996401428875,-8.65896638038011,4.74860974848629e-05,0.000789468078303569,1.76425323159665,"DCK_HUMAN",9,-7.65092635785505,7.89737564587972e-05,0.000882550179145918,-0.339721917250001,"Non-significant",3.05426059256151,"DCK","DCK_HUMAN"
0.272251608750002,10.176479818125,7.04921437284354,0.00018065117687016,0.00174313995853272,0.272187403450959,"DEN4C_HUMAN",74,7.6498214448087,7.905153461326e-05,0.000882550179145918,0.272251608750002,"Non-significant",3.05426059256151,"DENND4C","DEN4C_HUMAN"
0.3456189625,16.16221869125,8.25334792888179,6.5140638486005e-05,0.000946673175514718,1.41098112911049,"RL14_HUMAN",10,7.64271165629324,7.95540649898345e-05,0.000886985732538776,0.3456189625,"Non-significant",3.05208336588362,"RPL14","RL14_HUMAN"
0.107765675000003,16.8710434425,6.08171491416966,0.000454670296252534,0.00317779098433881,-0.755377831245115,"ACOT1_HUMAN",35,7.63959893236323,7.97751989590802e-05,0.000888276290655333,0.107765675000003,"Non-significant",3.05145192966744,"ACOT1","ACOT1_HUMAN"
0.3247284875,12.17701458875,7.46451406519228,0.000125206734369567,0.00137238955006643,0.681201281048081,"OMA1_HUMAN",18,7.63365716343051,8.01992221239709e-05,0.000891819582167481,0.3247284875,"Non-significant",3.04972299584163,"OMA1","OMA1_HUMAN"
0.278846263750001,8.893673181375,7.03248455381421,0.000183403264394761,0.00176141069384958,0.255327597461509,"PCNT_HUMAN",93,7.62715581333844,8.06660646230317e-05,0.000895829062855777,0.278846263750001,"Non-significant",3.04777485210215,"PCNT","PCNT_HUMAN"
0.167613982500001,10.91413259625,6.79192512888433,0.000228657079262634,0.00200975028269524,0.00949561466085846,"NGEF_HUMAN",33,7.62248096272329,8.10036272013964e-05,0.000898394175895487,0.167613982500001,"Non-significant",3.0465330721792,"NGEF","NGEF_HUMAN"
0.595795152500004,11.14606261125,11.487085428357,7.07162153811571e-06,0.000258299695769078,3.89176557294686,"DMAC1_HUMAN",3,7.61970229965801,8.12050167513646e-05,0.0008994162159831,0.595795152500004,"Up in D1CM",3.0460392866052,"DMAC1","DMAC1_HUMAN"
0.540620565000001,11.321998,7.46913317721785,0.000124708695627794,0.0013704949093177,0.685650078128292,"ANTR2_HUMAN",15,7.61826800176984,8.13091892963723e-05,0.0008994162159831,0.540620565000001,"Up in D1CM",3.0460392866052,"ANTXR2","ANTR2_HUMAN"
0.395161864999999,10.5579904325,7.38828423003506,0.000133757430872081,0.00142533676968492,0.607469097769149,"PAPD1_HUMAN",20,7.61373366684138,8.16394992530574e-05,0.000901886420975126,0.395161864999999,"Non-significant",3.04484815187005,"MTPAP","PAPD1_HUMAN"
0.205760242500004,10.89997637125,6.88773712974686,0.000209280937054014,0.0019174228461177,0.108176891389807,"UBE3C_HUMAN",41,7.60927009017796,8.1966118833439e-05,0.000904309444564211,0.205760242500004,"Non-significant",3.0436829333845,"UBE3C","UBE3C_HUMAN"
0.229276182500001,10.94005060375,7.95091516294575,8.31604984206102e-05,0.00108478575767695,1.13812682953207,"FADS3_HUMAN",14,7.59989959698307,8.2656556715081e-05,0.00091073479287767,0.229276182500001,"Non-significant",3.04060807171871,"FADS3","FADS3_HUMAN"
0.394171714500001,9.40389323225,7.21273356539899,0.000156060500618431,0.00157348559774253,0.435392937122913,"NPA1P_HUMAN",52,7.59659683688227,8.29014569655768e-05,0.00091224070595672,0.394171714500001,"Non-significant",3.03989055259721,"URB1","NPA1P_HUMAN"
0.150900125,11.1958042375,6.69362796605768,0.000250650992239219,0.00212763062798024,-0.0928229821127378,"TF3C5_HUMAN",31,7.58726283609002,8.35979663200892e-05,0.00091870568202351,0.150900125,"Non-significant",3.03682359758597,"GTF3C5","TF3C5_HUMAN"
0.143621922500003,11.89814877625,6.28663746229266,0.000370715629605068,0.00276039049641441,-0.528453615005541,"MON2_HUMAN",61,7.58556542802984,8.3725328874523e-05,0.00091890728786895,0.143621922500003,"Non-significant",3.03672830406336,"MON2","MON2_HUMAN"
0.221349956499999,9.93003118125,6.86824015813418,0.000213069648431714,0.0019270000714924,0.0881793079877191,"PKP4_HUMAN",53,7.57960306873941,8.41744259231815e-05,0.000921752301850488,0.221349956499999,"Non-significant",3.03538576917645,"PKP4","PKP4_HUMAN"
0.141317367499997,14.78060650875,6.45357478633332,0.00031503734634547,0.00250278020013758,-0.347391251920744,"DHTK1_HUMAN",38,7.57922148175241,8.42032592745137e-05,0.000921752301850488,0.141317367499997,"Non-significant",3.03538576917645,"DHTKD1","DHTK1_HUMAN"
-0.145159724999997,13.3913981925,-6.88020323096399,0.000210735919150261,0.00192056757231991,0.100454569034408,"ARC1A_HUMAN",25,-7.57372521260869,8.4619792231344e-05,0.000925110543084304,-0.145159724999997,"Non-significant",3.03380636954949,"ARPC1A","ARC1A_HUMAN"
-0.171796322499999,12.33003640125,-7.30879663104635,0.000143379124687195,0.00147924435983888,0.529951527777268,"FA9_HUMAN",20,-7.56850914777516,8.50172185478385e-05,0.000928068913995001,-0.171796322499999,"Non-significant",3.03241977393573,"F9","FA9_HUMAN"
0.168247939999997,13.230748535,6.49817682042543,0.000301791520063965,0.00242497685664362,-0.299580702429076,"SF3B1_HUMAN",68,7.56728746626954,8.51106027426902e-05,0.000928068913995001,0.168247939999997,"Non-significant",3.03241977393573,"SF3B1","SF3B1_HUMAN"
0.342475177000001,10.043806434,7.23241561232969,0.000153362925474047,0.00155372127262109,0.454845531556858,"PACS1_HUMAN",26,7.55114452336642,8.63553692421613e-05,0.000939702559045045,0.342475177000001,"Non-significant",3.02700959045057,"PACS1","PACS1_HUMAN"
-0.1466977575,14.35833179875,-6.50436149820688,0.00030000450931695,0.00242216284390093,-0.292969734567677,"RUVB2_HUMAN",37,-7.55009878987022,8.64367029395206e-05,0.000939702559045045,-0.1466977575,"Non-significant",3.02700959045057,"RUVBL2","RUVB2_HUMAN"
0.711098435,16.3433767575,7.35947870508088,0.000137157839157987,0.00144875116073016,0.579452748134248,"RL10A_HUMAN",16,7.5478662865434,8.66106260013537e-05,0.000939702559045045,0.711098435,"Up in D1CM",3.02700959045057,"RPL10A","RL10A_HUMAN"
0.264345882499999,14.40311634625,7.14491036027638,0.000165772583378227,0.00164387894740597,0.368046539158467,"VKGC_HUMAN",27,7.54770213496304,8.66234296331712e-05,0.000939702559045045,0.264345882499999,"Non-significant",3.02700959045057,"GGCX","VKGC_HUMAN"
0.192015404999999,11.2734898325,6.71303250234963,0.000246127898056264,0.00209768660537538,-0.0725373118958093,"THOC2_HUMAN",50,7.54355600815091,8.69475244305084e-05,0.000940964145546859,0.192015404999999,"Non-significant",3.0264269245938,"THOC2","THOC2_HUMAN"
0.318780898750001,10.006723880625,7.11424904989039,0.000170384487412568,0.00168113160852703,0.337440048307576,"TBD2B_HUMAN",40,7.5433585490631,8.69629931641955e-05,0.000940964145546859,0.318780898750001,"Non-significant",3.0264269245938,"TBC1D2B","TBD2B_HUMAN"
0.226933717750002,8.956880450125,8.92252077594889,3.89264507866684e-05,0.000704100973564009,1.98641698459784,"NUP42_HUMAN",11,7.53630693856759,8.75174278454606e-05,0.00094574922988383,0.226933717750002,"Non-significant",3.02422400367766,"NUP42","NUP42_HUMAN"
0.469875577500003,12.92978227125,7.48491660753303,0.000123023633456591,0.00135728561047854,0.700835273862799,"SFXN5_HUMAN",13,7.53488239231004,8.76299116188589e-05,0.00094575227277255,0.469875577500003,"Non-significant",3.0242226063647,"SFXN5","SFXN5_HUMAN"
0.2011623375,10.49066043125,6.71166336225749,0.000246444021180899,0.00209825924700383,-0.0739672090692718,"COBL_HUMAN",62,7.53327301404008,8.77571841354346e-05,0.000945914712375419,0.2011623375,"Non-significant",3.02414801963892,"COBL","COBL_HUMAN"
0.464629411499999,7.8881543875,7.39761592383811,0.000132676245187706,0.00142241100982761,0.61652687875784,"ZN592_HUMAN",15,7.52302358489419,8.85725853747393e-05,0.00095095112163009,0.464629411499999,"Non-significant",3.02184180498884,"ZNF592","ZN592_HUMAN"
0.136468652499996,11.24399960125,6.17502758197313,0.000414060249786184,0.00297943860965096,-0.651400575516003,"AQR_HUMAN",58,7.52280638785723,8.85899559202447e-05,0.00095095112163009,0.136468652499996,"Non-significant",3.02184180498884,"AQR","AQR_HUMAN"
0.257242922499998,12.10518395875,6.86943667619845,0.000212834934957125,0.0019270000714924,0.089407768565458,"HUWE1_HUMAN",154,7.52213685778482,8.86435261760852e-05,0.00095095112163009,0.257242922499998,"Non-significant",3.02184180498884,"HUWE1","HUWE1_HUMAN"
0.224999189999998,12.7158705,6.8554685398844,0.000215593141510644,0.00193643202107546,0.0750567770232369,"IPO4_HUMAN",48,7.52173480347402,8.86757126113715e-05,0.00095095112163009,0.224999189999998,"Non-significant",3.02184180498884,"IPO4","IPO4_HUMAN"
0.63136184225,7.378823935875,7.68086892885543,0.000104101697412364,0.00121030787239837,0.887288938329563,"MBD1_HUMAN",8,7.51107615345116,8.95337657650091e-05,0.000957992904486257,0.63136184225,"Up in D1CM",3.01863770757477,"MBD1","MBD1_HUMAN"
0.171480897499999,10.28699338625,6.65669831099389,0.000259518693258055,0.00218529776770444,-0.131549016927423,"DNLI3_HUMAN",38,7.50969875424492,8.96453251643538e-05,0.000957992904486257,0.171480897499999,"Non-significant",3.01863770757477,"LIG3","DNLI3_HUMAN"
0.1475381875,11.74183082625,6.36780403487859,0.00034237809626934,0.00262818840064266,-0.439999375653183,"EFL1_HUMAN",47,7.50862168422155,8.97326681705946e-05,0.000957992904486257,0.1475381875,"Non-significant",3.01863770757477,"EFL1","EFL1_HUMAN"
0.210536004999998,10.2797086225,7.60986665690074,0.000110551624096637,0.00126265533809018,0.82016796266109,"ST38L_HUMAN",16,7.50687125210322,8.98748189389148e-05,0.000957992904486257,0.210536004999998,"Non-significant",3.01863770757477,"STK38L","ST38L_HUMAN"
0.135585070000001,12.545913815,6.20540665273058,0.000401726388135846,0.00292666527709338,-0.617783517218943,"SRBS1_HUMAN",50,7.50586575635269,8.99565878542482e-05,0.000957992904486257,0.135585070000001,"Non-significant",3.01863770757477,"SORBS1","SRBS1_HUMAN"
0.153304337500002,11.12228095375,6.24873536703625,0.000384839120747182,0.00284046317756392,-0.570033837477752,"MTOR_HUMAN",113,7.50515692063867,9.00142816885888e-05,0.000957992904486257,0.153304337500002,"Non-significant",3.01863770757477,"MTOR","MTOR_HUMAN"
-0.140877485000001,13.371791005,-7.54419338406411,0.000116919837895488,0.00130999703989606,0.757641471931292,"CIAO1_HUMAN",18,-7.50373813911197,9.01298838200095e-05,0.000958013607463885,-0.140877485000001,"Non-significant",3.01862832223199,"CIAO1","CIAO1_HUMAN"
0.426156042500004,13.55372333625,7.17957670996069,0.000160726246064745,0.00160707180080633,0.402530143955618,"NLRX1_HUMAN",35,7.50073383060117,9.03752218632217e-05,0.000959411517739416,0.426156042500004,"Non-significant",3.01799507213169,"NLRX1","NLRX1_HUMAN"
0.236441615000004,17.6121554375,7.06951534025676,0.000177373666744691,0.00172536415494227,0.292605384019698,"UD19_HUMAN",26,7.49043336114344,9.12220556810653e-05,0.000967049823765434,0.236441615000004,"Non-significant",3.01455114987877,"UGT1A9","UD19_HUMAN"
-0.1511178025,13.07799315375,-7.34196210686447,0.0001392730639452,0.00146558384019238,0.562374296374802,"PPM1G_HUMAN",19,-7.48740539774494,9.14726757373113e-05,0.000967049823765434,-0.1511178025,"Non-significant",3.01455114987877,"PPM1G","PPM1G_HUMAN"
0.422501087250001,8.898386478375,7.4200207544635,0.000130120249924466,0.00140703333240368,0.638237708741437,"LRCH1_HUMAN",14,7.48589439593617,9.15980264883225e-05,0.000967049823765434,0.422501087250001,"Non-significant",3.01455114987877,"LRCH1","LRCH1_HUMAN"
0.239200117499998,10.76119232125,6.87771400223549,0.000211219141006116,0.00192056757231991,0.0979016955623901,"RBM15_HUMAN",47,7.48574545547317,9.16103927730198e-05,0.000967049823765434,0.239200117499998,"Non-significant",3.01455114987877,"RBM15","RBM15_HUMAN"
0.422929287500001,10.69985580375,8.21073709720434,6.73905977504655e-05,0.000960753307108947,1.37303851890367,"PLPP3_HUMAN",8,7.48504730335366,9.16683840536934e-05,0.000967049823765434,0.422929287500001,"Non-significant",3.01455114987877,"PLPP3","PLPP3_HUMAN"
0.337464095000005,14.5482133625,9.80755273596678,2.06806209295556e-05,0.000463608919721341,2.69335555715717,"PRAF3_HUMAN",7,7.48252102840255,9.18785690865812e-05,0.000968055573538492,0.337464095000005,"Non-significant",3.01409971026565,"ARL6IP5","PRAF3_HUMAN"
-0.123147964999999,13.7835662375,-5.8881866603707,0.000553865135856681,0.00367669369964218,-0.974533478102892,"SMC1A_HUMAN",74,-7.47251298204622,9.27165368445002e-05,0.000975665030040314,-0.123147964999999,"Non-significant",3.01069926079122,"SMC1A","SMC1A_HUMAN"
0.271049022500002,12.33572196875,7.04863589942957,0.000180745559824131,0.00174313995853272,0.271604942093289,"FAKD4_HUMAN",29,7.46019018502471,9.37600569034033e-05,0.000985415859898737,0.271049022500002,"Non-significant",3.00638045219803,"TBRG4","FAKD4_HUMAN"
-0.2763507365,8.514889598,-7.42057630146095,0.000130057578715821,0.00140703333240368,0.638775396428729,"SULF2_HUMAN",16,-7.45765899928015,9.39760218615418e-05,0.000985931967061082,-0.2763507365,"Non-significant",3.00615305194453,"SULF2","SULF2_HUMAN"
-0.1204979425,16.04599463875,-5.98173313285836,0.000503188551895919,0.00340477455253855,-0.868002790007677,"TCPE_HUMAN",48,-7.45687412470864,9.40431013782311e-05,0.000985931967061082,-0.1204979425,"Non-significant",3.00615305194453,"CCT5","TCPE_HUMAN"
0.28187275,10.3754324925,6.95910813796165,0.000196042560451856,0.00184013668379587,0.18102077397678,"PAR10_HUMAN",44,7.44819329409609,9.47885855142637e-05,0.000992513027701526,0.28187275,"Non-significant",3.00326378398877,"PARP10","PAR10_HUMAN"
0.348959922499997,11.58297061875,9.4599223372891,2.63504664066917e-05,0.000544382552308835,2.42255868029149,"TPPC1_HUMAN",7,7.43832811670536,9.5643794616151e-05,0.00100022524171158,0.348959922499997,"Non-significant",2.99990218978262,"TRAPPC1","TPPC1_HUMAN"
0.442248583000003,8.29977643475,7.6564219138004,0.000106273463752673,0.00123046569501549,0.864234153807516,"AB17B_HUMAN",10,7.43412441481539,9.60108256539827e-05,0.00100281939211576,0.442248583000003,"Non-significant",2.9987772764216,"ABHD17B","AB17B_HUMAN"
-0.130612137500002,13.16535055625,-7.31013837937261,0.00014321039340271,0.00147924435983888,0.531265441699798,"NAA10_HUMAN",19,-7.43262021275599,9.61425412357216e-05,0.00100295232682661,-0.130612137500002,"Non-significant",2.9987197097395,"NAA10","NAA10_HUMAN"
0.427873609999999,11.138938905,7.47776983972896,0.000123783441657913,0.00136210264978401,0.693962504363496,"VP26C_HUMAN",12,7.43082656192918,9.62998660730264e-05,0.00100335175664962,0.427873609999999,"Non-significant",2.99854678463631,"VPS26C","VP26C_HUMAN"
-0.243877172500001,11.55347287625,-10.0032644445325,1.81030673740284e-05,0.000433240114162031,2.84211363810851,"CANB1_HUMAN",9,-7.42172513225535,9.71026116255952e-05,0.00101046655974339,-0.243877172500001,"Non-significant",2.99547805439927,"PPP3R1","CANB1_HUMAN"
0.334704157499996,12.71993052875,7.0031902068069,0.000188336296623508,0.00178859657850058,0.22573234554825,"MRP2_HUMAN",47,7.4190099216311,9.73435370588223e-05,0.00101172462869151,0.334704157499996,"Non-significant",2.99493767772704,"ABCC2","MRP2_HUMAN"
0.11556077,12.00461185,5.94993079850182,0.000519812110504769,0.00348014001544455,-0.904093263571273,"SYLM_HUMAN",42,7.41136668780087,9.80253239365478e-05,0.00101755597963197,0.11556077,"Non-significant",2.99244168925113,"LARS2","SYLM_HUMAN"
-0.151348349999999,14.290195585,-6.96360316090032,0.000195240779320393,0.00183465387836298,0.185589744143696,"ARC1B_HUMAN",22,-7.40797608733088,9.83294748909187e-05,0.00101945774151975,-0.151348349999999,"Non-significant",2.99163077185265,"ARPC1B","ARC1B_HUMAN"
0.306056267500001,12.91810119125,7.23514827718553,0.000152992549403077,0.00155183417439053,0.457543115731465,"FKBP8_HUMAN",18,7.39634428961978,9.93809257749495e-05,0.00102909314908728,0.306056267500001,"Non-significant",2.98754531298909,"FKBP8","FKBP8_HUMAN"
0.360627174999999,10.316645385,7.67400502221417,0.00010470637431695,0.00121398903592513,0.880821824844753,"PHC2_HUMAN",11,7.39131258977978,9.98396461797157e-05,0.00103257469650162,0.360627174999999,"Non-significant",2.98607852165211,"PHC2","PHC2_HUMAN"
0.172522545,18.103210925,6.36351775552951,0.000343812458717309,0.00262975972280235,-0.444650537692273,"PYC_HUMAN",97,7.38632637997004,0.000100296551121638,0.00103602895760329,0.172522545,"Non-significant",2.9846281056414,"PC","PYC_HUMAN"
0.321304319999998,11.6272730825,7.0135734848612,0.000186570967328153,0.00178300077506689,0.236232973528693,"GTPB4_HUMAN",32,7.38486077731353,0.000100431293031697,0.00103613265291869,0.321304319999998,"Non-significant",2.98458463962689,"GTPBP4","GTPB4_HUMAN"
-0.40653848625,7.936556339375,-7.87895056687624,8.82355351881375e-05,0.00112008633448917,1.07195904923211,"TNF10_HUMAN",9,-7.3835449286886,0.000100552439208386,0.00103613265291869,-0.40653848625,"Non-significant",2.98458463962689,"TNFSF10","TNF10_HUMAN"
0.201720474999998,11.28267467,7.03204666491303,0.000183475927061328,0.00176141069384958,0.254885898226931,"PPIP2_HUMAN",22,7.37453658556036,0.000101386202067553,0.00104344847036313,0.201720474999998,"Non-significant",2.98152899325834,"PSTPIP2","PPIP2_HUMAN"
0.441896915499999,8.27044725425,7.13116000106959,0.000167823278049301,0.00166225900197128,0.354333196969007,"MYRIP_HUMAN",22,7.36924321163918,0.000101879723910373,0.00104724901565919,0.441896915499999,"Non-significant",2.97995003917298,"MYRIP","MYRIP_HUMAN"
0.32446504,11.6218932875,6.90268041856014,0.000206428227585766,0.00190370189312956,0.123475240855237,"RRP5_HUMAN",81,7.3637232764391,0.000102397225488261,0.00105128649651712,0.32446504,"Non-significant",2.97827891394232,"PDCD11","RRP5_HUMAN"
0.403541564249998,10.130324602875,7.26193231798244,0.000149415023402034,0.00152287694347732,0.483941823406767,"DPH1_HUMAN",15,7.36067909608755,0.000102683875798716,0.00105175672495394,0.403541564249998,"Non-significant",2.97808470241432,"DPH1","DPH1_HUMAN"
0.124238729999997,13.5010370025,5.99370405388822,0.000497085521901347,0.00337462956797985,-0.854451209277483,"DHX15_HUMAN",47,7.35996232867402,0.000102751499176553,0.00105175672495394,0.124238729999997,"Non-significant",2.97808470241432,"DHX15","DHX15_HUMAN"
0.0975203499999999,13.9505448375,5.41730298348466,0.000912825170254129,0.00526279299594531,-1.5282305201958,"F120A_HUMAN",56,7.35899422711223,0.000102842913541511,0.00105175672495394,0.0975203499999999,"Non-significant",2.97808470241432,"FAM120A","F120A_HUMAN"
0.143988132500001,10.65720963625,6.3828148543649,0.000337407377600837,0.00260918053742886,-0.423728181442995,"MCM4_HUMAN",35,7.35794447941525,0.000102942140003203,0.00105175672495394,0.143988132500001,"Non-significant",2.97808470241432,"MCM4","MCM4_HUMAN"
0.684859991000003,8.94181144225,7.55630850217932,0.000115714671750378,0.00130221491079297,0.769208346251165,"NRM_HUMAN",7,7.35525856746372,0.000103196510019428,0.00105307915611835,0.684859991000003,"Up in D1CM",2.97753898325575,"NRM","NRM_HUMAN"
0.1486482625,10.53676080625,6.38493533008272,0.00033671172707574,0.002608587451766,-0.421431849408809,"TACC1_HUMAN",37,7.35030420780714,0.000103667555699888,0.00105660680410442,0.1486482625,"Non-significant",2.97608659696586,"TACC1","TACC1_HUMAN"
0.550309660000003,15.3738253125,7.28403141672765,0.000146533918438477,0.00150077083659529,0.505666453817458,"CERS2_HUMAN",12,7.34554313454799,0.000104122485378851,0.00105996187108494,0.550309660000003,"Up in D1CM",2.97470975688168,"CERS2","CERS2_HUMAN"
0.2942810075,12.34989786125,8.67027306955979,4.70779729003818e-05,0.000787432093319813,1.7739008229814,"ZFPL1_HUMAN",9,7.34304621412572,0.000104361960865083,0.00106111817627477,0.2942810075,"Non-significant",2.97423624621554,"ZFPL1","ZFPL1_HUMAN"
0.294274570000002,12.792485835,6.85367386907392,0.000215950421142595,0.00193643202107546,0.0732113353111004,"DDX60_HUMAN",60,7.34172146251542,0.000104489265011769,0.00106113254793277,0.294274570000002,"Non-significant",2.97423036422271,"DDX60","DDX60_HUMAN"
0.419533252500003,11.59501027875,8.01734808296466,7.87656793352977e-05,0.00105136359361986,1.19877933332606,"TM177_HUMAN",8,7.3333438940028,0.000105298343869633,0.00106806226290871,0.419533252500003,"Non-significant",2.97140342928359,"TMEM177","TM177_HUMAN"
-0.2058095925,12.54149341625,-6.89488162218504,0.000207911558104567,0.00191319489439236,0.115494235920435,"ANM1_HUMAN",25,-7.33087732852807,0.000105537886804487,0.00106920534600363,-0.2058095925,"Non-significant",2.97093887844704,"PRMT1","ANM1_HUMAN"
0.422394273750005,10.258272648125,7.09802790795021,0.000172882515249318,0.00169260432139627,0.321207174027609,"TRM1_HUMAN",21,7.32606577819906,0.000106006916702059,0.00107266782818926,0.422394273750005,"Non-significant",2.969534744687,"TRMT1","TRM1_HUMAN"
0.340003967250002,9.457671642375,7.18094134891864,0.00016053115549258,0.00160702744613653,0.403884976736352,"PIGO_HUMAN",17,7.31931084338565,0.00010666931609482,0.00107807633736599,0.340003967250002,"Non-significant",2.96735048615946,"PIGO","PIGO_HUMAN"
0.596760985000005,11.90808308,7.17381981365339,0.000161552194820235,0.0016134164101182,0.396812441369693,"PEX3_HUMAN",14,7.31435936547185,0.00010715779832352,0.00108171626595084,0.596760985000005,"Up in D1CM",2.96588663968352,"PEX3","PEX3_HUMAN"
0.254030228000003,9.91851854375,7.29938420047505,0.000144569080319351,0.00148606436342903,0.520729099232096,"NDC1_HUMAN",16,7.31112616865946,0.000107478111962322,0.00108365192073016,0.254030228000003,"Non-significant",2.9651101949028,"NDC1","NDC1_HUMAN"
-0.174828767499998,14.30136620875,-7.37184662960488,0.000135686083258675,0.00143861383117908,0.591492276053804,"JAM1_HUMAN",17,-7.30486225659572,0.000108101722676683,0.00108863730040832,-0.174828767499998,"Non-significant",2.96311678936124,"F11R","JAM1_HUMAN"
-0.136286495000006,14.94893825,-7.17121500405408,0.000161927474971626,0.00161525051661045,0.394224209640125,"PSMD8_HUMAN",19,-7.30166571111208,0.000108421512798197,0.00108928119779196,-0.136286495000006,"Non-significant",2.96285999270975,"PSMD8","PSMD8_HUMAN"
0.161920309999998,12.33453047,6.34386035315668,0.00035047728232906,0.00265967624942359,-0.466009774839637,"NUP93_HUMAN",49,7.30163967270266,0.000108424122072304,0.00108928119779196,0.161920309999998,"Non-significant",2.96285999270975,"NUP93","NUP93_HUMAN"
0.566137789999999,12.13795328,7.07236702366178,0.000176918641882603,0.00172398523980169,0.295469935703096,"AMFR_HUMAN",22,7.29693184490665,0.000108897040342978,0.00109272994410829,0.566137789999999,"Up in D1CM",2.9614871557768,"AMFR","AMFR_HUMAN"
0.251651284999999,11.37596655,6.81314808780418,0.000224197631816187,0.00199169118090586,0.0314429814478228,"WDR36_HUMAN",35,7.29412523476531,0.000109180068829208,0.00109426730102425,0.251651284999999,"Non-significant",2.96087657820357,"WDR36","WDR36_HUMAN"
0.76360058775,7.192048072625,7.21334300612067,0.000155976176995787,0.00157348559774253,0.435995885435418,"KLD10_HUMAN",10,7.29167965810598,0.00010942735845485,0.00109544323564837,0.76360058775,"Up in D1CM",2.96041012205891,"KLHDC10","KLD10_HUMAN"
0.33960962375,10.198657750625,6.85886079176521,0.000214919627281732,0.00193335916580333,0.0785440115106653,"UTP20_HUMAN",76,7.28725332480406,0.000109876526598515,0.00109863492609594,0.33960962375,"Non-significant",2.95914659867927,"UTP20","UTP20_HUMAN"
0.320936202499999,10.37177920375,6.95717176036981,0.000196389091476953,0.00184133887882006,0.179051856640882,"NSMA3_HUMAN",27,7.28054925694063,0.000110560751925347,0.0011041665615862,0.320936202499999,"Non-significant",2.9569654091054,"SMPD4","NSMA3_HUMAN"
0.306580067499997,16.98751425875,7.74065664828395,9.89976527656133e-05,0.00118027045991705,0.943426468867157,"UD11_HUMAN",11,7.27327296387115,0.000111308761985512,0.00111032136659867,0.306580067499997,"Non-significant",2.95455130270831,"UGT1A1","UD11_HUMAN"
-0.161645414999999,12.2952437375,-6.41474408943703,0.000327100451090972,0.00257001205652778,-0.389208171505523,"AMPE_HUMAN",38,-7.2697807925884,0.000111669763690089,0.00111260571884605,-0.161645414999999,"Non-significant",2.95365871209526,"ENPEP","AMPE_HUMAN"
-2.10875272775,7.486996650625,-7.28513532444714,0.000146391644672055,0.00150077083659529,0.506750319038444,"PAFA_HUMAN",2,-7.24812082546438,0.00011393823181473,0.00113386700822475,-2.10875272775,"Up in D1BM",2.94543788105264,"PLA2G7","PAFA_HUMAN"
-0.101432557500003,14.68629014375,-5.97502390702936,0.000506645588560066,0.00342188755286282,-0.875605907930725,"UBP14_HUMAN",29,-7.23776487907865,0.000115040941564646,0.00114349067977406,-0.101432557500003,"Non-significant",2.9417673708379,"USP14","UBP14_HUMAN"
0.166896817500001,10.98212194625,6.26592986657207,0.000378358719831389,0.00280491262045627,-0.551148926025403,"ZN638_HUMAN",66,7.23370518016463,0.0001154764644781,0.00114646774921779,0.166896817500001,"Non-significant",2.9406381577101,"ZNF638","ZN638_HUMAN"
0.438768863749999,8.809512376875,6.95413714018273,0.00019693354522541,0.00184234500855159,0.175965411716343,"EHD2_HUMAN",29,7.23117486259706,0.000115748845891322,0.00114775389517175,0.438768863749999,"Non-significant",2.94015122467937,"EHD2","EHD2_HUMAN"
0.338272809999999,11.1619065975,10.7079735444101,1.14171232123223e-05,0.000327329699172328,3.35707118753539,"RFT1_HUMAN",6,7.22997419956178,0.00011587834438144,0.00114775389517175,0.338272809999999,"Non-significant",2.94015122467937,"RFT1","RFT1_HUMAN"
0.178699492499998,10.60522914125,7.6068398392773,0.000110836406334982,0.00126419495128223,0.817295578507398,"OXND1_HUMAN",15,7.2234158958669,0.000116588552989034,0.00115249850041152,0.178699492499998,"Non-significant",2.93835963102589,"OXNAD1","OXND1_HUMAN"
0.1489923005,10.02790653725,6.17333559675398,0.00041475952882377,0.00297943860965096,-0.653276267117829,"MTUS1_HUMAN",50,7.22302695085809,0.00011663082463531,0.00115249850041152,0.1489923005,"Non-significant",2.93835963102589,"MTUS1","MTUS1_HUMAN"
0.2515814325,13.31600677875,6.76150471941594,0.000235223552589833,0.00204824310411126,-0.0220519092740226,"ACSF3_HUMAN",33,7.2164079689326,0.000117352820690059,0.00115785185823389,0.2515814325,"Non-significant",2.9363470030155,"ACSF3","ACSF3_HUMAN"
-0.195475339749999,9.559831976875,-7.49048613718024,0.000122435143074467,0.00135611803019012,0.706187702822943,"RPGP1_HUMAN",15,-7.21554512874514,0.000117447305586662,0.00115785185823389,-0.195475339749999,"Non-significant",2.9363470030155,"RAP1GAP","RPGP1_HUMAN"
0.431249618500003,8.4438745975,6.94863858469814,0.000197924382400779,0.00184546971156655,0.170370370876194,"TNG6_HUMAN",26,7.21151415402782,0.000117889840730287,0.00116078265171101,0.431249618500003,"Non-significant",2.93524909119961,"TANGO6","TNG6_HUMAN"
0.545956135000001,12.6780173775,7.25599620087014,0.000150199729133533,0.00152718156437461,0.47809759395048,"OXA1L_HUMAN",10,7.21033160201149,0.000118020018094239,0.00116078265171101,0.545956135000001,"Up in D1CM",2.93524909119961,"OXA1L","OXA1L_HUMAN"
0.189806461,8.98398470875,6.74741952057729,0.000238335322825022,0.0020594963426947,-0.0366945269860963,"ARP8_HUMAN",25,7.20454950565008,0.000118658833226507,0.00116570548399327,0.189806461,"Non-significant",2.93341116041151,"ACTR8","ARP8_HUMAN"
0.476678133500002,8.789234519,7.86612330765347,8.91762627607975e-05,0.00112860703969122,1.06011383878631,"MOT2_HUMAN",7,7.20048051918923,0.000119110692283208,0.00116667769707594,0.476678133500002,"Non-significant",2.93304910429233,"SLC16A7","MOT2_HUMAN"
0.357850792499999,11.33229863625,7.33652784075986,0.000139936710937778,0.00146722436752636,0.557069523047716,"CAV1_HUMAN",12,7.19901444446295,0.0001192739690783,0.00116667769707594,0.357850792499999,"Non-significant",2.93304910429233,"CAV1","CAV1_HUMAN"
-2.11829519275,7.810345888125,-7.00945706896592,0.000187268595606001,0.00178764098795355,0.232071441508801,"CAD11_HUMAN",10,-7.19873701752258,0.000119304894196512,0.00116667769707594,-2.11829519275,"Up in D1BM",2.93304910429233,"CDH11","CAD11_HUMAN"
0.148769617500001,13.47607743875,6.34803532264688,0.000349049766813884,0.00265539759246498,-0.46146944902533,"FHI2A_HUMAN",33,7.19867825574799,0.00011931144559016,0.00116667769707594,0.148769617500001,"Non-significant",2.93304910429233,"FHIP2A","FHI2A_HUMAN"
0.3007535925,10.61368823125,6.80579660389183,0.000225731222224425,0.00199443236072293,0.0238463161724507,"OTU7B_HUMAN",33,7.18556299942084,0.000120783760687626,0.00117970604731866,0.3007535925,"Non-significant",2.92822619433048,"OTUD7B","OTU7B_HUMAN"
0.3981854915,8.3417202235,7.07628973753229,0.000176294858419293,0.00171989509446322,0.2994089166869,"PLPL4_HUMAN",15,7.17520592181997,0.000121960762100676,0.00118982322192893,0.3981854915,"Non-significant",2.92451755914851,"PNPLA4","PLPL4_HUMAN"
0.305465225000001,11.0470023175,7.31907677528408,0.000142092023108023,0.00147136813609032,0.540013644043762,"RT18A_HUMAN",13,7.17349888147058,0.000122155978665245,0.00119034999325936,0.305465225000001,"Non-significant",2.9243253261763,"MRPS18A","RT18A_HUMAN"
-0.174736976750001,9.424304246875,-7.21944626326924,0.000155134532087234,0.00156978267822725,0.442031964086024,"PRS23_HUMAN",17,-7.16432528487749,0.000123211052358398,0.00119924475788561,-0.174736976750001,"Non-significant",2.92109217123716,"PRSS23","PRS23_HUMAN"
-0.123243329999994,17.841510295,-5.80334983796381,0.00060478261687651,0.00390031574418677,-1.07212321024332,"CALX_HUMAN",55,-7.15976594706628,0.000123739207068078,0.00120299628186486,-0.123243329999994,"Non-significant",2.9197357149445,"CANX","CALX_HUMAN"
-0.387757539999997,10.3132270575,-10.8328975510808,1.0551160535189e-05,0.000321059935913579,3.44515207125358,"IGF2_HUMAN",5,-7.15791814343586,0.000123953975333968,0.00120369591945855,-0.387757539999997,"Non-significant",2.91948321173311,"IGF2","IGF2_HUMAN"
0.504134178499998,9.68869471575,6.87457516097609,0.000211830241018798,0.00192404860080544,0.0946816161442019,"PDZD8_HUMAN",36,7.14696646964587,0.000125235438096801,0.00121374525563008,0.504134178499998,"Up in D1CM",2.9158724546804,"PDZD8","PDZD8_HUMAN"
0.196086407500001,10.81356382375,6.53337223498502,0.000291778651531189,0.00238444868779489,-0.262019641721481,"SLFN5_HUMAN",35,7.14661483811689,0.000125276826717068,0.00121374525563008,0.196086407500001,"Non-significant",2.9158724546804,"SLFN5","SLFN5_HUMAN"
0.531231403250001,8.642863035125,6.88884958601408,0.000209067050244915,0.0019174228461177,0.109316635178551,"DDX31_HUMAN",29,7.13909860758414,0.000126165177370166,0.00122094865677741,0.531231403250001,"Up in D1CM",2.91330259858344,"DDX31","DDX31_HUMAN"
0.255913018999999,9.08291471,6.70058710993957,0.000249018228495462,0.00211803698081559,-0.0855428713730824,"SCAP_HUMAN",33,7.13776103250712,0.000126324001487006,0.001221083725383,0.255913018999999,"Non-significant",2.91325455700089,"SCAP","SCAP_HUMAN"
-0.200796839999999,14.246153235,-6.48034227867778,0.000307011728224622,0.00245521997837318,-0.318669873441479,"DPP4_HUMAN",42,-7.12931116235117,0.000127332507649647,0.00122835286722881,-0.200796839999999,"Non-significant",2.91067685609673,"DPP4","DPP4_HUMAN"
0.300351142499999,16.83901929875,6.81294653340436,0.000224239521969351,0.00199169118090586,0.0312347860962401,"UDB17_HUMAN",26,7.1290195646307,0.000127367470157549,0.00122835286722881,0.300351142499999,"Non-significant",2.91067685609673,"UGT2B17","UDB17_HUMAN"
0.272384405,9.3997823,7.74402230059908,9.87188111322848e-05,0.00118027045991705,0.94657633524066,"NFIX_HUMAN",11,7.1191752973941,0.000128554097269741,0.00123826890110802,0.272384405,"Non-significant",2.90718503416379,"NFIX","NFIX_HUMAN"
0.172778605000001,13.3797650325,6.43475047494035,0.000320821970124732,0.00253916280392616,-0.367640727979233,"CHDH_HUMAN",33,7.11805866992646,0.000128689471748799,0.00123826890110802,0.172778605000001,"Non-significant",2.90718503416379,"CHDH","CHDH_HUMAN"
0.21750259,11.579713345,6.63373097546476,0.000265210723798374,0.00221940695222652,-0.155712878606355,"MCM7_HUMAN",30,7.11469368503016,0.000129098387941066,0.00124078712879732,0.21750259,"Non-significant",2.90630272028898,"MCM7","MCM7_HUMAN"
0.160404204999997,10.32370615,6.41747115294882,0.000326236596789278,0.00256995165825871,-0.386265501069861,"CRNL1_HUMAN",30,7.10557894796408,0.000130213312298538,0.00124958158901377,0.160404204999997,"Non-significant",2.90323538219327,"CRNKL1","CRNL1_HUMAN"
0.260680199999999,10.264084815,6.69451852331372,0.000250441380777268,0.00212763062798024,-0.0918910410308751,"GEMI4_HUMAN",31,7.10274468130149,0.000130562186940677,0.00124958158901377,0.260680199999999,"Non-significant",2.90323538219327,"GEMIN4","GEMI4_HUMAN"
0.20873332,12.422328115,6.38337485001342,0.000337223507429531,0.00260918053742886,-0.423121691367554,"ECM29_HUMAN",86,7.10239711744789,0.000130605040818131,0.00124958158901377,0.20873332,"Non-significant",2.90323538219327,"ECPAS","ECM29_HUMAN"
0.227411987500002,10.50889456375,6.87916063851909,0.000210938161516873,0.00192056757231991,0.0993854035241579,"FLCN_HUMAN",20,7.10238606294522,0.000130606404071791,0.00124958158901377,0.227411987500002,"Non-significant",2.90323538219327,"FLCN","FLCN_HUMAN"
0.143802642500001,10.31972861125,6.19944007557288,0.000404116049709542,0.00293468442129555,-0.624377029652255,"VLDLR_HUMAN",35,7.0978181476115,0.000131171084091832,0.0012515197347593,0.143802642500001,"Non-significant",2.90256229777011,"VLDLR","VLDLR_HUMAN"
0.237621069250002,8.872213721375,6.83914974251834,0.000218866405245396,0.0019584128766597,0.0582630609336476,"KIBRA_HUMAN",21,7.09638974192089,0.000131348219864606,0.0012515197347593,0.237621069250002,"Non-significant",2.90256229777011,"WWC1","KIBRA_HUMAN"
0.236812114499998,9.79190969475,6.71745955267502,0.000245108834256292,0.00209111575298207,-0.067915273643532,"RRF2M_HUMAN",26,7.09632266432584,0.000131356544669681,0.0012515197347593,0.236812114499998,"Non-significant",2.90256229777011,"GFM2","RRF2M_HUMAN"
-0.300269365000002,10.5648761975,-7.54610083044328,0.000116729159813643,0.00130999703989606,0.759463572377614,"NGAL_HUMAN",11,-7.09594931553846,0.000131402890646812,0.0012515197347593,-0.300269365000002,"Non-significant",2.90256229777011,"LCN2","NGAL_HUMAN"
0.394563676499999,9.8294081695,8.20701496356378,6.7591257695528e-05,0.000960753307108947,1.36971647219664,"ZNT6_HUMAN",7,7.0887369918087,0.000132301784698344,0.00125865885239542,0.394563676499999,"Non-significant",2.90009196536383,"SLC30A6","ZNT6_HUMAN"
0.20324707,12.6124985225,6.7595071991108,0.000235662070975499,0.00204994385578172,-0.0241271095991493,"HDHD5_HUMAN",22,7.07665051711104,0.000133823564328753,0.00127170104140593,0.20324707,"Non-significant",2.89561497306482,"HDHD5","HDHD5_HUMAN"
-0.2263083475,13.51530003375,-7.33640978516194,0.00013995116757518,0.00146722436752636,0.556954246722704,"SDCB1_HUMAN",14,-7.07420518433306,0.000134133817110455,0.0012732139013784,-0.2263083475,"Non-significant",2.89509862825165,"SDCBP","SDCB1_HUMAN"
0.1563334475,11.10995244875,7.36815450538845,0.000136123571777232,0.00144143917903302,0.58789983344349,"NMT2_HUMAN",16,7.06940528823871,0.000134745139750122,0.0012775779335813,0.1563334475,"Non-significant",2.89361259797057,"NMT2","NMT2_HUMAN"
-0.134734394999999,12.961244225,-6.32159918143143,0.000358199946035081,0.00270025754482461,-0.490254714525423,"CSN4_HUMAN",27,-7.06758541527547,0.000134977732957445,0.00127834529336888,-0.134734394999999,"Non-significant",2.89335182321186,"COPS4","CSN4_HUMAN"
-0.0950429449999959,11.63512242,-5.1742894045751,0.00119477091970436,0.00638600132034752,-1.82574275272003,"SMC3_HUMAN",66,-7.06139912713487,0.000135771737864371,0.00128442197357888,-0.0950429449999959,"Non-significant",2.89129227323756,"SMC3","SMC3_HUMAN"
0.35965371,16.0730680225,6.86513504573105,0.00021368011397222,0.00192999470292968,0.0849905555545032,"RL5_HUMAN",19,7.05624461181,0.000136437291533435,0.00128736225587736,0.35965371,"Non-significant",2.89029922808299,"RPL5","RL5_HUMAN"
0.266563177000002,9.7498749495,6.62637763472278,0.000267062560866445,0.0022265779678964,-0.163462206238187,"POGZ_HUMAN",36,7.05574138622746,0.000136502462817035,0.00128736225587736,0.266563177000002,"Non-significant",2.89029922808299,"POGZ","POGZ_HUMAN"
0.194602730000002,12.8901511425,7.04998399734422,0.000180525691684336,0.00174313995853272,0.272962277463328,"NFIA_HUMAN",17,7.05388732173689,0.000136742876825248,0.00128736225587736,0.194602730000002,"Non-significant",2.89029922808299,"NFIA","NFIA_HUMAN"
0.281657697500002,11.10302996625,6.86863923628512,0.000212991331521995,0.0019270000714924,0.0885890577710118,"KC1D_HUMAN",19,7.05341679537515,0.00013680396437089,0.00128736225587736,0.281657697500002,"Non-significant",2.89029922808299,"CSNK1D","KC1D_HUMAN"
0.178839444999999,12.9766722925,6.28251106641431,0.000372224790692048,0.00276918160701083,-0.532971918449067,"DCAF1_HUMAN",48,7.05309164781647,0.000136846195428416,0.00128736225587736,0.178839444999999,"Non-significant",2.89029922808299,"DCAF1","DCAF1_HUMAN"
0.474516630000002,11.3259054425,7.02694964595658,0.000184324099744184,0.00176754020107364,0.249742993953079,"ALG9_HUMAN",12,7.05074691599264,0.000137151166056924,0.00128879284135319,0.474516630000002,"Non-significant",2.88981688488667,"ALG9","ALG9_HUMAN"
-0.119215727500002,12.30745947375,-5.61487746997033,0.000737649392613523,0.00449902078895759,-1.29230829805685,"JIP4_HUMAN",70,-7.04849952366826,0.000137444187030539,0.00129010807625882,-0.119215727500002,"Non-significant",2.88937390601335,"SPAG9","JIP4_HUMAN"
-0.460917949750005,8.722324848125,-8.12179160018547,7.2374963606562e-05,0.000990338584804726,1.29331313649834,"MT21D_HUMAN",6,-7.03965260722544,0.000138604468083444,0.0012990715238685,-0.460917949750005,"Non-significant",2.88636693702067,"VCPKMT","MT21D_HUMAN"
-0.2076368325,16.18965482625,-9.19959029129144,3.17550222593559e-05,0.000616043067743906,2.21402332753439,"RET4_HUMAN",10,-7.03667447534875,0.000138997504738593,0.0012990715238685,-0.2076368325,"Non-significant",2.88636693702067,"RBP4","RET4_HUMAN"
-3.83458065775,8.842744468625,-6.94525945660545,0.000198536073300574,0.00184708671285931,0.166930296019002,"CF118_HUMAN",1,-7.03654121203747,0.000139015121064558,0.0012990715238685,-3.83458065775,"Up in D1BM",2.88636693702067,"C6orf118","CF118_HUMAN"
0.144628044999997,16.096538305,6.24236765304952,0.000387270437753936,0.00285091923129076,-0.57703677907364,"SOX_HUMAN",31,7.03605157768765,0.000139079868107313,0.0012990715238685,0.144628044999997,"Non-significant",2.88636693702067,"PIPOX","SOX_HUMAN"
0.167569874999998,12.36487901,6.34360860885,0.00035056356781464,0.00265967624942359,-0.466283617043275,"SYNPO_HUMAN",33,7.03537249989594,0.000139169721918763,0.0012990715238685,0.167569874999998,"Non-significant",2.88636693702067,"SYNPO","SYNPO_HUMAN"
0.453737739999999,13.3788211325,6.81755082226425,0.000223284772521314,0.001989500367423,0.0359896394877453,"MTCH1_HUMAN",21,7.03273305043076,0.000139519581788137,0.00130089663151793,0.453737739999999,"Non-significant",2.88575721085185,"MTCH1","MTCH1_HUMAN"
0.229318857500001,10.67173302125,6.58560354087947,0.000277597421738449,0.00229624010582276,-0.206546007231265,"MRPP3_HUMAN",30,7.02901921201352,0.000140013512826068,0.00130197896234779,0.229318857500001,"Non-significant",2.88539603313348,"PRORP","MRPP3_HUMAN"
0.363838433750001,9.112005352875,6.74494626126376,0.000238886474819234,0.0020594963426947,-0.0392679929497302,"MORC3_HUMAN",27,7.02679924809366,0.000140309692530361,0.00130197896234779,0.363838433750001,"Non-significant",2.88539603313348,"MORC3","MORC3_HUMAN"
0.433363197999999,9.940392136,6.80082448586591,0.000226775119401386,0.00199737458875055,0.0187049192398057,"ST7_HUMAN",22,7.02636954323136,0.000140367102823781,0.00130197896234779,0.433363197999999,"Non-significant",2.88539603313348,"ST7","ST7_HUMAN"
0.189385657499999,13.36309277875,6.46175840471959,0.000312559029970267,0.00249248823426621,-0.33860123172163,"ABCB6_HUMAN",31,7.02571431162853,0.000140454694780462,0.00130197896234779,0.189385657499999,"Non-significant",2.88539603313348,"ABCB6","ABCB6_HUMAN"
0.327991247500002,10.74977099625,6.92749437941408,0.000201786993676181,0.00187089001523195,0.148824090347734,"CLCN7_HUMAN",16,7.02495209037882,0.00014055666584278,0.00130197896234779,0.327991247500002,"Non-significant",2.88539603313348,"CLCN7","CLCN7_HUMAN"
0.16822934,12.280745865,6.05719988623389,0.000466064078539923,0.00322533178818802,-0.78287580990568,"EPIPL_HUMAN",173,7.02490890427703,0.000140562445810475,0.00130197896234779,0.16822934,"Non-significant",2.88539603313348,"EPPK1","EPIPL_HUMAN"
0.304108857500003,10.93557417375,6.63258682543296,0.000265497915032318,0.00221940695222652,-0.156918231006111,"BMS1_HUMAN",40,7.02300592677015,0.000140817400779368,0.00130290874991141,0.304108857500003,"Non-significant",2.88508599932782,"BMS1","BMS1_HUMAN"
-0.174654722500001,13.55048024625,-7.99787528401439,8.00261874189533e-05,0.00106059863797855,1.18104329335321,"MEP50_HUMAN",13,-7.01801354574455,0.000141488716590799,0.00130466054451035,-0.174654722500001,"Non-significant",2.88450247133198,"WDR77","MEP50_HUMAN"
0.212255237500001,14.36888635125,6.53791455061602,0.000290513704262318,0.00238173086791459,-0.257182650745722,"STT3B_HUMAN",30,7.0179263508355,0.000141500473158275,0.00130466054451035,0.212255237500001,"Non-significant",2.88450247133198,"STT3B","STT3B_HUMAN"
0.204343315000001,13.067382575,6.99242477716685,0.000190186410926853,0.00180183447573295,0.214832819068784,"EFTS_HUMAN",17,7.01717726563139,0.000141601517833298,0.00130466054451035,0.204343315000001,"Non-significant",2.88450247133198,"TSFM","EFTS_HUMAN"
0.324865817500003,11.61838936875,6.80719919402134,0.000225437722970678,0.00199426130148119,0.0252961544359529,"STX18_HUMAN",20,7.01699687492757,0.000141625862881358,0.00130466054451035,0.324865817500003,"Non-significant",2.88450247133198,"STX18","STX18_HUMAN"
-0.164130212500002,13.83573913625,-7.76204446998269,9.72406402746245e-05,0.00118027045991705,0.963424425776997,"AMBP_HUMAN",14,-7.01578977894709,0.000141788889383772,0.00130473640678583,-0.164130212500002,"Non-significant",2.88447721908538,"AMBP","AMBP_HUMAN"
0.232394457499998,10.46311390375,7.40775896365311,0.000131512179334038,0.00141753984604425,0.626362084622878,"NEK6_HUMAN",13,7.01283483036589,0.000142188858279512,0.00130699006154635,0.232394457499998,"Non-significant",2.88372771481577,"NEK6","NEK6_HUMAN"
0.654101370000001,10.698705435,11.340231332359,7.72211305662264e-06,0.000271207045642801,3.79358266747675,"HS71L_HUMAN",2,7.01112185974071,0.000142421293905269,0.00130755051183632,0.654101370000001,"Up in D1CM",2.88354152495548,"HSPA1L","HS71L_HUMAN"
0.533562897499998,13.73823988375,7.05183499868216,0.000180224291257087,0.00174313995853272,0.274825641491939,"CP4F3_HUMAN",10,7.01010053299914,0.000142560080718659,0.00130755051183632,0.533562897499998,"Up in D1CM",2.88354152495548,"CYP4F3","CP4F3_HUMAN"
0.27876162525,10.067910552375,6.72475931699158,0.00024343880762745,0.00207951579192787,-0.0602988851072492,"DDX50_HUMAN",23,7.00338678772572,0.000143476162429746,0.00131349164830592,0.27876162525,"Non-significant",2.88157268428346,"DDX50","DDX50_HUMAN"
-3.2612794625,8.57139092625,-6.80422325421553,0.000226060963622071,0.00199525430614706,0.0222197022490054,"TICN2_HUMAN",17,-7.00307041055895,0.000143519493188961,0.00131349164830592,-3.2612794625,"Up in D1BM",2.88157268428346,"SPOCK2","TICN2_HUMAN"
-0.106637477500005,17.79198002875,-5.9545502071725,0.000517359880843305,0.0034691731092391,-0.898842952532796,"PDIA6_HUMAN",28,-7.00117465926493,0.000143779439329153,0.00131444348601456,-0.106637477500005,"Non-significant",2.88125808147823,"PDIA6","PDIA6_HUMAN"
0.211320160000003,11.1742302175,6.45107000185915,0.000315800281194433,0.0025064788796496,-0.35008323348162,"ADA10_HUMAN",36,6.99479396083728,0.000144658224204265,0.00132039544635061,0.211320160000003,"Non-significant",2.87929598209105,"ADAM10","ADA10_HUMAN"
0.2068843825,19.31317901625,6.39481050248943,0.000333493105975312,0.00258841011995019,-0.410744830313475,"EF1A1_HUMAN",42,6.99417500258228,0.000144743788400518,0.00132039544635061,0.2068843825,"Non-significant",2.87929598209105,"EEF1A1","EF1A1_HUMAN"
0.66157293325,7.761830091375,8.76194578621459,4.39112292401113e-05,0.000758458506690366,1.85173254658395,"LHPL2_HUMAN",3,6.99081972845728,0.000145208600555561,0.00132320356117062,0.66157293325,"Up in D1CM",2.87837333896242,"LHFPL2","LHPL2_HUMAN"
0.378718135000002,11.0744115125,6.83362226269102,0.000219987723529641,0.00196635898370238,0.0525679528357585,"PLPL2_HUMAN",17,6.98365772124314,0.000146206339116592,0.00133085662247706,0.378718135000002,"Non-significant",2.87586872996567,"PNPLA2","PLPL2_HUMAN"
-0.260500192499997,11.62051475125,-6.88651874981478,0.000209515470889602,0.00191748740947715,0.106928467789647,"P5CR2_HUMAN",17,-6.98086484274224,0.000146597482422286,0.00133297753973835,-0.260500192499997,"Non-significant",2.87517716825296,"PYCR2","P5CR2_HUMAN"
0.185987237500001,13.59532511375,6.51151900686246,0.000297951175404924,0.00241610006355397,-0.285324524207652,"KMO_HUMAN",26,6.97676250495748,0.000147174131011715,0.00133675055008447,0.185987237500001,"Non-significant",2.87394962851163,"KMO","KMO_HUMAN"
0.346638917749999,9.236033320375,7.62507434911882,0.000109133183200521,0.00125324741307519,0.834586044875728,"CLCN3_HUMAN",9,6.97565949352866,0.000147329607430119,0.00133675055008447,0.346638917749999,"Non-significant",2.87394962851163,"CLCN3","CLCN3_HUMAN"
-0.117596149999999,15.2512323875,-5.98513249900566,0.000501447025469084,0.00339766638077083,-0.864152708156873,"IF2G_HUMAN",30,-6.97424594608332,0.000147529123384488,0.00133712148495467,-0.117596149999999,"Non-significant",2.87382913286622,"EIF2S3","IF2G_HUMAN"
0.513345479249999,9.740404486625,7.24896496046779,0.000151135195335285,0.0015348416403387,0.471170417644405,"NSA2_HUMAN",8,6.97174097133839,0.000147883429110801,0.00133730176398788,0.513345479249999,"Up in D1CM",2.87377058253057,"NSA2","NSA2_HUMAN"
0.720279218250001,9.499798298875,7.39620351107183,0.000132839257193949,0.00142241100982761,0.615156497085064,"M17L2_HUMAN",5,6.97086650227676,0.00014800733784849,0.00133730176398788,0.720279218250001,"Up in D1CM",2.87377058253057,"MPV17L2","M17L2_HUMAN"
0.13684797,14.458544015,6.35036643865089,0.000348255535607068,0.00265411022570703,-0.458935252287649,"ACSF2_HUMAN",25,6.96974988630534,0.000148165725965079,0.00133730176398788,0.13684797,"Non-significant",2.87377058253057,"ACSF2","ACSF2_HUMAN"
0.449873446,10.174977302,10.4998356622581,1.30447127189083e-05,0.000348883184673875,3.20822784623416,"S38A2_HUMAN",4,6.96962372347454,0.000148183633594101,0.00133730176398788,0.449873446,"Non-significant",2.87377058253057,"SLC38A2","S38A2_HUMAN"
0.283698322499998,10.51592695625,6.50797136709421,0.000298966943443681,0.00241610006355397,-0.289113138428736,"LTN1_HUMAN",64,6.96840679526922,0.000148356488953134,0.00133742978116146,0.283698322499998,"Non-significant",2.87372901039432,"LTN1","LTN1_HUMAN"
0.193692444999996,13.0033818475,6.23878187204746,0.000388647111059519,0.00285855715455557,-0.580982462649652,"IF4G3_HUMAN",64,6.9636935941605,0.000149028085733536,0.00134118210818966,0.193692444999996,"Non-significant",2.87251224883577,"EIF4G3","IF4G3_HUMAN"
-0.912525177500001,11.77068376375,-6.74635775393779,0.000238571756827284,0.0020594963426947,-0.0377992269374285,"CO1A1_HUMAN",34,-6.96325361535295,0.00014909095211457,0.00134118210818966,-0.912525177500001,"Up in D1BM",2.87251224883577,"COL1A1","CO1A1_HUMAN"
0.294715162499998,10.98618042375,6.75132438060043,0.000237468045161616,0.00205927793484286,-0.0326328740147659,"PISD_HUMAN",20,6.96137719624093,0.000149359396112364,0.00134216455205876,0.294715162499998,"Non-significant",2.87219423553058,"PISD","PISD_HUMAN"
0.262467147500001,15.98453771875,6.98957620517841,0.000190679363192999,0.00180183447573295,0.211946644937228,"RS11_HUMAN",15,6.9601697519498,0.000149532419982419,0.00134228835786135,0.262467147500001,"Non-significant",2.87215417658469,"RPS11","RS11_HUMAN"
0.330306768500002,9.27136862275,6.8232315590987,0.000222113083525415,0.00198325336974123,0.0418528556940512,"SDA1_HUMAN",17,6.957641187693,0.000149895480917517,0.00134411596665293,0.330306768500002,"Non-significant",2.87156325992448,"SDAD1","SDA1_HUMAN"
-0.424133777750001,8.909935474375,-7.77677268299583,9.60511154413918e-05,0.00117821218575257,0.977169916536383,"ANGI_HUMAN",7,-6.95023406873841,0.000150964686369477,0.00135226497492914,-0.424133777750001,"Non-significant",2.86893820049926,"ANG","ANGI_HUMAN"
0.17028904,13.8118650925,6.26128340276078,0.000380097806929887,0.0028128572560246,-0.556248613644109,"THNS1_HUMAN",35,6.94753439181217,0.000151356490229026,0.00135299818961426,0.17028904,"Non-significant",2.86870278451181,"THNSL1","THNS1_HUMAN"
0.298980715000003,11.813940525,7.20111173071334,0.000157678360379241,0.00158411311041314,0.423887408097047,"EBP2_HUMAN",12,6.94671346700674,0.000151475855418851,0.00135299818961426,0.298980715000003,"Non-significant",2.86870278451181,"EBNA1BP2","EBP2_HUMAN"
0.166116000000001,9.8814488655,6.10250771437552,0.00044524990569655,0.00313273076386996,-0.732114282603218,"BTAF1_HUMAN",53,6.94633896484924,0.000151530344095566,0.00135299818961426,0.166116000000001,"Non-significant",2.86870278451181,"BTAF1","BTAF1_HUMAN"
0.472233295000002,14.6940782075,7.31388057274283,0.000142740972027225,0.00147627442112574,0.534929016322863,"T176B_HUMAN",8,6.945252052549,0.000151688609465592,0.00135299818961426,0.472233295000002,"Non-significant",2.86870278451181,"TMEM176B","T176B_HUMAN"
0.124645947499999,13.31839907125,6.07031549497902,0.000459929226791806,0.00320127452735601,-0.76815489075268,"ACOT9_HUMAN",29,6.94245810684799,0.000152096281587743,0.00135520037791023,0.124645947499999,"Non-significant",2.86799648590629,"ACOT9","ACOT9_HUMAN"
0.604554653250002,9.479041099625,6.7280516618344,0.000242689766003916,0.00207951579192787,-0.056865727266187,"DDX28_HUMAN",21,6.93359598100109,0.000153397473448278,0.00136334000447658,0.604554653250002,"Up in D1CM",2.86539582160209,"DDX28","DDX28_HUMAN"
0.3378536725,11.14436399875,6.63100120370417,0.000265896495362833,0.00221940695222652,-0.158588920818277,"EX3L4_HUMAN",29,6.93324687235397,0.000153448984927458,0.00136334000447658,0.3378536725,"Non-significant",2.86539582160209,"EXOC3L4","EX3L4_HUMAN"
1.2636356365,10.55944943425,7.38189717572278,0.000134503152266571,0.00143147357380673,0.60126437880467,"IR3IP_HUMAN",2,6.93293487632194,0.000153495036688608,0.00136334000447658,1.2636356365,"Up in D1CM",2.86539582160209,"IER3IP1","IR3IP_HUMAN"
0.350707531249999,9.432735204625,6.76186410779851,0.000235144752668333,0.00204824310411126,-0.0216785929896606,"STPAP_HUMAN",18,6.92835349642975,0.000154173040618981,0.00136736622394204,0.350707531249999,"Non-significant",2.86411515204806,"TUT1","STPAP_HUMAN"
0.422794099999997,12.14406979,6.81420905226683,0.000223977270339167,0.00199169118090586,0.0325388279016821,"TM135_HUMAN",15,6.92768142205622,0.000154272781939598,0.00136736622394204,0.422794099999997,"Non-significant",2.86411515204806,"TMEM135","TM135_HUMAN"
0.46746445,12.720797065,7.14733049120271,0.000165414570016745,0.00164387894740597,0.370458066284904,"POTEJ_HUMAN",9,6.92542308712395,0.000154608464061739,0.00136890204157184,0.46746445,"Non-significant",2.86362762880315,"POTEJ","POTEJ_HUMAN"
0.277215480000001,9.818915605,7.11071436346672,0.000170925351584728,0.00168113160852703,0.333905211737308,"SRPK2_HUMAN",13,6.92225947945446,0.000155080075882557,0.00137163689361392,0.277215480000001,"Non-significant",2.86276084196081,"SRPK2","SRPK2_HUMAN"
0.227725027500002,10.77488756375,6.36190417067629,0.000344354169670242,0.00263151522769762,-0.446402058585438,"TBCD_HUMAN",49,6.90960205794444,0.00015698306159195,0.00138628955689676,0.227725027500002,"Non-significant",2.85814604834729,"TBCD","TBCD_HUMAN"
0.416527509750003,8.335428118625,7.00366744965182,0.000188254747758934,0.00178859657850058,0.226215240008935,"BCL3_HUMAN",11,6.90905648005696,0.000157065669336387,0.00138628955689676,0.416527509750003,"Non-significant",2.85814604834729,"BCL3","BCL3_HUMAN"
0.346462724999997,10.3631737225,6.94546065425788,0.000198499593124999,0.00184708671285931,0.167135157744395,"TRMB_HUMAN",13,6.90466924404442,0.000157731717649342,0.00139071197496475,0.346462724999997,"Non-significant",2.85676280576337,"METTL1","TRMB_HUMAN"
1.018963101,9.7772573245,7.33344629539608,0.00014031461546658,0.00146920732145068,0.554060051589756,"BRI3B_HUMAN",3,6.90178269652633,0.000158171654085553,0.00139153388486293,1.018963101,"Up in D1CM",2.85650621381444,"BRI3BP","BRI3B_HUMAN"
-0.144354105000001,14.2489968525,-6.29159854242198,0.000368910244712018,0.00275424663656121,-0.523024105840381,"RUVB1_HUMAN",26,-6.90144665285914,0.000158222958966101,0.00139153388486293,-0.144354105000001,"Non-significant",2.85650621381444,"RUVBL1","RUVB1_HUMAN"
0.236639022500002,11.24256253375,7.75109372367212,9.81358230839192e-05,0.00118027045991705,0.953190815898699,"SPRY7_HUMAN",11,6.90081004001021,0.000158320203533462,0.00139153388486293,0.236639022500002,"Non-significant",2.85650621381444,"SPRYD7","SPRY7_HUMAN"
0.334274053500002,8.73215377325,6.54369919994515,0.000288911669201059,0.002371213690064,-0.251026243014352,"MROH1_HUMAN",43,6.89801285112487,0.000158748272070577,0.00139384290133635,0.334274053500002,"Non-significant",2.85578617238399,"MROH1","MROH1_HUMAN"
0.233588218749999,9.721423387625,6.514929104809,0.000296978428489002,0.00241159072614046,-0.281684194808449,"PTN3_HUMAN",27,6.8941113652611,0.000159347490972518,0.00139764828450297,0.233588218749999,"Non-significant",2.85460210421074,"PTPN3","PTN3_HUMAN"
-0.105426310000002,12.82783079,-5.67757991718615,0.000690143096562438,0.00429314845824708,-1.2185331994654,"OS9_HUMAN",33,-6.88967016653869,0.000160032670087446,0.00140219893572462,-0.105426310000002,"Non-significant",2.85319036685549,"OS9","OS9_HUMAN"
0.197732927499999,10.50250315625,6.9661714561462,0.000194784321880704,0.00183240742090675,0.188199293494218,"GGT7_HUMAN",16,6.88593623033028,0.000160611273127377,0.00140580729095604,0.197732927499999,"Non-significant",2.85207420862662,"GGT7","GGT7_HUMAN"
0.266510965000004,12.2605810175,6.53601915667694,0.000291040787039035,0.00238173086791459,-0.259200710278214,"SYNM_HUMAN",28,6.8845708087114,0.000160823437346822,0.00140620410103357,0.266510965000004,"Non-significant",2.85195163982859,"NARS2","SYNM_HUMAN"
0.406524185000002,10.9926545625,12.139935161367,4.83986744994317e-06,0.000206580901896609,4.31459281157634,"GOT1A_HUMAN",4,6.87925815872933,0.000161651910562945,0.00141121934153122,0.406524185000002,"Non-significant",2.85040547992858,"GOLT1A","GOT1A_HUMAN"
0.160051109999999,12.7803269625,6.07762580384349,0.00045654897762529,0.00318507009907545,-0.759959235638749,"ABLM1_HUMAN",42,6.87706319767048,0.000161995586747102,0.00141121934153122,0.160051109999999,"Non-significant",2.85040547992858,"ABLIM1","ABLM1_HUMAN"
0.441806077500001,11.81590545125,6.755680191339,0.000236504780736301,0.00205515339878998,-0.0281042084408316,"DRS7B_HUMAN",15,6.87658594062522,0.000162070420927902,0.00141121934153122,0.441806077500001,"Non-significant",2.85040547992858,"DHRS7B","DRS7B_HUMAN"
0.188239812500001,10.18598163125,6.30677011208834,0.000363449869725189,0.00272680755100357,-0.506438656039617,"EFNMT_HUMAN",33,6.87565405573518,0.00016221665199212,0.00141121934153122,0.188239812500001,"Non-significant",2.85040547992858,"METTL13","EFNMT_HUMAN"
0.240775110000003,10.800703765,6.63083170855782,0.000265939141268097,0.00221940695222652,-0.158767526556707,"VRK2_HUMAN",21,6.87554269096433,0.000162234137138896,0.00141121934153122,0.240775110000003,"Non-significant",2.85040547992858,"VRK2","VRK2_HUMAN"
0.215463160000001,11.47867322,6.23045472117203,0.000391865265455086,0.00287269385230032,-0.590151507420249,"HERC2_HUMAN",89,6.87412286061669,0.000162457245709874,0.00141170322070983,0.215463160000001,"Non-significant",2.85025659447062,"HERC2","HERC2_HUMAN"
-0.311851259999999,13.069523215,-10.6181040755161,1.20898983572821e-05,0.000336322617998451,3.29312779220902,"AP2S1_HUMAN",6,-6.8687573179803,0.000163303463576618,0.00141759515395192,-0.311851259999999,"Non-significant",2.84844778008988,"AP2S1","AP2S1_HUMAN"
-0.157845497499999,17.70583963375,-7.32765396737237,0.000141028063131076,0.00146960721794546,0.548400541458578,"A1AG1_HUMAN",15,-6.8622357740985,0.000164338612486086,0.00142251211901741,-0.157845497499999,"Non-significant",2.84694402496806,"ORM1","A1AG1_HUMAN"
0.236979485000001,11.67470765,7.04641732914759,0.000181108052210571,0.00174463973952331,0.269370740928929,"GLTD2_HUMAN",14,6.86156155396137,0.00016444604580762,0.00142251211901741,0.236979485000001,"Non-significant",2.84694402496806,"GLTPD2","GLTD2_HUMAN"
0.0807809850000041,12.32528472,4.59947681562017,0.00233322402629529,0.0104945279176323,-2.56256290853488,"RBP2_HUMAN",128,6.85995692355566,0.000164702049588688,0.00142251211901741,0.0807809850000041,"Non-significant",2.84694402496806,"RANBP2","RBP2_HUMAN"
-0.109605550000001,11.76150477,-5.31715921852008,0.00101892561332576,0.00571425415483885,-1.64984317922083,"ROCK1_HUMAN",87,-6.85992054049044,0.000164707859308466,0.00142251211901741,-0.109605550000001,"Non-significant",2.84694402496806,"ROCK1","ROCK1_HUMAN"
0.375258803500001,7.713010013,7.14626638049791,0.000165571878377578,0.00164387894740597,0.3693978155439,"PARP2_HUMAN",10,6.8598839271207,0.000164713706034049,0.00142251211901741,0.375258803500001,"Non-significant",2.84694402496806,"PARP2","PARP2_HUMAN"
-0.94596385925,8.162194728875,-7.38934047777286,0.000133634556734621,0.00142533676968492,0.608494789149191,"MSTN1_HUMAN",3,-6.85501970161568,0.000165492524157597,0.0014277753184487,-0.94596385925,"Up in D1BM",2.84534012983938,"MUSTN1","MSTN1_HUMAN"
0.301609037499999,11.93564796375,7.45077934346943,0.000126700886056422,0.00138516442097222,0.667960221705018,"RS4Y1_HUMAN",10,6.85383233839783,0.000165683256511901,0.00142795927314807,0.301609037499999,"Non-significant",2.84528417890388,"RPS4Y1","RS4Y1_HUMAN"
-0.299463033749999,8.129043221375,-6.50805404078381,0.000298943228065902,0.00241610006355397,-0.289024832190928,"ITAM_HUMAN",32,-6.85118430329846,0.00016610950630724,0.00143017061150534,-0.299463033749999,"Non-significant",2.8446121504961,"ITGAM","ITAM_HUMAN"
0.22954464,10.5388593675,6.50087728062528,0.000301009783575501,0.00242361327266155,-0.296693551893712,"TDIF2_HUMAN",25,6.84683919491035,0.00016681157878026,0.00143474979340695,0.22954464,"Non-significant",2.8432238291161,"DNTTIP2","TDIF2_HUMAN"
0.27997017,12.489100455,7.14985043439021,0.000165042713419783,0.00164387894740597,0.372968387119624,"TM245_HUMAN",12,6.84571612642682,0.000166993578379588,0.00143485104195877,0.27997017,"Non-significant",2.84319318256287,"TMEM245","TM245_HUMAN"
-0.141442537499998,13.50436651875,-6.00024199164075,0.000493787245617803,0.00336469902450482,-0.847057702279478,"NASP_HUMAN",35,-6.84406388752039,0.000167261734997792,0.00143542664171163,-0.141442537499998,"Non-significant",2.84301899746487,"NASP","NASP_HUMAN"
0.0942289825000024,12.94991266875,4.96422724513619,0.00151758955476125,0.00763687304900452,-2.08956281771972,"ACACA_HUMAN",110,6.84281873088993,0.000167464139347936,0.00143542664171163,0.0942289825000024,"Non-significant",2.84301899746487,"ACACA","ACACA_HUMAN"
-0.175406217500004,14.06950008875,-6.39535655776706,0.000333316136554534,0.00258841011995019,-0.410154225444534,"AAKG1_HUMAN",25,-6.84215920745798,0.000167571457520969,0.00143542664171163,-0.175406217500004,"Non-significant",2.84301899746487,"PRKAG1","AAKG1_HUMAN"
0.11954665,11.810866475,5.88419713007059,0.000556149539333702,0.00367669369964218,-0.979101799627809,"LRC40_HUMAN",31,6.84010846049704,0.000167905646128567,0.00143682912813979,0.11954665,"Non-significant",2.84259487634621,"LRRC40","LRC40_HUMAN"
2.52155411225,7.797377526625,6.7284641759857,0.000242596097070935,0.00207951579192787,-0.056435657167123,"CXCL9_HUMAN",3,6.83422586535606,0.000168868394273426,0.00144338027286357,2.52155411225,"Up in D1CM",2.84061923463825,"CXCL9","CXCL9_HUMAN"
0.552737952500001,10.02736437375,6.64247710466845,0.000263026832223243,0.002206023053542,-0.146503912617623,"TYSD1_HUMAN",19,6.83334136670712,0.00016901368244351,0.00144338027286357,0.552737952500001,"Up in D1CM",2.84061923463825,"TYSND1","TYSD1_HUMAN"
0.244758602500003,16.36465168125,6.74861837709062,0.000238068677241706,0.0020594963426947,-0.0354473479793622,"BAP31_HUMAN",17,6.8320399460797,0.000169227707468717,0.00144374528973058,0.244758602500003,"Non-significant",2.84050941966238,"BCAP31","BAP31_HUMAN"
0.466785429999996,10.7534976,13.6520273277012,2.15127806985531e-06,0.00013235856095482,5.21687203411689,"TM50A_HUMAN",3,6.82456844300145,0.000170462285826413,0.00145280748961662,0.466785429999996,"Non-significant",2.83779192991138,"TMEM50A","TM50A_HUMAN"
0.101085902499998,12.15892350875,5.33354329626414,0.00100066750316313,0.00565323484193163,-1.62985223629541,"CCAR1_HUMAN",46,6.81793781011213,0.000171566320859047,0.00146073991769789,0.101085902499998,"Non-significant",2.83542710258968,"CCAR1","CCAR1_HUMAN"
-0.229827404249999,9.576610565125,-7.69553433543559,0.000102822862005287,0.00120681357952739,0.901091152700458,"GDIR2_HUMAN",11,-6.81283456842391,0.000172421458087015,0.00146653932413265,-0.229827404249999,"Non-significant",2.83370628725224,"ARHGDIB","GDIR2_HUMAN"
0.3498747345,9.88359320125,6.50074938896238,0.000301046754831729,0.00242361327266155,-0.296830265609433,"IQEC1_HUMAN",34,6.81003444579055,0.000172892682482299,0.00146756073132318,0.3498747345,"Non-significant",2.83340391751967,"IQSEC1","IQEC1_HUMAN"
0.443731784999997,9.4264309405,6.50979781626889,0.000298443507250018,0.00241610006355397,-0.287162441567663,"TRNK1_HUMAN",70,6.80980713303923,0.000172930999136629,0.00146756073132318,0.443731784999997,"Non-significant",2.83340391751967,"TRANK1","TRNK1_HUMAN"
0.312263011749998,8.958867073125,6.48658639704179,0.000305172651068154,0.00244747885428494,-0.311982205188557,"ERCC5_HUMAN",31,6.80901930873625,0.000173063870795497,0.00146756073132318,0.312263011749998,"Non-significant",2.83340391751967,"ERCC5","ERCC5_HUMAN"
0.211209534999998,14.88160479,6.69245535875078,0.000250927289981298,0.00212783312600841,-0.0940502187796319,"ARL8B_HUMAN",18,6.80469175181015,0.000173795770684527,0.0014722859810049,0.211209534999998,"Non-significant",2.83200782321245,"ARL8B","ARL8B_HUMAN"
0.2200710775,11.70353972875,6.44806435026879,0.000316718505783571,0.00251140196166484,-0.353314501599641,"SYEM_HUMAN",25,6.8024617099508,0.000174174272021407,0.00147339652544851,0.2200710775,"Non-significant",2.83168035862958,"EARS2","SYEM_HUMAN"
0.154818772500001,11.15546548375,6.07698236406841,0.000456845384954588,0.00318507009907545,-0.760680331767546,"SYTL4_HUMAN",34,6.80141509453425,0.000174352228601542,0.00147339652544851,0.154818772500001,"Non-significant",2.83168035862958,"SYTL4","SYTL4_HUMAN"
0.110809324999998,12.7148194325,5.46939935638944,0.00086252711980941,0.00504877853671772,-1.46550896319807,"GTF2I_HUMAN",48,6.80016781728993,0.000174564568153124,0.00147339652544851,0.110809324999998,"Non-significant",2.83168035862958,"GTF2I","GTF2I_HUMAN"
0.109141590000004,14.1385418175,5.23245497937586,0.00111941279027002,0.00609660924382302,-1.75378731625452,"ACACB_HUMAN",135,6.79980688283767,0.000174626068207742,0.00147339652544851,0.109141590000004,"Non-significant",2.83168035862958,"ACACB","ACACB_HUMAN"
0.229536295000001,11.76546967,6.35328474011017,0.00034726409256679,0.0026513487647151,-0.455763642726889,"NOL6_HUMAN",33,6.79621556259428,0.000175239313012574,0.00147709216938299,0.229536295000001,"Non-significant",2.83059240421037,"NOL6","NOL6_HUMAN"
-0.576641082750001,8.298612356125,-6.93163845786969,0.000201023342553868,0.00186610765901603,0.153050859690701,"RNAS4_HUMAN",8,-6.78623796269392,0.000176955679649261,0.00148967868845726,-0.576641082750001,"Up in D1BM",2.82690739526433,"RNASE4","RNAS4_HUMAN"
0.0920424474999972,11.10795044875,5.30547738754767,0.00103216939374525,0.00576169259594617,-1.66411934504524,"DDX41_HUMAN",36,6.78548468250227,0.000177086018013308,0.00148967868845726,0.0920424474999972,"Non-significant",2.82690739526433,"DDX41","DDX41_HUMAN"
0.847261309499999,8.37483292825,6.59773843727872,0.000274414253092551,0.0022733601125572,-0.193703490153226,"RECQ5_HUMAN",17,6.78207446451452,0.00017767741853343,0.00149316347040706,0.847261309499999,"Up in D1CM",2.82589264344082,"RECQL5","RECQ5_HUMAN"
0.217034578249997,9.677895903375,6.40126287013274,0.000331408675628772,0.00258841011995019,-0.403768339273412,"INT2_HUMAN",26,6.77695836650521,0.000178568779655317,0.00149775658303392,0.217034578249997,"Non-significant",2.82455876289498,"INTS2","INT2_HUMAN"
0.451418161499999,10.36141145425,7.0061438108633,0.000187832235155178,0.00178859657850058,0.228720527668647,"RT15_HUMAN",9,6.77689785025327,0.000178579352942116,0.00149775658303392,0.451418161499999,"Non-significant",2.82455876289498,"MRPS15","RT15_HUMAN"
0.286965372499997,14.85197210375,6.7532807768186,0.000237034855684058,0.00205763830953751,-0.0305985739466994,"BAAT_HUMAN",15,6.77257805492699,0.000179335902506746,0.00150260668213654,0.286965372499997,"Non-significant",2.82315468417151,"BAAT","BAAT_HUMAN"
0.208786965000005,16.920148375,6.14891920504023,0.000424998846649395,0.00302816168927113,-0.680383285472387,"NNTM_HUMAN",64,6.76648840587814,0.000180408481619521,0.00151009244445973,0.208786965000005,"Non-significant",2.82099646536257,"NNT","NNTM_HUMAN"
0.167306184500003,9.649928212,6.03252985204898,0.00047785262310555,0.00328533422525015,-0.810624270331854,"NFX1_HUMAN",42,6.75709831487078,0.00018207639086877,0.00152254156610403,0.167306184500003,"Non-significant",2.81743084208872,"NFX1","NFX1_HUMAN"
0.249443767500004,10.37457788125,6.33578329087272,0.000353257581663312,0.00267320475346019,-0.474799663512829,"ASPP2_HUMAN",35,6.7500543125712,0.000183338842447655,0.00153157889295469,0.249443767500004,"Non-significant",2.81486062739648,"TP53BP2","ASPP2_HUMAN"
0.0648274424999968,16.21632266125,4.23008886688849,0.00367910842431381,0.0146625082309887,-3.06095835336654,"TRAP1_HUMAN",55,6.74737565226684,0.000183821475373787,0.00153362480041785,0.0648274424999968,"Non-significant",2.81428087704866,"TRAP1","TRAP1_HUMAN"
0.464157819999993,15.8856803175,6.57041549697123,0.000281639885934272,0.00232739470445096,-0.222643926793845,"MTCH2_HUMAN",18,6.74637913307784,0.000184001385849654,0.00153362480041785,0.464157819999993,"Non-significant",2.81428087704866,"MTCH2","MTCH2_HUMAN"
0.275806427499999,11.06035900125,6.31178335996259,0.000361665468376628,0.0027194275048587,-0.500964374557944,"ACD10_HUMAN",56,6.74517977930229,0.000184218175712601,0.00153362480041785,0.275806427499999,"Non-significant",2.81428087704866,"ACAD10","ACD10_HUMAN"
0.5874488355,9.38775098325,9.01020468769745,3.64759929008166e-05,0.000671301624805639,2.05909442145818,"H11_HUMAN",3,6.74431323801895,0.000184374984716943,0.00153362480041785,0.5874488355,"Up in D1CM",2.81428087704866,"H1-1","H11_HUMAN"
-0.446327205000003,10.9079518325,-6.86306751127082,0.000214087679112499,0.00192999470292968,0.0828667325950114,"GSTP1_HUMAN",10,-6.74268444645711,0.000184670132369384,0.00153362480041785,-0.446327205000003,"Non-significant",2.81428087704866,"GSTP1","GSTP1_HUMAN"
0.321660280250001,8.645800709625,6.51001676492781,0.000298380828339791,0.00241610006355397,-0.286928624950974,"TELO2_HUMAN",22,6.74265525529551,0.000184675426791329,0.00153362480041785,0.321660280250001,"Non-significant",2.81428087704866,"TELO2","TELO2_HUMAN"
0.314439057500003,14.81085288625,6.53625457250456,0.00029097526297367,0.00238173086791459,-0.258950035897004,"DHB2_HUMAN",20,6.73754627963381,0.000185604652145144,0.00153982442217659,0.314439057500003,"Non-significant",2.81252879658368,"HSD17B2","DHB2_HUMAN"
0.216254714999998,14.25145936,7.1450644470342,0.000165749763197904,0.00164387894740597,0.368200096743886,"MBOA5_HUMAN",13,6.72570419571989,0.000187778571149077,0.00155632800021197,0.216254714999998,"Non-significant",2.80789886899778,"LPCAT3","MBOA5_HUMAN"
0.190455437500002,12.67976641625,6.05891803018849,0.000465255237637894,0.00322327318512795,-0.780946134805163,"KPBB_HUMAN",55,6.72006429566707,0.00018882386697276,0.00156345419912907,0.190455437500002,"Non-significant",2.80591483674715,"PHKB","KPBB_HUMAN"
0.180959934999999,10.7816032175,6.09975331254531,0.000446485201296453,0.00313852008961661,-0.735192861540932,"MAN1_HUMAN",38,6.71714463188302,0.000189367537707484,0.00156420192164852,0.180959934999999,"Non-significant",2.80570718490958,"LEMD3","MAN1_HUMAN"
0.254088163000002,8.50271737575,7.32633909915344,0.00014119058392167,0.00146960721794546,0.54711533957172,"RGP1_HUMAN",11,6.71580701222047,0.00018961719745055,0.00156420192164852,0.254088163000002,"Non-significant",2.80570718490958,"RGP1","RGP1_HUMAN"
-1.72513437275,7.849952220875,-6.52061223075271,0.000295365177771361,0.00240544259269063,-0.275620423042138,"FAT4_HUMAN",27,-6.71514089563496,0.00018974166120924,0.00156420192164852,-1.72513437275,"Up in D1BM",2.80570718490958,"FAT4","FAT4_HUMAN"
0.196070432500004,10.86215150375,6.14230519426042,0.000427820899827936,0.0030455032093523,-0.687738923199063,"OSB11_HUMAN",40,6.7150046902281,0.000189767122354962,0.00156420192164852,0.196070432500004,"Non-significant",2.80570718490958,"OSBPL11","OSB11_HUMAN"
0.26440930375,9.556306004375,6.61338977791114,0.00027036885822299,0.00224747446347296,-0.177164797180105,"DTNB_HUMAN",17,6.71460402643534,0.000189842041267818,0.00156420192164852,0.26440930375,"Non-significant",2.80570718490958,"DTNB","DTNB_HUMAN"
0.285501237499998,13.64690101125,6.40641136827847,0.000329755910392668,0.00258319011960948,-0.398205216176672,"NOP58_HUMAN",27,6.71225834734657,0.000190281313507537,0.00156629022612796,0.285501237499998,"Non-significant",2.80512776212002,"NOP58","NOP58_HUMAN"
0.296130179999999,10.466805695,6.27961009240567,0.00037328988527753,0.00277465647531244,-0.536149660397665,"VP13D_HUMAN",121,6.71098051825922,0.000190521086590922,0.00156673389158525,0.296130179999999,"Non-significant",2.80500476181491,"VPS13D","VP13D_HUMAN"
0.389572622499999,13.20583081375,9.32022977639128,2.91086483990633e-05,0.000585577081994522,2.31128728829219,"H15_HUMAN",5,6.706507553714,0.000191363049361875,0.00157212392112207,0.389572622499999,"Non-significant",2.8035132241119,"H1-5","H15_HUMAN"
0.228474854999998,14.30656302,6.78373414683441,0.000230404720230876,0.0020187956204013,0.00101145076886411,"ALG5_HUMAN",15,6.70317504541168,0.000191993030735966,0.00157406001602251,0.228474854999998,"Non-significant",2.80297871280891,"ALG5","ALG5_HUMAN"
0.503197192500004,13.03101396375,7.11652993932441,0.000170036494291163,0.00168023166515852,0.339720323520821,"MSMO1_HUMAN",7,6.70308316568187,0.000192010432442449,0.00157406001602251,0.503197192500004,"Up in D1CM",2.80297871280891,"MSMO1","MSMO1_HUMAN"
0.438760042500004,14.50645697125,6.64387484119086,0.000262679690293137,0.0022053058859371,-0.145033029474721,"RL28_HUMAN",13,6.70229940130321,0.00019215894607749,0.00157406001602251,0.438760042500004,"Non-significant",2.80297871280891,"RPL28","RL28_HUMAN"
0.259671214999997,14.972831965,6.37167358235401,0.000341088935538501,0.00262321043581572,-0.435802325226521,"ZYX_HUMAN",27,6.69958078213818,0.00019267508194969,0.00157675559781935,0.259671214999997,"Non-significant",2.80223561849368,"ZYX","ZYX_HUMAN"
0.175188064999993,18.1052007675,5.99943716419712,0.000494191946009819,0.00336473660170983,-0.847967557484703,"CP3A4_HUMAN",47,6.69744391187056,0.000193081854083792,0.00157855184100124,0.175188064999993,"Non-significant",2.80174115093294,"CYP3A4","CP3A4_HUMAN"
0.127238747499998,10.77988910625,5.73601361783185,0.000648920352353929,0.00411568822422217,-1.15025070743568,"SYVM_HUMAN",37,6.68896949123378,0.000194704467960264,0.00159027515546228,0.127238747499998,"Non-significant",2.7985277258932,"VARS2","SYVM_HUMAN"
0.7103533745,9.42470431325,7.31972034865951,0.000142011878740303,0.00147136813609032,0.540643203524143,"RPA12_HUMAN",4,6.67570503116626,0.000197274780077069,0.00160823632178988,0.7103533745,"Up in D1CM",2.79365013362972,"POLR1H","RPA12_HUMAN"
0.240663052499997,10.47132992625,7.75165554593621,9.80896712184214e-05,0.00118027045991705,0.953716127264995,"HAP40_HUMAN",10,6.6756520107196,0.000197285129520789,0.00160823632178988,0.240663052499997,"Non-significant",2.79365013362972,"F8A1","HAP40_HUMAN"
-0.160630227500002,14.38505435125,-7.3221711735708,0.000141707141402658,0.00147099691488054,0.543040268406834,"SRSF4_HUMAN",14,-6.67259919285786,0.000197882050791369,0.00161154377402942,-0.160630227500002,"Non-significant",2.79275789334046,"SRSF4","SRSF4_HUMAN"
0.137510774999999,11.6939702025,5.6974667611119,0.000675795088019266,0.00423200356382942,-1.19524376670145,"RB3GP_HUMAN",50,6.66619384813637,0.000199141036312708,0.00161928537640029,0.137510774999999,"Non-significant",2.79067660617303,"RAB3GAP1","RB3GP_HUMAN"
-0.162993670000001,12.016314865,-6.0468806026133,0.000470955179678048,0.00324851162807387,-0.794473409550088,"P3H1_HUMAN",32,-6.66580950524251,0.000199216862655961,0.00161928537640029,-0.162993670000001,"Non-significant",2.79067660617303,"P3H1","P3H1_HUMAN"
0.169480317499998,11.54593372375,5.831716677676,0.00058719866395653,0.00382204095428567,-1.03938801958387,"CNOT1_HUMAN",106,6.66130028373501,0.000200108881765279,0.00162496894450822,0.169480317499998,"Non-significant",2.78915493459747,"CNOT1","CNOT1_HUMAN"
0.235876317500001,10.74105703875,7.39355649837162,0.000133145365613238,0.00142241100982761,0.612587705233326,"CR3L3_HUMAN",11,6.6534551134864,0.000201671429342769,0.00163608130695881,0.235876317500001,"Non-significant",2.78619511736022,"CREB3L3","CR3L3_HUMAN"
0.457631825,12.1823059325,6.99015299497983,0.000190579432701001,0.00180183447573295,0.21253112023512,"VKORL_HUMAN",8,6.65139691571553,0.000202083610930525,0.00163784880435903,0.457631825,"Non-significant",2.78572619199152,"VKORC1L1","VKORL_HUMAN"
0.286831140749999,8.807259440375,6.34094493481709,0.000351478000288875,0.00266421588528321,-0.469181576383284,"DHX58_HUMAN",28,6.64975334904884,0.000202413429964065,0.00163894601456975,0.286831140749999,"Non-significant",2.78543535146952,"DHX58","DHX58_HUMAN"
0.161715507499999,10.79094505125,6.25666193923949,0.000381836404189036,0.00282077042148062,-0.56132348811562,"FNBP1_HUMAN",23,6.64060879066521,0.000204259460642705,0.00165230613604353,0.161715507499999,"Non-significant",2.7819094843298,"FNBP1","FNBP1_HUMAN"
-0.267897132499996,10.82389783875,-6.53178701220673,0.00029222155587758,0.00238444868779489,-0.263708274552076,"SHPS1_HUMAN",17,-6.63622080099311,0.000205151914892021,0.00165793431507655,-0.267897132499996,"Non-significant",2.78043267955467,"SIRPA","SHPS1_HUMAN"
0.0911204825000045,13.47985684875,4.86779025456542,0.00169722078003358,0.00829326026371193,-2.21277208448668,"LMO7_HUMAN",76,6.6342728779955,0.000205549483631976,0.00165955612790606,0.0911204825000045,"Non-significant",2.78000805471807,"LMO7","LMO7_HUMAN"
0.195201639999997,11.8620959525,6.80887509555791,0.000225087592658208,0.00199426130148119,0.0270282203097736,"CP2CJ_HUMAN",15,6.62988741552453,0.00020644769092465,0.0016652130017262,0.195201639999997,"Non-significant",2.77853020686771,"CYP2C19","CP2CJ_HUMAN"
0.451705695000001,14.87197101,7.18799864622944,0.000159526468311825,0.00159886872937024,0.410888410431546,"RS23_HUMAN",7,6.62851305509226,0.00020673007780673,0.00166589658301427,0.451705695000001,"Non-significant",2.77835196260528,"RPS23","RS23_HUMAN"
-0.173781869999999,16.48160243,-7.11780003568347,0.000169843062747033,0.00168023166515852,0.340989836166685,"MANF_HUMAN",14,-6.62581631477955,0.000207285420407514,0.00166877632150424,-0.173781869999999,"Non-significant",2.77760187113771,"MANF","MANF_HUMAN"
-0.227440837499998,16.61514186875,-6.60604444417695,0.000272259026475571,0.00225873162811278,-0.184923025768461,"RHOA_HUMAN",16,-6.61285173742973,0.000209978491861869,0.00168884418693101,-0.227440837499998,"Non-significant",2.77241041666792,"RHOA","RHOA_HUMAN"
0.142910239999997,11.6507130875,5.73304265915439,0.000650948800193853,0.00412544920062706,-1.15371152158208,"ITPI2_HUMAN",46,6.61120667863389,0.000210322985134515,0.00169000232764426,0.142910239999997,"Non-significant",2.77211269723108,"ITPRID2","ITPI2_HUMAN"
0.257925750000002,11.4902609575,6.40457380231339,0.000330344743312069,0.0025841976844549,-0.400190402114662,"FXRD1_HUMAN",20,6.60584908647557,0.00021144928702199,0.00169743432410319,0.257925750000002,"Non-significant",2.77020702012926,"FOXRED1","FXRD1_HUMAN"
0.246564149749998,9.404842972875,6.21413972936482,0.000398257137443175,0.00290641507489915,-0.608140750321728,"POP1_HUMAN",33,6.60237592190659,0.000212183016825674,0.0017017037572061,0.246564149749998,"Non-significant",2.76911604225889,"POP1","POP1_HUMAN"
0.139053344999997,13.9758217325,6.10430892007452,0.00044444416396913,0.00313229085125066,-0.730101600255098,"IMA7_HUMAN",24,6.59759460528512,0.000213197738112553,0.0017082164777098,0.139053344999997,"Non-significant",2.76745709318013,"KPNA6","IMA7_HUMAN"
0.201116325000001,13.559485555,6.74107022088743,0.000239753104188114,0.00206422769683515,-0.0433024755304672,"RRAS_HUMAN",15,6.59046400629599,0.000214721077441467,0.00171878818780069,0.201116325000001,"Non-significant",2.76477763962312,"RRAS","RRAS_HUMAN"
0.127368929999999,16.0414767275,6.34493258791907,0.000350110039234354,0.00265967624942359,-0.464843506197536,"PECR_HUMAN",20,6.58520016937474,0.000215853377188611,0.00172621263408236,0.127368929999999,"Non-significant",2.76290570913017,"PECR","PECR_HUMAN"
0.305803537499997,11.60013997625,6.45951320177768,0.000313236785750377,0.00249553201048197,-0.341012009586301,"PRSR2_HUMAN",17,6.58396385002351,0.000216120282555713,0.00172670887361337,0.305803537499997,"Non-significant",2.76278087913272,"PROSER2","PRSR2_HUMAN"
0.469050646500001,9.98085749175,6.42187917804358,0.000324845654433256,0.0025637865367209,-0.381510852185923,"NOL9_HUMAN",17,6.58282579022136,0.000216366299330763,0.00172703744039678,0.469050646500001,"Non-significant",2.76269824727246,"NOL9","NOL9_HUMAN"
0.151928427500003,15.97842192625,6.28725343242571,0.000370490936005287,0.00276039049641441,-0.527779321079582,"DECR2_HUMAN",21,6.58077356484178,0.000216810720544476,0.00172792858367616,0.151928427500003,"Non-significant",2.76247421113739,"DECR2","DECR2_HUMAN"
0.163928272500002,13.01167071125,6.16989454421784,0.000416185751936049,0.00298301845499061,-0.657092027032685,"GLUCM_HUMAN",24,6.57971209360891,0.000217040986397014,0.00172792858367616,0.163928272500002,"Non-significant",2.76247421113739,"DGLUCY","GLUCM_HUMAN"
0.473695278249998,8.416978120875,6.34802139540633,0.000349054518027191,0.00265539759246498,-0.461484591546861,"UBE3B_HUMAN",28,6.57857313939055,0.000217288363129118,0.00172792858367616,0.473695278249998,"Non-significant",2.76247421113739,"UBE3B","UBE3B_HUMAN"
0.362127304999996,12.01847553,6.72841437497306,0.000242607403157405,0.00207951579192787,-0.0564875766013042,"S35B2_HUMAN",11,6.57852909574101,0.000217297935543568,0.00172792858367616,0.362127304999996,"Non-significant",2.76247421113739,"SLC35B2","S35B2_HUMAN"
0.35309338575,8.807705760125,7.32465608979624,0.000141398914907316,0.00146960721794546,0.545470041423322,"AP5S1_HUMAN",8,6.57752279655438,0.000217516771646718,0.00172803851857699,0.35309338575,"Non-significant",2.76244658117484,"AP5S1","AP5S1_HUMAN"
0.285975456499999,9.175469637,6.377685767008,0.000339096700089111,0.00261984059124759,-0.42928487545843,"C2C2L_HUMAN",20,6.57551598223086,0.000217953917924855,0.00172913690031765,0.285975456499999,"Non-significant",2.76217062112813,"C2CD2L","C2C2L_HUMAN"
0.275232315,9.5950870515,6.56058366725867,0.000284291865302176,0.00234242046200591,-0.233079138599628,"SHB_HUMAN",15,6.5750053135286,0.000218065313208881,0.00172913690031765,0.275232315,"Non-significant",2.76217062112813,"SHB","SHB_HUMAN"
0.410320282000002,8.704335928,7.30234146321751,0.000144194020813514,0.00148401880517352,0.523627657791513,"MEST_HUMAN",7,6.5732532929553,0.000218447973523747,0.00173054320378916,0.410320282000002,"Non-significant",2.7618175538775,"MEST","MEST_HUMAN"
0.517291072499997,11.05216670125,6.91565395637608,0.00020398687970508,0.00188460655494897,0.136736940869126,"RT11_HUMAN",7,6.57099053057896,0.000218943290511037,0.00173283849363148,0.517291072499997,"Up in D1CM",2.76124191310446,"MRPS11","RT11_HUMAN"
0.304681301,9.55716562275,6.37319165863042,0.00034058466365083,0.00262321043581572,-0.434156258308708,"RSPRY_HUMAN",20,6.56958014451801,0.000219252654561294,0.00173365912316806,0.304681301,"Non-significant",2.76103629064313,"RSPRY1","RSPRY_HUMAN"
0.103514435000001,11.97207153,5.09473388789488,0.00130710343657558,0.00682933507350081,-1.92492610726531,"RHG35_HUMAN",74,6.56812354893914,0.000219572664727015,0.00173456231582382,0.103514435000001,"Non-significant",2.7608100930936,"ARHGAP35","RHG35_HUMAN"
0.625761032,7.973445177,6.56718728569744,0.000282507578048419,0.00233227852631746,-0.226069006632088,"UIF_HUMAN",9,6.56399321945262,0.000220482914354913,0.00174012217705764,0.625761032,"Up in D1CM",2.75942025806271,"FYTTD1","UIF_HUMAN"
0.166463374999999,15.124690055,5.72275406323519,0.000658028194136903,0.00415712066626331,-1.16570551262555,"PRKDC_HUMAN",235,6.55785854786641,0.000221842636856395,0.00174506852188039,0.166463374999999,"Non-significant",2.75818751535793,"PRKDC","PRKDC_HUMAN"
0.173759222249997,9.804084181875,5.83766650004996,0.000583583241253722,0.00380729345242076,-1.03253526122924,"UN13B_HUMAN",61,6.55774878494476,0.000221867050051117,0.00174506852188039,0.173759222249997,"Non-significant",2.75818751535793,"UNC13B","UN13B_HUMAN"
0.282608747249999,9.373798489625,6.59717285342039,0.000274561702999553,0.0022733601125572,-0.194301673508043,"PICK1_HUMAN",14,6.55758660416427,0.000221903127361649,0.00174506852188039,0.282608747249999,"Non-significant",2.75818751535793,"PICK1","PICK1_HUMAN"
0.195912357499997,12.88793683125,6.61215655711691,0.000270685172736125,0.00224788701575645,-0.178466901515123,"NUCG_HUMAN",16,6.55700254724221,0.00022203310557085,0.00174506852188039,0.195912357499997,"Non-significant",2.75818751535793,"ENDOG","NUCG_HUMAN"
-0.143209460000001,12.050643205,-6.42035058756037,0.000325327244861871,0.00256518554437859,-0.383159379473603,"RCN2_HUMAN",19,-6.55650094947754,0.000222144800566813,0.00174506852188039,-0.143209460000001,"Non-significant",2.75818751535793,"RCN2","RCN2_HUMAN"
0.182569742250001,9.837802767875,6.46633791775827,0.00031118170080231,0.00248385469324117,-0.333685856213084,"PDK2_HUMAN",18,6.55499319425925,0.000222480921347144,0.00174608164435296,0.182569742250001,"Non-significant",2.75793545314879,"PDK2","PDK2_HUMAN"
0.2933495025,11.21724378875,6.29567441416267,0.000367434348898423,0.00274565968693688,-0.518565635106006,"MA7D3_HUMAN",24,6.55353214773631,0.000222807168879951,0.00174644961539515,0.2933495025,"Non-significant",2.75784393912539,"MAP7D3","MA7D3_HUMAN"
0.861167191,9.71963036,7.73249132242269,9.96778334838236e-05,0.00118335839216218,0.935780104433062,"X3CL1_HUMAN",2,6.5529281378755,0.000222942197907839,0.00174644961539515,0.861167191,"Up in D1CM",2.75784393912539,"CX3CL1","X3CL1_HUMAN"
0.142510887499999,11.52269387125,6.12414999087464,0.000435675498620246,0.00308597376291601,-0.70795793043535,"AAAS_HUMAN",23,6.54852950219324,0.000223928279786754,0.00175254546919457,0.142510887499999,"Non-significant",2.7563307055929,"AAAS","AAAS_HUMAN"
0.31809902,14.7798323625,6.25971488828107,0.000380686889118157,0.00281474542840083,-0.557970721148241,"NDUA9_HUMAN",29,6.54558639979221,0.000224590768528695,0.00175609980327307,0.31809902,"Non-significant",2.75545080575391,"NDUFA9","NDUA9_HUMAN"
0.2125642275,11.52286207625,7.48848051560935,0.000122646696705969,0.00135667848626589,0.704260620796724,"NUBPL_HUMAN",11,6.53913349283304,0.000226050948488535,0.00176587900353092,0.2125642275,"Non-significant",2.7530390572132,"NUBPL","NUBPL_HUMAN"
-0.1598773025,13.81847596125,-8.93178506865596,3.86589597113181e-05,0.00070345252441406,1.99412448209604,"ST1A3_HUMAN;ST1A4_HUMAN",11,-6.53460729206714,0.000227081444712248,0.00177228657174031,-0.1598773025,"Non-significant",2.75146605306811,"SULT1A3;SULT1A4","ST1A3_HUMAN;ST1A4_HUMAN"
-0.217407702500003,12.22421097625,-6.36725046431628,0.000342562966466904,0.00262818840064266,-0.440599945908614,"TGON2_HUMAN",19,-6.53175351152378,0.00022773385857215,0.00177573422192845,-0.217407702500003,"Non-significant",2.75062203550983,"TGOLN2","TGON2_HUMAN"
-0.147545812499999,14.77184987125,-7.29585758425948,0.000145017782307826,0.00148886100739667,0.517271300290103,"NDRG2_HUMAN",14,-6.52513600736369,0.000229254743650162,0.00178594106675343,-0.147545812499999,"Non-significant",2.74813287624594,"NDRG2","NDRG2_HUMAN"
0.321196556249999,9.530018091125,6.42197010725938,0.000324817031851188,0.0025637865367209,-0.381412797262977,"MP2K7_HUMAN",16,6.5222906525446,0.000229912152469321,0.00178813852335662,0.321196556249999,"Non-significant",2.74759884035045,"MAP2K7","MP2K7_HUMAN"
-0.087118144999998,16.0487175,-4.77237163491491,0.00189834505008229,0.00899446342166591,-2.33598547300201,"UBA1_HUMAN",64,-6.52207913846763,0.000229961105625647,0.00178813852335662,-0.087118144999998,"Non-significant",2.74759884035045,"UBA1","UBA1_HUMAN"
0.313988445,14.0757900475,6.18536169305323,0.000409817756581648,0.00295604678785369,-0.639952156408294,"SYMC_HUMAN",42,6.519880320618,0.000230470690303498,0.00178944229130522,0.313988445,"Non-significant",2.74728230284638,"MARS1","SYMC_HUMAN"
0.131811379999998,11.1939777125,5.96060143418992,0.000514167068189722,0.00345883018178066,-0.891969405765429,"THUM3_HUMAN",25,6.51952408772436,0.000230553366752577,0.00178944229130522,0.131811379999998,"Non-significant",2.74728230284638,"THUMPD3","THUM3_HUMAN"
0.402719259000001,8.8061965705,6.36599271445607,0.000342983419232047,0.00262818840064266,-0.441964619728813,"THAS_HUMAN",17,6.51657850043415,0.00023123825905111,0.00179310697841933,0.402719259000001,"Non-significant",2.74639379925475,"TBXAS1","THAS_HUMAN"
0.37814164175,9.522247910625,6.4135992394179,0.000327463868633389,0.00257001205652778,-0.390443801114504,"KC1G3_HUMAN",15,6.51184616816367,0.000232343335484305,0.00179897466104882,0.37814164175,"Non-significant",2.74497495374404,"CSNK1G3","KC1G3_HUMAN"
-3.13300657275,8.061553955125,-6.45650103797585,0.000314148647327165,0.00249876861281299,-0.344247250919707,"NID2_HUMAN",1,-6.51151107945183,0.000232421806368747,0.00179897466104882,-3.13300657275,"Up in D1BM",2.74497495374404,"NID2","NID2_HUMAN"
0.106542352500002,15.38038527875,5.28117752031581,0.00106033466948769,0.00585412332022343,-1.69387628373438,"ACD11_HUMAN",44,6.50944269034358,0.000232906833075074,0.00180107495044936,0.106542352500002,"Non-significant",2.74446821394933,"ACAD11","ACD11_HUMAN"
0.251870394999999,11.2175832975,6.08884396742237,0.000451415563710498,0.00315931223235278,-0.747395532104135,"PEX1_HUMAN",44,6.50589080741758,0.000233742358126556,0.00180587931865146,0.251870394999999,"Non-significant",2.7433112756144,"PEX1","PEX1_HUMAN"
1.70702505075,7.169464349625,6.37561617102221,0.000339781021776348,0.00262032409199711,-0.431527908906154,"RN187_HUMAN",6,6.50291316226285,0.000234445369908904,0.00180943845639287,1.70702505075,"Up in D1CM",2.74245618376524,"RNF187","RN187_HUMAN"
0.464761969999996,12.161488175,6.33137619931421,0.000354784991898926,0.00268204726162874,-0.479599029863079,"LGAT1_HUMAN",18,6.50212279060834,0.000234632368351811,0.00180943845639287,0.464761969999996,"Non-significant",2.74245618376524,"LPGAT1","LGAT1_HUMAN"
-0.14994454,11.5467299225,-6.72667819872938,0.00024300192829702,0.00207951579192787,-0.0582977827395119,"IBP2_HUMAN",16,-6.49409423004158,0.000236541312672878,0.00182249243557558,-0.14994454,"Non-significant",2.7393342655859,"IGFBP2","IBP2_HUMAN"
-0.130172492500002,16.00118458375,-6.35160079565038,0.000347835798136661,0.00265331035519812,-0.45759362758266,"CLIC1_HUMAN",19,-6.47691051720571,0.000240685343284408,0.00185272763337377,-0.130172492500002,"Non-significant",2.73218842094933,"CLIC1","CLIC1_HUMAN"
0.182382817499999,12.96903860625,5.85323802281044,0.000574238056480574,0.0037521337814533,-1.01462242102098,"TDRD7_HUMAN",49,6.47554364474842,0.000241018426654703,0.00185359883054059,0.182382817499999,"Non-significant",2.73198425321998,"TDRD7","TDRD7_HUMAN"
0.104098795000001,14.3777833,5.12245276733061,0.00126668821351414,0.00667307184481919,-1.8902676005801,"PARP1_HUMAN",57,6.47213225979185,0.000241851959189267,0.00185831373200212,0.104098795000001,"Non-significant",2.73088096387563,"PARP1","PARP1_HUMAN"
0.165169717500001,15.73047780875,5.86379321815381,0.000567998291803701,0.00372349076020843,-1.00249806631749,"ACSL5_HUMAN",35,6.47106132865071,0.000242114289062948,0.00185863510246957,0.165169717500001,"Non-significant",2.73080586495594,"ACSL5","ACSL5_HUMAN"
0.214957475,16.0928820375,6.56076770637493,0.000284241967636508,0.00234242046200591,-0.232883701000558,"UD14_HUMAN",15,6.46849145411516,0.000242745083109627,0.00185954945182623,0.214957475,"Non-significant",2.73059226776498,"UGT1A4","UD14_HUMAN"
0.157114982499998,11.87615275375,5.86252430963545,0.00056874440216512,0.0037249002065655,-1.00395484929192,"MAP7_HUMAN",32,6.46810246684225,0.000242840721833418,0.00185954945182623,0.157114982499998,"Non-significant",2.73059226776498,"MAP7","MAP7_HUMAN"
0.3495543025,10.58373534625,6.27692473782708,0.000374278852236812,0.00277955633965118,-0.539092128831573,"CP7B1_HUMAN",20,6.46788081880169,0.000242895236262982,0.00185954945182623,0.3495543025,"Non-significant",2.73059226776498,"CYP7B1","CP7B1_HUMAN"
0.226945637500004,12.46054160375,6.10609547959104,0.000443646582042178,0.00312928622596947,-0.728105685691527,"UFSP2_HUMAN",28,6.46284072725221,0.000244138526300433,0.0018661058030066,0.226945637500004,"Non-significant",2.72906373660275,"UFSP2","UFSP2_HUMAN"
0.323665617500001,11.10038495125,6.50168684773007,0.000300775869664527,0.00242361327266155,-0.295828185173253,"CDK9_HUMAN",13,6.46261484510857,0.000244194412233513,0.0018661058030066,0.323665617500001,"Non-significant",2.72906373660275,"CDK9","CDK9_HUMAN"
0.444498299999999,14.6330183725,12.6666501254094,3.61228546479266e-06,0.00018016540936531,4.64045630958633,"QCR9_HUMAN",3,6.45821091857476,0.000245286841098624,0.0018727561445836,0.444498299999999,"Non-significant",2.72751876931803,"UQCR10","QCR9_HUMAN"
-0.2577941425,11.99458992625,-6.19783119769661,0.000404763133896907,0.00293533306222091,-0.626155713443914,"CADH1_HUMAN",23,-6.45410868275769,0.000246309319604107,0.00187856994257268,-0.2577941425,"Non-significant",2.72617263072682,"CDH1","CADH1_HUMAN"
0.134124995000001,12.3117953525,5.96300838652069,0.000512903202026867,0.0034530839376074,-0.889236668350558,"RT27_HUMAN",24,6.4533695488112,0.00024649405107194,0.00187856994257268,0.134124995000001,"Non-significant",2.72617263072682,"MRPS27","RT27_HUMAN"
0.732147690000001,13.3551728725,6.95254777293179,0.000197219375610275,0.00184297352219402,0.174348497186108,"TM256_HUMAN",4,6.44611243537638,0.000248316016515587,0.00188685211235767,0.732147690000001,"Up in D1CM",2.72426213762199,"TMEM256","TM256_HUMAN"
0.440604682500002,14.57917547375,6.19624393922794,0.000405402657491325,0.00293568642611201,-0.62791080996268,"RETST_HUMAN",36,6.44587857412913,0.000248374977866959,0.00188685211235767,0.440604682500002,"Non-significant",2.72426213762199,"RETSAT","RETST_HUMAN"
0.431496619750003,9.939337730125,6.2360798485111,0.000389688100814749,0.00286123484151739,-0.583956731537596,"XPF_HUMAN",23,6.44574337827632,0.000248409070686818,0.00188685211235767,0.431496619750003,"Non-significant",2.72426213762199,"ERCC4","XPF_HUMAN"
0.139950992500001,12.65665233125,5.46202853740593,0.000869452712346671,0.00508225860774625,-1.4743606105522,"PI4KA_HUMAN",97,6.44547725690441,0.000248476194651443,0.00188685211235767,0.139950992500001,"Non-significant",2.72426213762199,"PI4KA","PI4KA_HUMAN"
0.216503382499997,10.90104281875,5.96509949204105,0.000511807996883857,0.0034484649126571,-0.886863129878667,"VPS50_HUMAN",43,6.44425103718905,0.000248785745287051,0.00188750229255135,0.216503382499997,"Non-significant",2.72411251220643,"VPS50","VPS50_HUMAN"
-2.2663120035,7.00023680925,-6.26239174007644,0.000379682166414667,0.00281225042241584,-0.555031926933705,"LOXL4_HUMAN",13,-6.44161947185333,0.000249451513004789,0.00189085144165231,-2.2663120035,"Up in D1BM",2.72334259098842,"LOXL4","LOXL4_HUMAN"
0.204284667500001,11.63550186125,5.98150832322505,0.000503303961616209,0.00340477455253855,-0.868257458716813,"PEX6_HUMAN",34,6.43931106106948,0.000250037154783636,0.00189358776071093,0.204284667500001,"Non-significant",2.72271456215168,"PEX6","PEX6_HUMAN"
0.2004921475,11.09303152625,5.86018505358288,0.000570122735779991,0.00373102836947946,-1.00664100268679,"PRC2A_HUMAN",61,6.43531237115156,0.000251055236928731,0.00189959119575608,0.2004921475,"Non-significant",2.72133985195768,"PRRC2A","PRC2A_HUMAN"
0.163591865000001,10.59378195,5.75495100674777,0.000636154965759437,0.00405608941481565,-1.12821822616119,"DI3L2_HUMAN",43,6.42627627276655,0.000253372867345223,0.00191540798103398,0.163591865000001,"Non-significant",2.71773870731395,"DIS3L2","DI3L2_HUMAN"
0.167569875000002,11.0006431325,6.04194669058921,0.000473313965411196,0.00326211235850448,-0.800023274490991,"ARMC6_HUMAN",24,6.42390339619925,0.000253985409630469,0.00191831811628604,0.167569875000002,"Non-significant",2.71707937177864,"ARMC6","ARMC6_HUMAN"
0.201327087500003,11.50461828625,6.09735897555918,0.000447562124536619,0.00313852008961661,-0.737869771777271,"SYMM_HUMAN",24,6.41985380700197,0.000255034586999869,0.00192451793538218,0.201327087500003,"Non-significant",2.71567803717983,"MARS2","SYMM_HUMAN"
0.246792554500001,10.00770127775,7.72769159324542,0.000100080108932725,0.00118522371713103,0.931282419427264,"CTR2_HUMAN",9,6.41199965148483,0.000257083211923282,0.00193824185447347,0.246792554500001,"Non-significant",2.71259203249177,"SLC7A2","CTR2_HUMAN"
2.610137224,8.538156867,6.33566596611196,0.000353298148695534,0.00267320475346019,-0.474927400819307,"EMC6_HUMAN",2,6.41106498451066,0.00025732821879574,0.00193835527813163,2.610137224,"Up in D1CM",2.71256661882758,"EMC6","EMC6_HUMAN"
-2.32458412675,8.391145408125,-6.23607474548825,0.000389690069766516,0.00286123484151739,-0.583962349571047,"NOTUM_HUMAN",9,-6.4062810331077,0.000258586317316981,0.00194609291845074,-2.32458412675,"Up in D1BM",2.71083642768173,"NOTUM","NOTUM_HUMAN"
-1.1477880475,7.364780307,-7.37403682689555,0.000135427308248907,0.00143861383117908,0.593622679413544,"PCOC1_HUMAN",1,-6.40331357396903,0.000259370141597746,0.0019502506008273,-1.1477880475,"Up in D1BM",2.70990957963045,"PCOLCE","PCOC1_HUMAN"
0.704928397750001,9.619740485875,6.32081542472804,0.000358475286826283,0.00270025754482461,-0.491109410590341,"TM143_HUMAN",10,6.40073604882755,0.000260053110728802,0.00195364319994035,0.704928397750001,"Up in D1CM",2.70915474995515,"TMEM143","TM143_HUMAN"
0.265016792499997,11.08665859625,6.66586417008106,0.000257285411350938,0.0021708295618389,-0.121922652194751,"LCLT1_HUMAN",12,6.39523388194729,0.000261517717812654,0.00195977043749946,0.265016792499997,"Non-significant",2.70779479780994,"LCLAT1","LCLT1_HUMAN"
-0.0787382124999993,17.15750741875,-4.50053021573979,0.00263072881936979,0.0114715019236772,-2.69415855581826,"HYOU1_HUMAN",66,-6.39475980393393,0.000261644339434808,0.00195977043749946,-0.0787382124999993,"Non-significant",2.70779479780994,"HYOU1","HYOU1_HUMAN"
0.221062179999999,14.69945073,5.96747179436909,0.000510568674150169,0.00344286668352942,-0.884171092225833,"HACL2_HUMAN",36,6.39444537887346,0.00026172835686361,0.00195977043749946,0.221062179999999,"Non-significant",2.70779479780994,"ILVBL","HACL2_HUMAN"
0.206480741500002,9.469328761,5.88474532230621,0.000555835022975628,0.00367669369964218,-0.978473955058576,"CHD2_HUMAN",46,6.39418209444113,0.000261798732070755,0.00195977043749946,0.206480741500002,"Non-significant",2.70779479780994,"CHD2","CHD2_HUMAN"
0.705904126250003,8.511929452375,6.22519858707295,0.000393911905084953,0.00288269920462513,-0.595943444726591,"CTCF_HUMAN",16,6.39087909294322,0.000262683403336071,0.0019646480982429,0.705904126250003,"Up in D1CM",2.70671522782168,"CTCF","CTCF_HUMAN"
0.205690384999999,11.48150325,6.09740110341717,0.000447543151248595,0.00313852008961661,-0.737822665881555,"2A5A_HUMAN",23,6.38870840307318,0.000263266605676691,0.00196726437876669,0.205690384999999,"Non-significant",2.70613727174106,"PPP2R5A","2A5A_HUMAN"
0.268325090500001,9.37741601475,6.00358278770825,0.000492111304852029,0.00335870946445162,-0.843281822900567,"DIDO1_HUMAN",46,6.38477970250113,0.00026432579545573,0.00197342969875673,0.268325090500001,"Non-significant",2.70477834025192,"DIDO1","DIDO1_HUMAN"
0.378119945249999,8.957644224125,6.2217564010871,0.000395258699518983,0.0028890332872027,-0.599738367633671,"MED16_HUMAN",18,6.38285519544964,0.000264846374824339,0.00197556645433129,0.378119945249999,"Non-significant",2.70430835688916,"MED16","MED16_HUMAN"
0.2088930625,9.87509000375,5.82087111211212,0.00059385340431409,0.00385638701460976,-1.05189135414501,"TEP1_HUMAN",77,6.37691733086981,0.000266459757667418,0.0019852608721632,0.2088930625,"Non-significant",2.70218241691252,"TEP1","TEP1_HUMAN"
-0.189579722499998,11.58435547375,-6.22105792142529,0.000395532615189455,0.0028890332872027,-0.600508602090605,"AGAL_HUMAN",19,-6.37627702817707,0.000266634385882773,0.0019852608721632,-0.189579722499998,"Non-significant",2.70218241691252,"GLA","AGAL_HUMAN"
0.18565941,10.8366708775,7.6782139306349,0.00010433512286695,0.00121135089620595,0.884787967703577,"PANX1_HUMAN",11,6.37547756376613,0.000266852600327548,0.0019852608721632,0.18565941,"Non-significant",2.70218241691252,"PANX1","PANX1_HUMAN"
0.22988415,14.128811835,7.3950002007627,0.00013297831343412,0.00142241100982761,0.613988834252845,"T126A_HUMAN",10,6.3709475921976,0.000268092811496481,0.00199272866675824,0.22988415,"Non-significant",2.70055183153124,"TMEM126A","T126A_HUMAN"
0.297512770000003,10.1092842825,6.37209213742893,0.000340949817326485,0.00262321043581572,-0.435348453576059,"DGAT2_HUMAN",14,6.36792660892218,0.000268923450643981,0.00199714164359305,0.297512770000003,"Non-significant",2.69959113250066,"DGAT2","DGAT2_HUMAN"
0.331249237499996,13.03528237375,6.45621319961832,0.000314235938970432,0.00249876861281299,-0.344556462802164,"MOT1_HUMAN",12,6.3631819453933,0.000270233802215511,0.00200484723608531,0.331249237499996,"Non-significant",2.69791871384318,"SLC16A1","MOT1_HUMAN"
-0.319688084999999,12.833869575,-7.74337343649986,9.8772500185772e-05,0.00118027045991705,0.945969157677816,"S10AG_HUMAN",7,-6.36160959119904,0.000270669608091953,0.00200484723608531,-0.319688084999999,"Non-significant",2.69791871384318,"S100A16","S10AG_HUMAN"
0.465427162500001,11.64471614375,6.78889288603879,0.000229302305481726,0.00201332201344319,0.00635572195564116,"NU5M_HUMAN",7,6.36159161790765,0.000270674594218186,0.00200484723608531,0.465427162500001,"Non-significant",2.69791871384318,"MT-ND5","NU5M_HUMAN"
0.304698705,11.71010673,6.17082159705738,0.000415800975201068,0.00298279695316579,-0.65606387962976,"ABD12_HUMAN",20,6.36039685336785,0.00027100627304028,0.00200554159390388,0.304698705,"Non-significant",2.69776832654416,"ABHD12","ABD12_HUMAN"
0.207576032500002,12.35090124625,7.74721991671729,9.84547094347513e-05,0.00118027045991705,0.949567925220373,"YIPF3_HUMAN",10,6.35325843934807,0.000272997397884272,0.00201850444453204,0.207576032500002,"Non-significant",2.69497028998237,"YIPF3","YIPF3_HUMAN"
0.32546186425,7.899891853125,6.12725116210087,0.000434322489476455,0.00307897751370651,-0.704501314874046,"EHMT2_HUMAN",23,6.35180292613563,0.000273405376266882,0.00201974926954737,0.32546186425,"Non-significant",2.69470254026158,"EHMT2","EHMT2_HUMAN"
-0.0562601075000018,13.45356821875,-3.63875289815986,0.00795796003467025,0.0256707405787354,-3.89799895994221,"KTN1_HUMAN",92,-6.34739342878046,0.000274645490411881,0.00202713383422219,-0.0562601075000018,"Non-significant",2.69311757762892,"KTN1","KTN1_HUMAN"
0.174184319999998,12.090417385,5.64143486682019,0.000717097726952669,0.00440876494564846,-1.26099713147299,"BIG2_HUMAN",87,6.3433757624136,0.000275780846836514,0.00203272451414634,0.174184319999998,"Non-significant",2.69192147531818,"ARFGEF2","BIG2_HUMAN"
-0.181153294999998,11.649255275,-5.99712653635084,0.000495355883022609,0.00336816879159301,-0.850580174134326,"FKBP9_HUMAN",24,-6.34300720497648,0.000275885258534039,0.00203272451414634,-0.181153294999998,"Non-significant",2.69192147531818,"FKBP9","FKBP9_HUMAN"
0.621728658500002,10.08928430075,6.79959745025255,0.000227033567515814,0.00199756361230772,0.0174356795288109,"ALG3_HUMAN",5,6.34011274131392,0.00027670678278387,0.00203699691885174,0.621728658500002,"Up in D1CM",2.69100962791034,"ALG3","ALG3_HUMAN"
0.2527692335,10.01629817575,7.4860048942341,0.000122908392883739,0.00135728561047854,0.701881384902629,"JUND_HUMAN",9,6.32939980328595,0.000279771109466326,0.00205775801194735,0.2527692335,"Non-significant",2.68660569869658,"JUND","JUND_HUMAN"
0.161045551250002,9.129048824125,5.93955452544089,0.00052536780493194,0.00351175672305418,-0.915896665561811,"AT133_HUMAN",24,6.32484334517358,0.000281085842549494,0.00206562560318194,0.161045551250002,"Non-significant",2.68494839201621,"ATP13A3","AT133_HUMAN"
0.204214572500002,12.22058177125,6.06081004428745,0.000464366357271363,0.00322327318512795,-0.778821614519028,"ODR4_HUMAN",22,6.32301236355426,0.000281616089868682,0.00206771953092606,0.204214572500002,"Non-significant",2.68450837004221,"ODR4","ODR4_HUMAN"
0.137886285,12.692706705,5.44644692900671,0.00088429745372703,0.00514406020528995,-1.49309697884415,"INF2_HUMAN",54,6.31670365888986,0.000283451596255866,0.00207928517411567,0.137886285,"Non-significant",2.68208594306322,"INF2","INF2_HUMAN"
0.370127437499997,14.42958438375,8.69833394989058,4.6082074902414e-05,0.000781540863888225,1.79779844871252,"MPU1_HUMAN",5,6.31590587608889,0.000283684654197772,0.00207928517411567,0.370127437499997,"Non-significant",2.68208594306322,"MPDU1","MPU1_HUMAN"
0.3414597525,11.12926816875,7.40468460570003,0.000131863791424088,0.00141951455672239,0.623382141998039,"RPB9_HUMAN",7,6.3150485750816,0.000283935336474315,0.0020793144666742,0.3414597525,"Non-significant",2.6820798248515,"POLR2I","RPB9_HUMAN"
0.2902297975,10.27560901625,6.06909979068009,0.000460494067310556,0.00320256146316888,-0.769518481180987,"NOL10_HUMAN",24,6.31404721994617,0.000284228452856062,0.00207965419194769,0.2902297975,"Non-significant",2.68200887417883,"NOL10","NOL10_HUMAN"
0.175004484999997,11.843963385,6.3063006451343,0.000363617473879229,0.00272680755100357,-0.506951453303881,"OXDD_HUMAN",17,6.31163606091243,0.0002849356258602,0.00208302028653567,0.175004484999997,"Non-significant",2.68130650043747,"DDO","OXDD_HUMAN"
0.176177977500004,17.62178564125,5.63566821192796,0.000721505551804548,0.00442940298336529,-1.26778801119096,"ECHP_HUMAN",78,6.31010007404939,0.000285387136476594,0.00208451314849325,0.176177977500004,"Non-significant",2.68099536112773,"EHHADH","ECHP_HUMAN"
0.228272435000001,16.3336830125,6.04066920657223,0.000473926847239679,0.00326366780668567,-0.801460742482385,"MCAT_HUMAN",23,6.30614258477022,0.000286554123036501,0.0020912248511469,0.228272435000001,"Non-significant",2.67959926877853,"SLC25A20","MCAT_HUMAN"
0.422662019499999,8.84498870375,6.65510184126701,0.000259909892818322,0.00218640767122319,-0.133226686544972,"MMTA2_HUMAN",8,6.30393938626995,0.0002872060982037,0.00209416972470501,0.422662019499999,"Non-significant",2.67898812327047,"MMTAG2","MMTA2_HUMAN"
-0.648681163500003,8.776942253,-6.18691164847437,0.000409185646910496,0.00295604678785369,-0.638236214511942,"CH3L1_HUMAN",12,-6.30027252305694,0.000288294858263052,0.00210029158193541,-0.648681163500003,"Up in D1BM",2.67772040829702,"CHI3L1","CH3L1_HUMAN"
0.28230261825,9.099656462375,6.04967523270241,0.000469624956360652,0.00324198915410641,-0.791331261796191,"S11IP_HUMAN",24,6.29724678232433,0.000289196707646484,0.00210504235643542,0.28230261825,"Non-significant",2.67673916111995,"STK11IP","S11IP_HUMAN"
0.303489444999997,11.3143764725,5.95379017241443,0.00051776245953527,0.0034691731092391,-0.899706602216548,"MBB1A_HUMAN",54,6.29544983282412,0.00028973378661706,0.00210713208575944,0.303489444999997,"Non-significant",2.67630823975095,"MYBBP1A","MBB1A_HUMAN"
-0.139744280000002,14.79263401,-5.76948302038664,0.000626548791286003,0.00401916268017483,-1.11134311515235,"NUCB2_HUMAN",26,-6.28508952888555,0.000292851988322427,0.00212797362893943,-0.139744280000002,"Non-significant",2.67203375836809,"NUCB2","NUCB2_HUMAN"
0.0800068375000009,12.09007632625,4.55835778745172,0.00245210923706681,0.0109414222297141,-2.61707958036251,"UN45A_HUMAN",54,6.27976797593996,0.000294468114223249,0.00213787401790505,0.0800068375000009,"Non-significant",2.67001789077397,"UNC45A","UN45A_HUMAN"
0.223701955000001,14.0397772775,5.89089591916735,0.000552319780803191,0.00367153267538651,-0.971432339632488,"CP8B1_HUMAN",33,6.27781459591619,0.000295063826547178,0.00214035541649412,0.223701955000001,"Non-significant",2.66951410393785,"CYP8B1","CP8B1_HUMAN"
0.166152712499999,10.47877299625,5.79302770966502,0.000611326048837009,0.00393649141760668,-1.08406097177007,"IFIT1_HUMAN",29,6.27628146241073,0.000295532315373642,0.00214191047831851,0.166152712499999,"Non-significant",2.6691986845708,"IFIT1","IFIT1_HUMAN"
-0.533276796000001,9.89122474175,-8.5728295164011,5.07296213345598e-05,0.000816030492803443,1.69040599906428,"SEPP1_HUMAN",3,-6.27296022961549,0.000296550038512521,0.00214540339837159,-0.533276796000001,"Up in D1BM",2.66849103577996,"SELENOP","SEPP1_HUMAN"
0.188442467500002,10.35524880875,8.08382616668317,7.46279042545202e-05,0.00100807468743806,1.25906528671312,"AKTIP_HUMAN",10,6.27169664016471,0.000296938260363171,0.00214540339837159,0.188442467500002,"Non-significant",2.66849103577996,"AKTIP","AKTIP_HUMAN"
0.440126657499999,9.1350432635,7.05052508565391,0.000180437527261262,0.00174313995853272,0.273507018049019,"JUN_HUMAN",6,6.27146592704966,0.000297009204925174,0.00214540339837159,0.440126657499999,"Non-significant",2.66849103577996,"JUN","JUN_HUMAN"
0.558680057250001,9.186499357125,6.10889759894621,0.0004423988364065,0.00312571650634568,-0.72497601078037,"FSTL1_HUMAN",17,6.27139063819394,0.000297032360410445,0.00214540339837159,0.558680057250001,"Up in D1CM",2.66849103577996,"FSTL1","FSTL1_HUMAN"
0.253273486750002,9.030256271375,6.72519555787606,0.000243339409711347,0.00207951579192787,-0.0598439151695587,"NHLC1_HUMAN",11,6.26401438706985,0.000299310709292879,0.00215826729773707,0.253273486750002,"Non-significant",2.6658947696886,"NHLRC1","NHLC1_HUMAN"
-0.124063014999997,16.83419156,-5.87622187570033,0.000560747726305374,0.00368931951202738,-0.988240255217747,"LMAN2_HUMAN",22,-6.26396676975645,0.000299325480015973,0.00215826729773707,-0.124063014999997,"Non-significant",2.6658947696886,"LMAN2","LMAN2_HUMAN"
0.420154807499999,10.73686945625,6.36618346391961,0.000342919616548058,0.00262818840064266,-0.441757641969994,"ALG12_HUMAN",10,6.26260778695768,0.000299747372890735,0.00215946205649232,0.420154807499999,"Non-significant",2.66565442245732,"ALG12","ALG12_HUMAN"
0.319303988999998,9.280058384,6.36381120385916,0.000343714045021332,0.00262975972280235,-0.444332037949778,"VRK3_HUMAN",12,6.26024260040587,0.000300483213944021,0.00216291461172857,0.319303988999998,"Non-significant",2.6649606254463,"VRK3","VRK3_HUMAN"
0.524121765000002,10.447413445,7.00264399796063,0.000188429678693619,0.00178859657850058,0.225179637861354,"RCAS1_HUMAN",5,6.25880686390199,0.00030093086840019,0.00216311713306591,0.524121765000002,"Up in D1CM",2.66491996282312,"EBAG9","RCAS1_HUMAN"
-0.1631133525,11.32533824375,-6.00054757671133,0.000493633681734069,0.00336469902450482,-0.846712260796919,"PDCD4_HUMAN",21,-6.25839382999802,0.000301059787065982,0.00216311713306591,-0.1631133525,"Non-significant",2.66491996282312,"PDCD4","PDCD4_HUMAN"
0.104966642500003,13.43138384875,5.71078165858353,0.000666374339628958,0.00419169351397947,-1.17968001132374,"ARFG2_HUMAN",23,6.25768481162542,0.000301281233149767,0.00216311713306591,0.104966642500003,"Non-significant",2.66491996282312,"ARFGAP2","ARFG2_HUMAN"
0.248219726999999,9.9693828815,6.00726230847281,0.000490272781446022,0.00335089905398568,-0.839124748801972,"KIF2A_HUMAN",23,6.2566393918251,0.00030160807655688,0.00216362083174293,0.248219726999999,"Non-significant",2.66481884574197,"KIF2A","KIF2A_HUMAN"
-0.0837733750000034,12.9444657575,-4.71808218090773,0.00202442251398053,0.00940835951884831,-2.40667020791034,"CUL1_HUMAN",45,-6.24766502707842,0.000304430094649336,0.00218200788078168,-0.0837733750000034,"Non-significant",2.66114368519872,"CUL1","CUL1_HUMAN"
0.155211924999996,17.078272105,5.5987312621769,0.000750464215625212,0.00455739400108423,-1.31139078112767,"HSDL2_HUMAN",39,6.24217339393004,0.000306171401133627,0.00219262424822034,0.155211924999996,"Non-significant",2.65903578734045,"HSDL2","HSDL2_HUMAN"
0.224935535,11.76216197,5.75303833651052,0.00063743148174271,0.00406115643205541,-1.13044135664332,"KI13B_HUMAN",81,6.2411813189353,0.000306487148964108,0.00219302222293588,0.224935535,"Non-significant",2.6589569673879,"KIF13B","KI13B_HUMAN"
-0.073583127500001,17.51285529125,-4.26992862416504,0.00349934246343951,0.0141196542002545,-3.00627294865482,"ANXA6_HUMAN",74,-6.24030518058978,0.000306766298103275,0.00219315786828881,-0.073583127500001,"Non-significant",2.65893010573286,"ANXA6","ANXA6_HUMAN"
0.196206092499995,12.11511421125,5.69519157691897,0.000677419647594124,0.00423588294478551,-1.19790557286279,"FND3A_HUMAN",57,6.2385740628091,0.000307318684696563,0.00219524507907401,0.196206092499995,"Non-significant",2.65851698770071,"FNDC3A","FND3A_HUMAN"
-0.561378002250001,10.199838876375,-10.8120680250357,1.06902379743624e-05,0.000321059935913579,3.43053004288583,"HEPC_HUMAN",2,-6.23435735318789,0.00030866882921767,0.00220302249066532,-0.561378002250001,"Up in D1BM",2.65698106911252,"HAMP","HEPC_HUMAN"
0.0738391874999973,15.15270352375,4.52309534904988,0.00255938108667673,0.011271171985161,-2.66402431124705,"SRBS2_HUMAN",41,6.23081118291156,0.000309809370427601,0.0022092920332777,0.0738391874999973,"Non-significant",2.65574687350914,"SORBS2","SRBS2_HUMAN"
0.0989091374999962,12.17899334375,4.9128063760795,0.00161060300343917,0.00797636469799574,-2.1550941449208,"HCFC1_HUMAN",56,6.22670974139316,0.000311134336991565,0.00221686502662883,0.0989091374999962,"Non-significant",2.65426074801079,"HCFC1","HCFC1_HUMAN"
0.283616542500003,9.90241575225,5.87828792289323,0.000559552478099966,0.00368931951202738,-0.985872082469263,"NU188_HUMAN",47,6.22385538663407,0.000312060143618645,0.00222158357310943,0.283616542500003,"Non-significant",2.65333734451739,"NUP188","NU188_HUMAN"
0.324871778249999,9.554469943125,6.39507641977337,0.000333406912513215,0.00258841011995019,-0.410457213851906,"PR38B_HUMAN",11,6.21553196360001,0.000314777334352171,0.00223903641456072,0.324871778249999,"Non-significant",2.64993884321678,"PRPF38B","PR38B_HUMAN"
-0.11500859,11.075807215,-6.68213711251749,0.000253373311129911,0.00214426068224299,-0.104855976971383,"SEPT8_HUMAN",16,-6.20328444970512,0.000318823404071128,0.00226590427733182,-0.11500859,"Non-significant",2.64475844076771,"SEPTIN8","SEPT8_HUMAN"
0.231906889999999,11.12681055,5.81075072225973,0.000600139069758052,0.00387673403021711,-1.06357250247145,"SR140_HUMAN",38,6.20146194041356,0.000319430402284432,0.00226830569575019,0.231906889999999,"Non-significant",2.64429841669668,"U2SURP","SR140_HUMAN"
0.33601642,14.4757303,6.63815794271257,0.000264102790921501,0.00221284535256196,-0.151050533973624,"RER1_HUMAN",9,6.20008303940828,0.000319890505932374,0.00226966083712456,0.33601642,"Non-significant",2.64403903600962,"RER1","RER1_HUMAN"
0.128758195000001,12.6009205575,5.17593282146677,0.00119256609562407,0.00637826118021276,-1.8237032281869,"SPTN2_HUMAN",127,6.19707922389013,0.000320895349027341,0.00227487543898357,0.128758195000001,"Non-significant",2.64304237819064,"SPTBN2","SPTN2_HUMAN"
0.231778385000002,11.275818945,5.88258512845856,0.00055707554925465,0.0036799293140027,-0.980948250246779,"SCAF8_HUMAN",27,6.19473918847923,0.000321680569511573,0.00227852564740592,0.231778385000002,"Non-significant",2.6423460785741,"SCAF8","SCAF8_HUMAN"
0.491444587749999,8.857842922125,6.16378278288408,0.000418732438765158,0.00299617633815918,-0.663872945809155,"GTPB6_HUMAN",11,6.19349793174939,0.000322097949692809,0.00227956642985784,0.491444587749999,"Non-significant",2.64214774730921,"GTPBP6","GTPB6_HUMAN"
-0.653397795000002,10.6385887875,-6.01139591400733,0.000488216505009666,0.00334567229327356,-0.834456709171802,"CO1A2_HUMAN",20,-6.18940295687705,0.000323479176100131,0.00228742112025839,-0.653397795000002,"Up in D1BM",2.64065387327339,"COL1A2","CO1A2_HUMAN"
0.146630530000003,11.231352925,5.5175357455917,0.000818778135373996,0.00486019781906156,-1.40788322200172,"DHX16_HUMAN",38,6.18709349967114,0.000324261048031066,0.00228870394534011,0.146630530000003,"Non-significant",2.64041038173378,"DHX16","DHX16_HUMAN"
0.243551254999998,12.83884859,5.95629654576154,0.000516436194487267,0.00346579672239902,-0.896858817331107,"RBM39_HUMAN",22,6.18696313262423,0.000324305246556941,0.00228870394534011,0.243551254999998,"Non-significant",2.64041038173378,"RBM39","RBM39_HUMAN"
0.548129319999999,8.1341382265,6.16528003529254,0.000418106948240057,0.00299424253756622,-0.662211334477975,"GOLI_HUMAN",10,6.18646211111107,0.000324475170800976,0.00228870394534011,0.548129319999999,"Up in D1CM",2.64041038173378,"RNF130","GOLI_HUMAN"
0.577677011999999,10.236840129,5.99685031139071,0.000495495230937873,0.00336816879159301,-0.850892545963859,"BAZ2A_HUMAN",22,6.18274659549198,0.000325738395061062,0.00229569308693118,0.577677011999999,"Up in D1CM",2.63908617357445,"BAZ2A","BAZ2A_HUMAN"
-0.0948834424999987,18.46650528875,-4.83715185611789,0.00175911287132742,0.00849717042545493,-2.25219348382799,"HS71A_HUMAN;HS71B_HUMAN",53,-6.1805111866908,0.000326501031196941,0.00229914552377528,-0.0948834424999987,"Non-significant",2.63843353931253,"HSPA1A;HSPA1B","HS71A_HUMAN;HS71B_HUMAN"
0.133221387500001,11.83632362125,5.5668906102905,0.000776467578068665,0.00466871643963999,-1.34912429985439,"PUS1_HUMAN",29,6.17846669004404,0.000327200269793383,0.00230041136700057,0.133221387500001,"Non-significant",2.63819449509386,"PUS1","PUS1_HUMAN"
0.242226362499999,10.23429405875,5.83170782533312,0.000587204061668044,0.00382204095428567,-1.03939821877831,"TNAP3_HUMAN",33,6.17838972273099,0.000327226625819632,0.00230041136700057,0.242226362499999,"Non-significant",2.63819449509386,"TNFAIP3","TNAP3_HUMAN"
0.330687045999998,9.091272831,6.09817571248178,0.000447194447564184,0.00313852008961661,-0.73695656486549,"RUSD4_HUMAN",15,6.17640667173021,0.000327906497408074,0.00230326988887721,0.330687045999998,"Non-significant",2.63765516998947,"RPUSD4","RUSD4_HUMAN"
0.164751287499996,12.14027345125,5.45903186815711,0.000872286022425849,0.00509175822924341,-1.4779614374928,"PYR1_HUMAN",94,6.17380205782258,0.000328801848002587,0.00230763595071924,0.164751287499996,"Non-significant",2.6368327037764,"CAD","PYR1_HUMAN"
0.274431227499996,16.78323698125,5.83465286855358,0.000585411370520407,0.00381626638988129,-1.03600566095159,"CP2E1_HUMAN",38,6.16257395867724,0.000332692734572574,0.00233300088162415,0.274431227499996,"Non-significant",2.63208509708948,"CYP2E1","CP2E1_HUMAN"
-0.139557362500002,14.32098126375,-5.66259725180187,0.000701176891372245,0.00433300587784212,-1.23611404084824,"IF4A3_HUMAN",26,-6.15605194943596,0.000334976244443935,0.00234706131705563,-0.139557362500002,"Non-significant",2.62947556429529,"EIF4A3","IF4A3_HUMAN"
0.189703229999999,11.646237015,5.7069455698207,0.00066907342075286,0.00419927018877577,-1.1841616013083,"SUV3_HUMAN",33,6.14959200857136,0.000337255170804971,0.00236106630790291,0.189703229999999,"Non-significant",2.62689181607588,"SUPV3L1","SUV3_HUMAN"
0.506717442500003,13.69786417375,7.45329038150079,0.000126426228695763,0.00138395672945011,0.670382434339821,"BI1_HUMAN",4,6.14656051135469,0.000338330540544546,0.00236596060990226,0.506717442500003,"Up in D1CM",2.62599249007347,"TMBIM6","BI1_HUMAN"
-0.163200616500003,9.40838038925,-5.81750319399099,0.000595936999598698,0.00386396382278263,-1.05577718625848,"ELMO2_HUMAN",23,-6.1452119660148,0.000338810134645352,0.00236596060990226,-0.163200616500003,"Non-significant",2.62599249007347,"ELMO2","ELMO2_HUMAN"
0.281026841750002,9.942453146625,5.89592352603849,0.000549464768081167,0.00365625537355288,-0.965680029119139,"ZBT20_HUMAN",25,6.14492148111259,0.000338913540808551,0.00236596060990226,0.281026841750002,"Non-significant",2.62599249007347,"ZBTB20","ZBT20_HUMAN"
-0.231714965750001,9.982437492125,-7.00671712774753,0.000187734568521819,0.00178859657850058,0.229300446082014,"CO8G_HUMAN",10,-6.14446237001088,0.000339077045528761,0.00236596060990226,-0.231714965750001,"Non-significant",2.62599249007347,"C8G","CO8G_HUMAN"
0.179397107499998,11.20939373875,5.75190636630334,0.000638188302477348,0.00406290725194982,-1.13175729233137,"TRIP4_HUMAN",27,6.14313059489467,0.000339551830036595,0.00236731379270344,0.179397107499998,"Non-significant",2.6257441715567,"TRIP4","TRIP4_HUMAN"
-0.258398055000001,10.730288505,-6.18649912644102,0.000409353777028624,0.00295604678785369,-0.638692884912098,"ENOG_HUMAN",14,-6.13864439256127,0.000341156616557347,0.00237653646360486,-0.258398055000001,"Non-significant",2.62405551786369,"ENO2","ENOG_HUMAN"
0.160451412000004,8.7337584495,5.5954938400525,0.000753063374900014,0.0045661966657467,-1.31522114986571,"PLCB3_HUMAN",33,6.13144638096005,0.000343749064041373,0.00239261838216741,0.160451412000004,"Non-significant",2.62112656496172,"PLCB3","PLCB3_HUMAN"
0.336759089999999,9.16624021525,9.08392883414025,3.45498765800815e-05,0.000644294047994484,2.11973461664357,"ECP_HUMAN",5,6.12547745899262,0.000345915414348896,0.00240311305379425,0.336759089999999,"Non-significant",2.61922579745075,"RNASE3","ECP_HUMAN"
-1.3276999,7.119932413,-6.0095867857707,0.000489115275422052,0.00334817143105369,-0.836499472396883,"BMP4_HUMAN",7,-6.12517661454019,0.000346025002371653,0.00240311305379425,-1.3276999,"Up in D1BM",2.61922579745075,"BMP4","BMP4_HUMAN"
-0.131331442499992,16.19759130375,-5.33165576024333,0.0010027523149106,0.0056536449915595,-1.6321534148398,"TCPB_HUMAN",42,-6.12493747073716,0.000346112142283333,0.00240311305379425,-0.131331442499992,"Non-significant",2.61922579745075,"CCT2","TCPB_HUMAN"
0.231962680000002,14.15004611,5.81163144792312,0.000599589125299562,0.00387673403021711,-1.06255542096798,"UBP33_HUMAN",27,6.11637874640357,0.000349246871640704,0.00242288220663333,0.231962680000002,"Non-significant",2.61566769946245,"USP33","UBP33_HUMAN"
0.399055957999998,8.92251634575,5.89570627147854,0.00054958779906175,0.00365625537355288,-0.96592853232241,"E2AK3_HUMAN",27,6.11495236915035,0.000349772352508279,0.00242453220336536,0.399055957999998,"Non-significant",2.61537204308032,"EIF2AK3","E2AK3_HUMAN"
0.113316060000002,12.4826309675,5.31755258076623,0.00101848294970811,0.00571425415483885,-1.64936278616663,"OGFR_HUMAN",31,6.10533879581746,0.000353336965897821,0.00244722866520356,0.113316060000002,"Non-significant",2.61132544895783,"OGFR","OGFR_HUMAN"
0.153409481249998,9.636938333625,5.3877370759285,0.000942814527696165,0.00539237420161508,-1.56399145378421,"P3C2A_HUMAN",60,6.10323038003469,0.000354124118784704,0.00244873765489424,0.153409481249998,"Non-significant",2.61105774045094,"PIK3C2A","P3C2A_HUMAN"
0.2194345025,14.84249651375,6.52454907474906,0.000294253389953649,0.00239870582584072,-0.271422128541716,"CSRP1_HUMAN",12,6.10252638024947,0.000354387381857068,0.00244873765489424,0.2194345025,"Non-significant",2.61105774045094,"CSRP1","CSRP1_HUMAN"
0.129044535,12.5447525975,5.6942182728425,0.000678115947700234,0.00423709364207952,-1.19904447992303,"LYN_HUMAN",23,6.10195335158902,0.00035460182803632,0.00244873765489424,0.129044535,"Non-significant",2.61105774045094,"LYN","LYN_HUMAN"
0.145243167499999,12.65500068625,5.34862099016033,0.000984185638570709,0.00558633046970539,-1.61148798740828,"KPB2_HUMAN",55,6.10164604567823,0.000354716891283173,0.00244873765489424,0.145243167499999,"Non-significant",2.61105774045094,"PHKA2","KPB2_HUMAN"
0.156740187500001,12.87867355375,5.61410488479661,0.000738256996638262,0.00449947087828193,-1.29322058692797,"FAKD5_HUMAN",29,6.1006789336519,0.000355079273140725,0.00244923338240849,0.156740187500001,"Non-significant",2.61096982987611,"FASTKD5","FAKD5_HUMAN"
0.2535185825,13.84564828875,8.64342169405111,4.80537263728733e-05,0.000789561129818613,1.75097218469998,"CISD3_HUMAN",7,6.09771737501576,0.000356191539836293,0.00245489655705651,0.2535185825,"Non-significant",2.60996680319317,"CISD3","CISD3_HUMAN"
0.713068247500001,12.97402250875,10.39244765903,1.39861394555397e-05,0.000366115433138956,3.13038801254518,"RL36L_HUMAN",1,6.09065942521501,0.000358857884801111,0.00247125254165733,0.713068247500001,"Up in D1CM",2.60708287101072,"RPL36AL","RL36L_HUMAN"
0.436357259999999,9.59706532975,6.01285176266042,0.00048749458127504,0.00334374991391242,-0.832813150931192,"DHR13_HUMAN",13,6.08642078634499,0.000360469783771015,0.00248032637339256,0.436357259999999,"Non-significant",2.6054911688361,"DHRS13","DHR13_HUMAN"
0.173046825000002,11.07119,5.61335455326587,0.000738847632277941,0.00449981697432859,-1.29410667456276,"TSR1_HUMAN",32,6.08356365207657,0.000361560842812238,0.00248580452207533,0.173046825000002,"Non-significant",2.60453302626634,"TSR1","TSR1_HUMAN"
-0.136933087500001,13.34124171625,-5.58100959774411,0.000764815315255035,0.00461792857613516,-1.3323754565401,"CSN1_HUMAN",26,-6.07050372398976,0.000366594893215831,0.00251836051745414,-0.136933087500001,"Non-significant",2.59888209808303,"GPS1","CSN1_HUMAN"
0.132583142500003,19.43204236125,5.12705636704338,0.00126011097731424,0.00664673055555801,-1.88452191303692,"CPSM_HUMAN",144,6.06689820602032,0.000367998318490488,0.00252594285550189,0.132583142500003,"Non-significant",2.59757647872959,"CPS1","CPSM_HUMAN"
0.141662117499997,15.82347249875,5.32647640260065,0.00100849780076021,0.0056784421927908,-1.63847032356941,"CPT1A_HUMAN",48,6.06406639196803,0.000369104760262083,0.00253147601647608,0.141662117499997,"Non-significant",2.59662618281849,"CPT1A","CPT1A_HUMAN"
0.2534463375,10.90189778875,7.02117127609687,0.000185290978285488,0.00177479279087316,0.243909187860794,"SMAD3_HUMAN",9,6.06090839770151,0.000370342997607525,0.00253790335514946,0.2534463375,"Non-significant",2.59552492011541,"SMAD3","SMAD3_HUMAN"
0.611945033,7.4638658165,7.3038292958335,0.000144005737458926,0.00148389286190867,0.525085611903183,"SR5A3_HUMAN",3,6.05905012283955,0.000371073771349406,0.00254084550666462,0.611945033,"Up in D1CM",2.59502174094839,"SRD5A3","SR5A3_HUMAN"
-0.078530552500002,13.98591530125,-4.48910575944048,0.00266768268982715,0.0115549318563993,-2.70944293340378,"VIME_HUMAN",47,-6.05413451137343,0.000373014572089287,0.00255206154881542,-0.078530552500002,"Non-significant",2.59310885581742,"VIM","VIME_HUMAN"
1.75663602375,6.985042393125,5.88479870006995,0.00055580440895097,0.00367669369964218,-0.978412823581711,"SEBP2_HUMAN",12,6.04926194613136,0.000374949486631971,0.00256321915881661,1.75663602375,"Up in D1CM",2.59121425944369,"SECISBP2","SEBP2_HUMAN"
-0.144287587500003,16.98779702125,-6.10323339955254,0.000444925085532502,0.00313273076386996,-0.731303346944116,"1433B_HUMAN",17,-6.04637755851457,0.000376100128194987,0.00256773073265678,-0.144287587500003,"Non-significant",2.5904505208885,"YWHAB","1433B_HUMAN"
-3.1745104815,8.50689053675,-5.8733533501661,0.000562411946302989,0.00369481634384316,-0.991529171865332,"CNTN1_HUMAN",24,-6.04608087322603,0.000376218703859429,0.00256773073265678,-3.1745104815,"Up in D1BM",2.5904505208885,"CNTN1","CNTN1_HUMAN"
0.25385571,12.6665973675,5.72553586018415,0.000656105670030344,0.00414877321281753,-1.1624612385313,"MITOS_HUMAN",33,6.04398332016209,0.000377058211953421,0.00257137837261763,0.25385571,"Non-significant",2.58983401318627,"ABCB8","MITOS_HUMAN"
0.0702474125000023,13.46329557875,4.01413921270859,0.00484696111708958,0.0178172853274959,-3.36122372643733,"PEPL_HUMAN",150,6.04200622488464,0.000377851410069867,0.00257412008603464,0.0702474125000023,"Non-significant",2.58937119655918,"PPL","PEPL_HUMAN"
-3.0480412215,8.70700174425,-5.87932230835487,0.000558955133424111,0.00368931951202738,-0.984686642615523,"CAPSD_HBVD3",7,-6.04082200302392,0.000378327397843755,0.00257412008603464,-3.0480412215,"Up in D1BM",2.58937119655918,"C","CAPSD_HBVD3"
0.178837537499996,12.70817458875,5.59490286229033,0.00075353892063752,0.0045661966657467,-1.31592051921823,"SC24B_HUMAN",32,6.04070015035599,0.000378376413168456,0.00257412008603464,0.178837537499996,"Non-significant",2.58937119655918,"SEC24B","SC24B_HUMAN"
0.18421697,12.2657775875,6.07898413920921,0.000455923950893013,0.00318391299260746,-0.758437134789308,"DHB7_HUMAN",16,6.03783684910537,0.000379530206280811,0.00257988718446851,0.18421697,"Non-significant",2.58839928482516,"HSD17B7","DHB7_HUMAN"
0.331138849249998,8.822626948375,5.79648975515698,0.000609122627871116,0.00392530170514192,-1.08005548911574,"AP4E1_HUMAN",28,6.03614804469207,0.000380212553028701,0.00258169265018709,0.331138849249998,"Non-significant",2.58809546163305,"AP4E1","AP4E1_HUMAN"
0.235180139499999,8.30355918425,6.80178324653521,0.000226573407015617,0.00199737458875055,0.0196965384568983,"GDPD1_HUMAN",10,6.03566398355921,0.000380408384331755,0.00258169265018709,0.235180139499999,"Non-significant",2.58809546163305,"GDPD1","GDPD1_HUMAN"
-0.432355642499997,8.30009019375,-5.87561507901398,0.000561099310504845,0.00368931951202738,-0.988935890951757,"EMAL1_HUMAN",18,-6.03413742243947,0.000381026700902127,0.00258380857755754,-0.432355642499997,"Non-significant",2.58773966435725,"EML1","EMAL1_HUMAN"
0.368142604749998,9.044732570625,5.76238103619421,0.000631223112189838,0.00403787313065877,-1.11958673490997,"KDIS_HUMAN",52,6.03117448451193,0.000382229987160131,0.0025898846959588,0.368142604749998,"Non-significant",2.58671957067687,"KIDINS220","KDIS_HUMAN"
0.264619590000001,13.82594359,6.55446826632236,0.000285955495544329,0.00235153060677381,-0.239575554811181,"TMX1_HUMAN",10,6.02608927521339,0.000384304982560774,0.00260028663919698,0.264619590000001,"Non-significant",2.58497877550609,"TMX1","TMX1_HUMAN"
0.180905102500001,11.13510429875,5.50167588537663,0.000832913836309055,0.00491640807160296,-1.42683489786363,"ARGAL_HUMAN",46,6.02590074457475,0.000384382151196992,0.00260028663919698,0.180905102500001,"Non-significant",2.58497877550609,"ARHGEF10L","ARGAL_HUMAN"
-0.127415892499998,15.30516683875,-5.43888688313889,0.000891601282335443,0.0051722692421235,-1.50219960828597,"COPE_HUMAN",28,-6.02465789052295,0.000384891301364506,0.00260164296648069,-0.127415892499998,"Non-significant",2.58475230359549,"COPE","COPE_HUMAN"
0.174393895000003,11.13543141,5.51461763198332,0.000821358864722483,0.0048686595434218,-1.41136765338467,"AGO1_HUMAN",37,6.01242695162208,0.000389941913890434,0.00263300526013686,0.174393895000003,"Non-significant",2.57954827327292,"AGO1","AGO1_HUMAN"
0.124329805000002,11.1601794975,5.28607935394943,0.00105458513339497,0.00583657129966267,-1.68786705086291,"RBM10_HUMAN",34,6.01191277488983,0.000390155839353535,0.00263300526013686,0.124329805000002,"Non-significant",2.57954827327292,"RBM10","RBM10_HUMAN"
0.6789331475,11.84913539875,6.88100427830037,0.000210580679469372,0.00192056757231991,0.101275950822862,"S39A7_HUMAN",3,6.00957848885743,0.000391128665857645,0.00263745881961127,0.6789331475,"Up in D1CM",2.57881431256826,"SLC39A7","S39A7_HUMAN"
0.337970018,9.53018319625,5.72100502587675,0.000659240181126419,0.00415923314873846,-1.16774585277398,"ATG2B_HUMAN",54,6.00704927912609,0.000392185762697329,0.00264177025431897,0.337970018,"Non-significant",2.57810495417798,"ATG2B","ATG2B_HUMAN"
0.20579481,10.485400915,5.540020312231,0.000799192862965846,0.00477081915151496,-1.38107369181033,"BIG1_HUMAN",54,6.00632971580484,0.000392487086202447,0.00264177025431897,0.20579481,"Non-significant",2.57810495417798,"ARFGEF1","BIG1_HUMAN"
0.280066012500001,10.12219810375,5.7566685109893,0.000635011129814079,0.00405608941481565,-1.12622235055668,"GCKR_HUMAN",26,6.00580188209527,0.000392708284335232,0.00264177025431897,0.280066012500001,"Non-significant",2.57810495417798,"GCKR","GCKR_HUMAN"
-0.261696337,9.967201232,-5.92790591783213,0.00053168378916273,0.00354834731500606,-0.929163862489825,"GPC6_HUMAN",16,-5.9980611210518,0.000395968104748913,0.00266015503366007,-0.261696337,"Non-significant",2.57509305197757,"GPC6","GPC6_HUMAN"
0.149399517499999,10.19271361875,5.56674768496376,0.000776586538102803,0.00466871643963999,-1.34929398404749,"ZC11A_HUMAN",26,5.99781454241711,0.000396072436498207,0.00266015503366007,0.149399517499999,"Non-significant",2.57509305197757,"ZC3H11A","ZC11A_HUMAN"
0.236734389999999,8.5191977025,5.94847776397561,0.000520586137668061,0.0034825559955588,-0.905745313763648,"TCAIM_HUMAN",16,5.99563989480319,0.000396993887996459,0.00266422092509726,0.236734389999999,"Non-significant",2.57442976502259,"TCAIM","TCAIM_HUMAN"
-0.146385667499997,14.44192981625,-6.88127055986306,0.00021052910359836,0.00192056757231991,0.101548976074511,"VTA1_HUMAN",13,-5.99432034606069,0.000397554170838338,0.00266585847732407,-0.146385667499997,"Non-significant",2.5741629097416,"VTA1","VTA1_HUMAN"
0.278573512500003,11.36892962375,5.99338639160545,0.000497246402115432,0.00337462956797985,-0.854810580251256,"RM04_HUMAN",14,5.98791365608697,0.000400286945077059,0.0026814998795089,0.278573512500003,"Non-significant",2.5716222182156,"MRPL4","RM04_HUMAN"
0.323190690000001,15.139267445,9.10803215112744,3.39452636571673e-05,0.000635832505258363,2.13946874501716,"ADT1_HUMAN",5,5.987362531348,0.000400522997781671,0.0026814998795089,0.323190690000001,"Non-significant",2.5716222182156,"SLC25A4","ADT1_HUMAN"
-2.6494187115,7.83140140775,-5.89733985965933,0.00054866345249641,0.00365587687042865,-0.964060127594817,"FABP4_HUMAN",2,-5.98351947631124,0.000402173313345706,0.00269041179221504,-2.6494187115,"Up in D1BM",2.57018124215391,"FABP4","FABP4_HUMAN"
0.420892952499999,10.58931195625,6.14152461802848,0.000428155333145388,0.0030455032093523,-0.688607385149289,"EXOS9_HUMAN",9,5.98130051272657,0.000403129628191138,0.00269327575032842,0.420892952499999,"Non-significant",2.5697191791859,"EXOSC9","EXOS9_HUMAN"
-0.135896442500002,12.82859146625,-5.30724703766822,0.00103015090689982,0.00576017094717131,-1.66195547342044,"GT251_HUMAN",37,-5.98104367992165,0.000403240478931601,0.00269327575032842,-0.135896442500002,"Non-significant",2.5697191791859,"COLGALT1","GT251_HUMAN"
0.204856872499997,11.60961127125,5.86364148892551,0.000568087450187216,0.00372349076020843,-1.002672249568,"RRP8_HUMAN",18,5.97531975296582,0.000405719747024015,0.0027076894280803,0.204856872499997,"Non-significant",2.56740115069812,"RRP8","RRP8_HUMAN"
0.469336509000003,10.192878723,6.28684951195863,0.000370638260932939,0.00276039049641441,-0.528221481958665,"CHTOP_HUMAN",7,5.97179183751157,0.000407256241096328,0.00271579339889315,0.469336509000003,"Non-significant",2.56610327162772,"CHTOP","CHTOP_HUMAN"
-0.172632217499999,14.44451022375,-6.78733200190504,0.000229635239018461,0.00201414716928888,0.00473901867839643,"FHR3_HUMAN",12,-5.97073974910248,0.000407715698433325,0.00271670800165573,-0.172632217499999,"Non-significant",2.56595703809462,"CFHR3","FHR3_HUMAN"
0.167098522499998,11.70854878375,5.4329446525142,0.000897389181221579,0.00519511909925597,-1.50935979093656,"NFKB2_HUMAN",40,5.9690706429592,0.000408445791991756,0.00271942304952489,0.167098522499998,"Non-significant",2.56552322573998,"NFKB2","NFKB2_HUMAN"
0.316135169249996,9.992608905375,5.76605877530063,0.00062879769878724,0.00403052152325296,-1.11531697664464,"CCNT1_HUMAN",22,5.9651143543045,0.000410182126988415,0.00272882805713129,0.316135169249996,"Non-significant",2.56402382826987,"CCNT1","CCNT1_HUMAN"
-0.104872944999999,13.5007208575,-6.02467667433098,0.000481674803035345,0.00330891354098201,-0.819473569145348,"GMPR2_HUMAN",18,-5.96265510166544,0.000411265563213991,0.00273377791573785,-0.104872944999999,"Non-significant",2.56323676917095,"GMPR2","GMPR2_HUMAN"
0.373716590000001,10.19794333,7.73378572141068,9.95696588181933e-05,0.00118335839216218,0.936992665827399,"TM223_HUMAN",5,5.96195444261189,0.00041157482205141,0.00273377791573785,0.373716590000001,"Non-significant",2.56323676917095,"TMEM223","TM223_HUMAN"
0.0968041450000001,16.88512349,4.69119526614,0.00209025882446915,0.00967533862243297,-2.44183318336959,"GCSP_HUMAN",67,5.95731030753777,0.000413631187078677,0.00274527344557966,0.0968041450000001,"Non-significant",2.5614143907433,"GLDC","GCSP_HUMAN"
0.181266785000004,10.84755969,5.42950750205667,0.000900756110969987,0.00521103174973646,-1.51350363942541,"RNBP6_HUMAN",49,5.94755969346182,0.000417985768485515,0.0027719921656683,0.181266785000004,"Non-significant",2.55720800148153,"RANBP6","RNBP6_HUMAN"
0.1973266635,9.93014812625,5.6266845705664,0.000728432529005405,0.00446217862426349,-1.27837609536052,"DUS3L_HUMAN",26,5.94569041720736,0.000418826365794128,0.00277538320540779,0.1973266635,"Non-significant",2.55667704407133,"DUS3L","DUS3L_HUMAN"
0.337154625000004,14.7782768025,5.73152684795567,0.000651986453470308,0.0041289209739303,-1.1554777100995,"DHB13_HUMAN",24,5.94117139061093,0.000420866277848474,0.00278671002041224,0.337154625000004,"Non-significant",2.55490822076892,"HSD17B13","DHB13_HUMAN"
-0.302047015999998,10.0897535095,-5.87557383060545,0.000561123219174173,0.00368931951202738,-0.988983180130392,"CATG_HUMAN",15,-5.94031429110228,0.000421254417109956,0.0027870906450705,-0.302047015999998,"Non-significant",2.55484890641631,"CTSG","CATG_HUMAN"
0.478750467499999,12.94013154625,6.72448013954275,0.000243502442357671,0.00207951579192787,-0.0605900598334959,"CDIPT_HUMAN",5,5.93389266094166,0.000424175109183722,0.00280421332965458,0.478750467499999,"Non-significant",2.55218895063133,"CDIPT","CDIPT_HUMAN"
0.462480307,9.7041760685,5.87262403816955,0.000562835945603823,0.00369481634384316,-0.992365536636129,"SSF1_HUMAN",12,5.93171176603502,0.000425172121776661,0.00280860173546667,0.462480307,"Non-significant",2.55150984013338,"PPAN","SSF1_HUMAN"
0.6337125305,7.64829742925,6.94267925033926,0.000199004570885728,0.00184940411024896,0.164302705331846,"RYBP_HUMAN",3,5.92525393149863,0.000428139621728306,0.0028259897193014,0.6337125305,"Up in D1CM",2.54882942240918,"RYBP","RYBP_HUMAN"
0.568156002500002,11.83891355875,6.18706291170548,0.000409124016432864,0.00295604678785369,-0.6380687682804,"GOT1B_HUMAN",6,5.92143442581404,0.00042990554866676,0.00283542556315502,0.568156002500002,"Up in D1CM",2.547381749519,"GOLT1B","GOT1B_HUMAN"
0.25188780075,10.043628932125,5.54237263123062,0.000797174151934241,0.00476340487432932,-1.37827284376469,"HTR5B_HUMAN",68,5.91884450184038,0.000431107573923581,0.00284113036794516,0.25188780075,"Non-significant",2.54650883780815,"HEATR5B","HTR5B_HUMAN"
0.239806412500002,10.98030388375,5.6687447464538,0.00069662606350938,0.00432072192002985,-1.22889688639239,"TNPO2_HUMAN",24,5.9152782794721,0.00043276880976393,0.00284472138025386,0.239806412500002,"Non-significant",2.54596026316831,"TNPO2","TNPO2_HUMAN"
0.255230427499995,11.84768438125,5.81250949742983,0.000599041410888046,0.00387673403021711,-1.06154153076052,"ARSL_HUMAN",17,5.91516309695965,0.000432822582707214,0.00284472138025386,0.255230427499995,"Non-significant",2.54596026316831,"ARSL","ARSL_HUMAN"
-0.125309467499999,15.60803103625,-5.27341081494218,0.00106951585658785,0.00588351300117349,-1.70340442676714,"PRS8_HUMAN",31,-5.91491075765319,0.00043294041314522,0.00284472138025386,-0.125309467499999,"Non-significant",2.54596026316831,"PSMC5","PRS8_HUMAN"
0.328334812500001,14.19366407375,6.85477805449065,0.000215730523523693,0.00193643202107546,0.0743468005549648,"MGST3_HUMAN",7,5.91425384744679,0.00043324732555445,0.00284472138025386,0.328334812500001,"Non-significant",2.54596026316831,"MGST3","MGST3_HUMAN"
0.214183090000002,12.5926655525,5.48335853882902,0.000849578499382238,0.00499727646287012,-1.44876556794132,"MDR1_HUMAN",54,5.91405574412305,0.000433339927897254,0.00284472138025386,0.214183090000002,"Non-significant",2.54596026316831,"ABCB1","MDR1_HUMAN"
0.277415039999999,11.970954775,5.62049510816135,0.000733248065413248,0.00448458733284605,-1.28567724430629,"TRI56_HUMAN",35,5.91182902987052,0.000434382302631509,0.00284934508084124,0.277415039999999,"Non-significant",2.5452549506799,"TRIM56","TRI56_HUMAN"
0.260492086500005,9.555520177,5.66604566964203,0.000698620057377292,0.00432499113607188,-1.23206498184288,"TRIM3_HUMAN",25,5.91092407623334,0.000434806724866315,0.0028499112627513,0.260492086500005,"Non-significant",2.54516866234146,"TRIM3","TRIM3_HUMAN"
0.210141659999998,10.44879055,5.51184894458831,0.000823815807524822,0.00487636477642326,-1.41467472495013,"RPA2_HUMAN",38,5.90371850671769,0.000438202559335162,0.00286973595495012,0.210141659999998,"Non-significant",2.54215806096062,"POLR1B","RPA2_HUMAN"
0.318561314999998,14.34285772,6.05084253129961,0.000469070573040351,0.00324081627881731,-0.79001909969704,"UD13_HUMAN",11,5.90306441843263,0.00043851226835636,0.00286973595495012,0.318561314999998,"Non-significant",2.54215806096062,"UGT1A3","UD13_HUMAN"
0.213300467499998,10.53648054625,6.51759948981071,0.000296219169749545,0.00240812433401656,-0.278834477697069,"CARME_HUMAN",11,5.89984593213443,0.000440039747375329,0.00287749808427203,0.213300467499998,"Non-significant",2.5409849568347,"CARNMT1","CARME_HUMAN"
0.224994182500001,14.66223955125,5.47124672989383,0.00086080095852233,0.00504568239178353,-1.46329160304383,"VIGLN_HUMAN",70,5.89501356809744,0.000442344240014327,0.00289032527060524,0.224994182500001,"Non-significant",2.53905327998395,"HDLBP","VIGLN_HUMAN"
0.253176687500002,12.83174395375,6.44618307901562,0.000317294752824262,0.00251360664619897,-0.35533753671496,"LICH_HUMAN",10,5.89288464426212,0.000443363733966002,0.00289474276808631,0.253176687500002,"Non-significant",2.53839002239047,"LIPA","LICH_HUMAN"
0.336634635999998,8.94241881375,5.68496950680463,0.000684772410339576,0.00426603595473192,-1.20987314508677,"FAKD1_HUMAN",23,5.88510850969873,0.0004471097151096,0.00291694101289383,0.336634635999998,"Non-significant",2.53507235320043,"FASTKD1","FAKD1_HUMAN"
0.0917148599999997,12.9660351275,4.49940224417352,0.00263435223794971,0.0114754289476373,-2.69566679882789,"AFAD_HUMAN",101,5.8811680243459,0.000449021323112865,0.0029271467382199,0.0917148599999997,"Non-significant",2.5335555057856,"AFDN","AFAD_HUMAN"
0.284059047500001,10.28003311375,5.76413036251901,0.000630068160664649,0.00403559614456104,-1.11755559154333,"STS_HUMAN",17,5.87959519221378,0.00044978686035079,0.00292987128740093,0.284059047500001,"Non-significant",2.53315145828049,"STS","STS_HUMAN"
0.234102009999996,11.33940065,5.52374591708475,0.00081331592238232,0.00484009511869264,-1.40047167823935,"OAS3_HUMAN",39,5.87432829625542,0.000452360931115548,0.00294226275123536,0.234102009999996,"Non-significant",2.53131854632084,"OAS3","OAS3_HUMAN"
-0.236815452499997,11.86942028875,-5.69590427918302,0.000676910286477581,0.00423584024106869,-1.19707168736226,"HSP13_HUMAN",20,-5.87416637512334,0.0004524403241923,0.00294226275123536,-0.236815452499997,"Non-significant",2.53131854632084,"HSPA13","HSP13_HUMAN"
0.327702999,9.5885243415,5.60395572051984,0.00074629079108637,0.00453806502184281,-1.30521240551262,"ARH40_HUMAN",43,5.87352618049417,0.000452754375145429,0.00294226275123536,0.327702999,"Non-significant",2.53131854632084,"ARHGEF40","ARH40_HUMAN"
0.0763478249999991,12.2960693825,4.44722977153687,0.00280809334083369,0.0119908744282484,-2.76562683153439,"MOCOS_HUMAN",40,5.87285186458527,0.000453085425448274,0.00294226275123536,0.0763478249999991,"Non-significant",2.53131854632084,"MOCOS","MOCOS_HUMAN"
0.30305457125,8.495573163125,6.17348557006533,0.000414697493232425,0.00297943860965096,-0.653109996175252,"TECT3_HUMAN",10,5.87116687319165,0.000453913831212356,0.00294537312031482,0.30305457125,"Non-significant",2.53085968090082,"TCTN3","TECT3_HUMAN"
0.76606714725,8.464962184375,6.4142547193027,0.000327255739946416,0.00257001205652778,-0.389736326474282,"ERG28_HUMAN",3,5.86896085902192,0.000455000927085517,0.00295015601107987,0.76606714725,"Up in D1CM",2.5301550169169,"ERG28","ERG28_HUMAN"
0.0683341025000033,14.92921161875,3.89580308761598,0.00565413821090833,0.0198826578972659,-3.52846067967918,"UTRN_HUMAN",172,5.86286805116572,0.000458018386868906,0.00296743811138971,0.0683341025000033,"Non-significant",2.52761832988381,"UTRN","UTRN_HUMAN"
0.358262777499998,15.40271771125,5.72696260671655,0.000655122060657631,0.00414566355051289,-1.16079768996895,"RL15_HUMAN",17,5.8617038611541,0.00045859746823759,0.00296890788001125,0.358262777499998,"Non-significant",2.52740327758868,"RPL15","RL15_HUMAN"
0.278234720249994,8.307829499125,5.74707379602746,0.00064143057428912,0.00407738937457239,-1.13737713843605,"P85B_HUMAN",17,5.86029372314375,0.000459299972499269,0.00297117380521592,0.278234720249994,"Non-significant",2.52707194246143,"PIK3R2","P85B_HUMAN"
0.233038425,15.335190535,6.55711790159129,0.000285233355794837,0.00234788276952605,-0.23676029791714,"QCR8_HUMAN",10,5.85893454783734,0.000459978215611322,0.00297327943204589,0.233038425,"Non-significant",2.52676427340763,"UQCRQ","QCR8_HUMAN"
0.382593632500001,14.92542362125,8.67820979006388,4.67938532979208e-05,0.000785707947107918,1.78066661397044,"ATPK_HUMAN",4,5.85617247812193,0.000461359936249736,0.00297848731377304,0.382593632500001,"Non-significant",2.52600424534526,"ATP5MF","ATPK_HUMAN"
-0.144427534999998,12.7769151925,-5.21860337235924,0.00113686831688753,0.00616131222793958,-1.77088003717886,"DPP9_HUMAN",43,-5.8559117153933,0.000461490619502621,0.00297848731377304,-0.144427534999998,"Non-significant",2.52600424534526,"DPP9","DPP9_HUMAN"
0.143624782499998,11.89327859875,5.51514769334588,0.000820889416188834,0.0048686595434218,-1.4107346374591,"TFB2M_HUMAN",23,5.85083246161585,0.000464044315792811,0.00299267753467299,0.143624782499998,"Non-significant",2.52394007649655,"TFB2M","TFB2M_HUMAN"
0.374454736749998,8.510406136375,5.65738129924138,0.000705064083168352,0.00435064799196635,-1.24224150782992,"PLD2_HUMAN",23,5.84986142853273,0.000464534300762865,0.00299274038219117,0.374454736749998,"Non-significant",2.523930956221,"PLD2","PLD2_HUMAN"
0.154171227500001,14.74114096125,5.27054769439816,0.00107292263279275,0.00589547905593881,-1.70691899475869,"ILF3_HUMAN",42,5.84940627996255,0.000464764166601998,0.00299274038219117,0.154171227500001,"Non-significant",2.523930956221,"ILF3","ILF3_HUMAN"
-0.542812109250001,9.434892296875,-6.00666764103874,0.000490569395256654,0.00335089905398568,-0.839796479573041,"SPON2_HUMAN",7,-5.84502792125716,0.000466981831565662,0.00300467479781708,-0.542812109250001,"Up in D1BM",2.52220252570992,"SPON2","SPON2_HUMAN"
0.439132929999998,14.8934139,5.88468612870562,0.000555868974785881,0.00367669369964218,-0.978541747618022,"TPSN_HUMAN",10,5.84434166451495,0.000467330485222232,0.00300467479781708,0.439132929999998,"Non-significant",2.52220252570992,"TAPBP","TPSN_HUMAN"
-0.1935606,13.232586145,-7.06813812587091,0.000177593890216654,0.00172536415494227,0.29122164045785,"CRIP2_HUMAN",10,-5.84212359260108,0.000468459351511063,0.00300963709899905,-0.1935606,"Non-significant",2.5214858683277,"CRIP2","CRIP2_HUMAN"
-2.6177375315,7.249132514,-5.70833598952681,0.000668093714102649,0.00419742701910859,-1.18253698983984,"OIT3_HUMAN",4,-5.84003014712741,0.000469527559239956,0.00301420243475521,-2.6177375315,"Up in D1BM",2.52082758369198,"OIT3","OIT3_HUMAN"
0.27798700025,10.200783729875,5.58483113184238,0.000761694983873746,0.0046023849599081,-1.32784671568401,"PROD_HUMAN",27,5.83060942808066,0.000474368079835544,0.00304295931882329,0.27798700025,"Non-significant",2.51670385366505,"PRODH","PROD_HUMAN"
-0.0705156324999976,15.36024451125,-4.07399235722324,0.00448725948273778,0.0168671183678656,-3.27735719049224,"SYAC_HUMAN",64,-5.82259667265255,0.000478528647057435,0.00306731404262138,-0.0705156324999976,"Non-significant",2.51324175711324,"AARS1","SYAC_HUMAN"
0.165412659999999,11.374075055,5.52823647757202,0.000809391450469535,0.00482145620919273,-1.3951156570346,"IFIT5_HUMAN",23,5.82096263477032,0.000479382057571485,0.00307040248325197,0.165412659999999,"Non-significant",2.51280469136375,"IFIT5","IFIT5_HUMAN"
0.3555049895,9.745712042,5.61001822326741,0.000741480253077489,0.0045125899301012,-1.29804755297793,"ATP9B_HUMAN",26,5.82028013729629,0.000479739004679421,0.00307040248325197,0.3555049895,"Non-significant",2.51280469136375,"ATP9B","ATP9B_HUMAN"
-1.694645166,7.47159898275,-5.66457016482852,0.000699712799856832,0.00432713073367075,-1.23379729467806,"TOR3A_HUMAN",10,-5.81726595070796,0.000481318949866808,0.00307817710806322,-1.694645166,"Up in D1BM",2.51170639592698,"TOR3A","TOR3A_HUMAN"
0.40617227275,9.893836258375,7.01780691535897,0.000185856547871331,0.00177818937798802,0.240510876403693,"BMI1_HUMAN",5,5.81019949744091,0.000485045590034038,0.00309965828536536,0.40617227275,"Non-significant",2.50868618131417,"BMI1","BMI1_HUMAN"
0.151504277499997,12.74885642625,5.29406418744335,0.00104529335691861,0.00580675235242724,-1.67808544906553,"FXR1_HUMAN",33,5.80269674121703,0.000489037302569535,0.00312279956315046,0.151504277499997,"Non-significant",2.50545589006095,"FXR1","FXR1_HUMAN"
-1.39394235625,7.602443695125,-5.63102540432356,0.000725076263773047,0.00444808429937628,-1.27325866024599,"LRP4_HUMAN",29,-5.79993936052853,0.000490513441860395,0.00312985450525456,-1.39394235625,"Up in D1BM",2.50447585064325,"LRP4","LRP4_HUMAN"
0.33432889,8.644380212,6.13096469545184,0.000432708483311751,0.00307011768167908,-0.700363732562946,"S41A2_HUMAN",9,5.79763141263985,0.000491752771675167,0.00313538888990165,0.33432889,"Non-significant",2.50370858489265,"SLC41A2","S41A2_HUMAN"
0.202350854999997,10.7171643975,5.49795115109826,0.000836272853078268,0.00492933138363407,-1.43129069553749,"THOC5_HUMAN",26,5.7953007753783,0.000493007801897478,0.00314101493741031,0.202350854999997,"Non-significant",2.50292999826579,"THOC5","THOC5_HUMAN"
0.2613656515,9.8679710625,5.53854395894229,0.000800462741838001,0.00477501801199753,-1.3828319305713,"MARK2_HUMAN",27,5.79165936135264,0.000494975774953924,0.00315117130444609,0.2613656515,"Non-significant",2.50152798700263,"MARK2","MARK2_HUMAN"
0.3928658965,9.07693469525,7.11222699137009,0.000170693659525316,0.00168113160852703,0.335418067902777,"GATA6_HUMAN",5,5.78923263638224,0.000496292104317538,0.003157166903617,0.3928658965,"Non-significant",2.50070245852467,"GATA6","GATA6_HUMAN"
-0.41410946875,9.212929129625,-5.67429117095507,0.000692548393518612,0.00430493392991768,-1.22238969890293,"PHIPL_HUMAN",15,-5.78844552864097,0.0004967198868799,0.00315750522361288,-0.41410946875,"Non-significant",2.50065592229777,"PHYHIPL","PHIPL_HUMAN"
-0.238912105749996,9.780047654875,-5.59216967428631,0.000755742601974185,0.00457125407750696,-1.31915561217736,"DEPD7_HUMAN",21,-5.7866852995484,0.000497678024857191,0.0031612118097372,-0.238912105749996,"Non-significant",2.50014640428117,"DEPDC7","DEPD7_HUMAN"
0.106600045,10.47403443,5.08326409921919,0.00132424284798241,0.00689440578483246,-1.93929906618031,"P66A_HUMAN",29,5.78567375086776,0.000498229561804156,0.00316233206057773,0.106600045,"Non-significant",2.49999252893107,"GATAD2A","P66A_HUMAN"
0.1789939425,11.59638512125,5.63926776207594,0.000718750659582628,0.00441570649389357,-1.26354861881382,"SNX17_HUMAN",19,5.7818886693572,0.000500299347096535,0.00317307990720594,0.1789939425,"Non-significant",2.49851899098763,"SNX17","SNX17_HUMAN"
0.227060079999998,10.75745523,5.77549685919754,0.000622620797445473,0.00399700738893213,-1.1043677361618,"RLIG1_HUMAN",15,5.76742658908972,0.000508295660066702,0.00322137151782123,0.227060079999998,"Non-significant",2.49195918550776,"RLIG1","RLIG1_HUMAN"
0.141330482500001,13.06974804375,5.47228794255776,0.000859829755238557,0.0050434968732817,-1.46204206381997,"LC7L2_HUMAN",22,5.76446968170387,0.000509947928774032,0.00322714359565081,0.141330482500001,"Non-significant",2.4911817097088,"LUC7L2","LC7L2_HUMAN"
0.210584880000003,14.5778564225,5.47967313796678,0.000852975979730511,0.00501376187806728,-1.45318346339524,"NSDHL_HUMAN",26,5.7644264105236,0.000509972152023594,0.00322714359565081,0.210584880000003,"Non-significant",2.4911817097088,"NSDHL","NSDHL_HUMAN"
0.150441647499999,17.03671383875,6.19722903820778,0.000405005617672668,0.00293533306222091,-0.626821509076088,"H17B6_HUMAN",14,5.762830637324,0.000510866356978324,0.00322993836177713,0.150441647499999,"Non-significant",2.49080576540744,"HSD17B6","H17B6_HUMAN"
0.32294034925,8.280539274125,5.75532169053562,0.000635907900988818,0.00405608941481565,-1.12778742949148,"KDM1B_HUMAN",13,5.76227132188801,0.000511180184435958,0.00322993836177713,0.32294034925,"Non-significant",2.49080576540744,"KDM1B","KDM1B_HUMAN"
0.148993255000001,12.566198945,5.6280464664909,0.000727377674648287,0.0044589573960803,-1.2767702770752,"RT4I1_HUMAN",19,5.76053647436706,0.000512154950861307,0.00323150879847742,0.148993255000001,"Non-significant",2.49059465727961,"RTN4IP1","RT4I1_HUMAN"
0.311906815,11.953161,5.60338814275707,0.000746742933360539,0.00453806502184281,-1.30588343841072,"RUSF1_HUMAN",19,5.76032283950266,0.000512275128932244,0.00323150879847742,0.311906815,"Non-significant",2.49059465727961,"RUSF1","RUSF1_HUMAN"
0.296484235000001,15.9868501425,6.05924747511241,0.000465100325821816,0.00322327318512795,-0.78057617249893,"SURF4_HUMAN",10,5.75978314707496,0.000512578866243244,0.00323150879847742,0.296484235000001,"Non-significant",2.49059465727961,"SURF4","SURF4_HUMAN"
0.191643475999999,9.9603163,5.54814079742998,0.00079224799069903,0.00474051108240979,-1.37140799051012,"PI4KB_HUMAN",21,5.75736918415144,0.000513939877665789,0.0032376675850859,0.191643475999999,"Non-significant",2.48976774278887,"PI4KB","PI4KB_HUMAN"
0.331867456250002,8.957213759375,5.50582448714287,0.00082919021517074,0.00489785867111014,-1.42187425270752,"RPOM_HUMAN",38,5.75601846116942,0.000514703169610173,0.00324005453072752,0.331867456250002,"Non-significant",2.48944768047402,"POLRMT","RPOM_HUMAN"
0.124351739999998,15.465872645,6.23028190384494,0.000391932368032432,0.00287269385230032,-0.590341887397948,"ODBB_HUMAN",15,5.75347894550939,0.000516141643862738,0.00324668501202912,0.124351739999998,"Non-significant",2.48855984385732,"BCKDHB","ODBB_HUMAN"
0.44423222575,8.646306872375,5.56612632440336,0.000777103946472287,0.00466871643963999,-1.35003170936224,"KDM2A_HUMAN",24,5.75117402847412,0.000517451082829963,0.00325249453927946,0.44423222575,"Non-significant",2.48778342391712,"KDM2A","KDM2A_HUMAN"
0.400048494500002,9.63618862625,5.65741932139908,0.000705035660482257,0.00435064799196635,-1.24219682800465,"TBC20_HUMAN",14,5.74752266765527,0.000519532972479472,0.00326314711254059,0.400048494500002,"Non-significant",2.48636334646208,"TBC1D20","TBC20_HUMAN"
-0.124651432499999,15.19189000125,-5.41977291227538,0.000910368228997675,0.00525222026161629,-1.52524847676125,"CALU_HUMAN",22,-5.74472622468847,0.000521133679616738,0.00327076380155584,-0.124651432499999,"Non-significant",2.48535081735002,"CALU","CALU_HUMAN"
0.264832970000002,11.027774095,5.56960710040519,0.000774210430193836,0.00466463167698631,-1.34589974361149,"BRX1_HUMAN",20,5.74132353587879,0.000523088767382953,0.00328059168174919,0.264832970000002,"Non-significant",2.4840478206345,"BRIX1","BRX1_HUMAN"
0.112537619999999,12.475191475,4.76667707868736,0.00191115414861619,0.00903483921406946,-2.34337996631211,"HIP1R_HUMAN",75,5.73978395427781,0.000523976031185673,0.00328371298651601,0.112537619999999,"Non-significant",2.48363480947575,"HIP1R","HIP1R_HUMAN"
-1.12509489075,6.860760569625,-6.39629711124724,0.000333011561633108,0.00258841011995019,-0.409137021483444,"MFAP4_HUMAN",1,-5.73658138781545,0.000525827013056426,0.0032928647050911,-1.12509489075,"Up in D1BM",2.48242611290772,"MFAP4","MFAP4_HUMAN"
0.258342027499998,11.69729840875,5.56296153131473,0.000779745234089648,0.00467791642572359,-1.35378999255061,"TAPT1_HUMAN",20,5.73487965562566,0.000526813501391218,0.0032965931724028,0.258342027499998,"Non-significant",2.4819346451778,"TAPT1","TAPT1_HUMAN"
0.170919892500001,11.63005805125,5.25112856911896,0.00109634931609048,0.00600073271774455,-1.73078659876297,"HBS1L_HUMAN",41,5.73296002016884,0.000527928764711443,0.00330112133364447,0.170919892500001,"Non-significant",2.48133851276031,"HBS1L","HBS1L_HUMAN"
0.0764267425000043,15.85155642125,4.30831071650004,0.00333521500165483,0.0136336213622447,-2.95379993541919,"DDX5_HUMAN",46,5.73165873069246,0.000528686268213846,0.00330340737937324,0.0764267425000043,"Non-significant",2.48103786539298,"DDX5","DDX5_HUMAN"
0.155745985000003,10.769865035,5.82506037599748,0.000591272997546384,0.00384259066794022,-1.0470599349386,"BORG5_HUMAN",16,5.72973050799272,0.000529810931530351,0.00330798247545876,0.155745985000003,"Non-significant",2.48043679985459,"CDC42EP1","BORG5_HUMAN"
-0.239577530000004,14.4147704825,-5.85445847024738,0.000573512689565849,0.00375030136567148,-1.01321979981159,"CATH_HUMAN",13,-5.72729301003418,0.000531236424579339,0.00331287726507236,-0.239577530000004,"Non-significant",2.47979465348996,"CTSH","CATH_HUMAN"
0.272532937500001,13.53985619625,5.50780883192784,0.000827415691673644,0.00489080425323783,-1.41950231860137,"RU17_HUMAN",24,5.72603158338045,0.000531975794703977,0.00331287726507236,0.272532937500001,"Non-significant",2.47979465348996,"SNRNP70","RU17_HUMAN"
-0.163893937500001,11.88821804375,-5.6437236151233,0.000715356604391565,0.00440448562338678,-1.25830310455261,"DJB12_HUMAN",18,-5.72582171242779,0.000532098918421585,0.00331287726507236,-0.163893937500001,"Non-significant",2.47979465348996,"DNAJB12","DJB12_HUMAN"
0.0906176599999959,16.0724093925,4.55474445116096,0.00246287064893504,0.0109722709830198,-2.62188181201756,"LONM_HUMAN",49,5.72570565163669,0.000532167020632101,0.00331287726507236,0.0906176599999959,"Non-significant",2.47979465348996,"LONP1","LONM_HUMAN"
0.126300569999998,10.9963454025,5.07475241033616,0.00133712280590623,0.00694601896553935,-1.94997716664575,"UT14A_HUMAN",35,5.72170227289197,0.000534522035577184,0.00332508209437644,0.126300569999998,"Non-significant",2.47819762774597,"UTP14A","UT14A_HUMAN"
-0.118244407499997,11.47951400125,-5.2829528765379,0.00105824828330328,0.00585300182412292,-1.69169946274553,"STRN3_HUMAN",24,-5.72037882665897,0.000535303094485274,0.00332748509101502,-0.118244407499997,"Non-significant",2.47788388172989,"STRN3","STRN3_HUMAN"
-0.203256844999999,11.147613405,-5.5678488656361,0.000775670523439816,0.00466871643963999,-1.34798670833605,"ITIH3_HUMAN",19,-5.71411842608466,0.000539014942214844,0.00334808912890856,-0.203256844999999,"Non-significant",2.4752029892457,"ITIH3","ITIH3_HUMAN"
0.297779321499998,9.5144313575,5.44042419561854,0.000890110658541609,0.00516717819617577,-1.5003479845425,"ZSWM8_HUMAN",41,5.71332025681433,0.000539490225903137,0.00334857372175077,0.297779321499998,"Non-significant",2.47514013525338,"ZSWIM8","ZSWM8_HUMAN"
0.171391965,11.6585931775,5.34292808300489,0.00099037304362429,0.00561011719402496,-1.61841812226703,"FOXK1_HUMAN",28,5.71143968378379,0.000540611878678168,0.00335223617301354,0.171391965,"Non-significant",2.47466539188443,"FOXK1","FOXK1_HUMAN"
0.211994170000001,10.935616255,5.59592843528445,0.000752713879512167,0.0045661966657467,-1.31470687514336,"TYY1_HUMAN",18,5.710998001145,0.000540875690508769,0.00335223617301354,0.211994170000001,"Non-significant",2.47466539188443,"YY1","TYY1_HUMAN"
-0.0925204752500015,9.713410019875,-4.96237341867196,0.00152083776871306,0.0076440915637939,-2.09191882688336,"RN214_HUMAN",27,-5.70755429191714,0.000542937465374616,0.00335999769186357,-0.0925204752500015,"Non-significant",2.47366102094684,"RNF214","RN214_HUMAN"
0.268136265000004,10.7918044325,6.68384645425211,0.000252966258726243,0.00214296743196332,-0.103065027845476,"ARGL1_HUMAN",8,5.70707921691006,0.000543222577816864,0.00335999769186357,0.268136265000004,"Non-significant",2.47366102094684,"ARGLU1","ARGL1_HUMAN"
0.241747856250001,9.810752153375,5.55594629796338,0.000785635711780455,0.00470655537640189,-1.36212559198801,"CCPG1_HUMAN",19,5.70691051203272,0.000543323864516556,0.00335999769186357,0.241747856250001,"Non-significant",2.47366102094684,"CCPG1","CCPG1_HUMAN"
0.231298447499995,18.34598398125,5.70342299269752,0.000671562639801689,0.00420862564378322,-1.1882786396267,"PPIB_HUMAN",15,5.70556317265616,0.000544133527122193,0.00336253775668106,0.231298447499995,"Non-significant",2.47333283043156,"PPIB","PPIB_HUMAN"
0.37545251825,7.982245445375,5.68592983245622,0.000684077877367785,0.00426486126355996,-1.20874824625109,"ORC5_HUMAN",12,5.69869087135417,0.000548284138436124,0.00338570476401325,0.37545251825,"Non-significant",2.47035091537952,"ORC5","ORC5_HUMAN"
0.402009727249999,10.066533923875,5.9594110351317,0.000514793418384094,0.00346028207620377,-0.893321201381564,"METL5_HUMAN",8,5.69472715298442,0.000550693983159574,0.00339556087204431,0.402009727249999,"Non-significant",2.46908847955271,"METTL5","METL5_HUMAN"
0.2241222875,10.81249368375,6.39537871840517,0.000333308956798026,0.00258841011995019,-0.410130257600691,"PXDC1_HUMAN",10,5.69447388219806,0.000550848363188665,0.00339556087204431,0.2241222875,"Non-significant",2.46908847955271,"PXDC1","PXDC1_HUMAN"
-0.209602357500001,11.60213971125,-6.05864385312364,0.000465384205279477,0.00322327318512795,-0.781254042481392,"FHR1_HUMAN",12,-5.69407962895258,0.000551088773633482,0.00339556087204431,-0.209602357500001,"Non-significant",2.46908847955271,"CFHR1","FHR1_HUMAN"
-0.123050690000001,13.56362915,-5.10876754964675,0.00128646611362459,0.00674354656202838,-1.90736551059795,"C1S_HUMAN",30,-5.69102118510752,0.000552957717438942,0.00340362437418744,-0.123050690000001,"Non-significant",2.46805837491501,"C1S","C1S_HUMAN"
0.447299002500001,12.82634019875,7.10133265552671,0.000172370273878877,0.00169139585392905,0.32451660365451,"NDUA3_HUMAN",4,5.69061728762465,0.00055320505310675,0.00340362437418744,0.447299002500001,"Non-significant",2.46805837491501,"NDUFA3","NDUA3_HUMAN"
-0.139719722499997,13.93812310625,-5.17707318018458,0.00119103882956662,0.00637413732978861,-1.82228823441124,"ANT3_HUMAN",31,-5.68827475979777,0.000554641966273551,0.00340997602751259,-0.139719722499997,"Non-significant",2.46724867413231,"SERPINC1","ANT3_HUMAN"
0.430116412499999,13.21425187625,6.24380881516687,0.0003867186747118,0.00284934589960294,-0.575451413836899,"RL36A_HUMAN",6,5.68406892314838,0.000557232203477421,0.0034234039672822,0.430116412499999,"Non-significant",2.46554185037718,"RPL36A","RL36A_HUMAN"
0.203182935000001,14.0037761925,5.32567850436951,0.00100938615684794,0.00567965014423984,-1.6394437946349,"DJC11_HUMAN",34,5.68058615336691,0.0005593872502321,0.0034341406643892,0.203182935000001,"Non-significant",2.46418191985743,"DNAJC11","DJC11_HUMAN"
0.1009280675,12.39426386125,4.62237775735513,0.00226977265855255,0.0103025922126761,-2.5323052852272,"PO210_HUMAN",61,5.6790033133539,0.000560369713779402,0.00343766835330901,0.1009280675,"Non-significant",2.46373602388961,"NUP210","PO210_HUMAN"
0.1398658725,12.88064074625,5.15001972270462,0.00122786289730407,0.00650921783734341,-1.8559061012958,"HEM1_HUMAN",32,5.67093899195797,0.000565404915848916,0.00346603493504765,0.1398658725,"Non-significant",2.4601670642355,"ALAS1","HEM1_HUMAN"
0.167304280000002,10.2602754825,5.18269681043502,0.00118353881862801,0.00635417114790796,-1.81531291311706,"Z3H7B_HUMAN",42,5.67005618423087,0.000565959153436095,0.00346647031112081,0.167304280000002,"Non-significant",2.46011251500123,"ZC3H7B","Z3H7B_HUMAN"
-0.0785484299999997,15.525563955,-4.7085647700301,0.00204746215212047,0.00950857216541238,-2.41910533184325,"PRS10_HUMAN",28,-5.66947050097196,0.000566327183948413,0.00346647031112081,-0.0785484299999997,"Non-significant",2.46011251500123,"PSMC6","PRS10_HUMAN"
0.401829240250001,10.140363214875,5.92846210498167,0.00053138030116584,0.00354834731500606,-0.92852999605404,"RHBL4_HUMAN",8,5.66886220594711,0.000566709703253585,0.00346647031112081,0.401829240250001,"Non-significant",2.46011251500123,"RHBDD1","RHBL4_HUMAN"
0.274644135000003,13.0395218125,5.42509732664272,0.000905096760791276,0.00522896545353644,-1.51882293627062,"FLOT2_HUMAN",28,5.66763262087886,0.000567483785954364,0.00346868805787479,0.274644135000003,"Non-significant",2.45983475488125,"FLOT2","FLOT2_HUMAN"
0.317826985999998,9.28425467,5.49924893345596,0.000835100788651946,0.00492586742305616,-1.42973798051865,"NOG2_HUMAN",20,5.66611387129841,0.000568441525207046,0.00347202435939869,0.317826985999998,"Non-significant",2.45941723651533,"GNL2","NOG2_HUMAN"
0.246473789000001,8.7889294625,5.43548981256721,0.000894905028768996,0.00518786415921174,-1.50629237084156,"SYNJ2_HUMAN",23,5.64972468453074,0.00057889115261224,0.00353329002561084,0.246473789000001,"Non-significant",2.45182071259268,"SYNJ2","SYNJ2_HUMAN"
0.4750487835,9.87696945825,5.57696116798147,0.000768136429807422,0.00463466139359109,-1.33717522191679,"S28A1_HUMAN",12,5.64830330276449,0.000579807371514708,0.00353632151555533,0.4750487835,"Non-significant",2.45144825664432,"SLC28A1","S28A1_HUMAN"
0.133198502500001,13.87164270875,5.14763477936736,0.00123116921492269,0.00652264318829877,-1.85887465898327,"COQ8A_HUMAN",29,5.64712111784897,0.000580570625519262,0.00353841634309607,0.133198502500001,"Non-significant",2.45119106773181,"COQ8A","COQ8A_HUMAN"
1.80131685725,7.533371388875,5.75023638555523,0.000639306658416093,0.00406695533870887,-1.13369898274644,"CXL11_HUMAN",1,5.64337165065275,0.000582998748642382,0.00355064772565508,1.80131685725,"Up in D1CM",2.44969241370044,"CXCL11","CXL11_HUMAN"
-0.118699552500003,10.43269634125,-4.91839804260534,0.00160018927051827,0.00793878479175899,-2.14794984390061,"PPR21_HUMAN",39,-5.64203896849716,0.000583864483725612,0.00355335287604562,-0.118699552500003,"Non-significant",2.44936166149193,"PPP1R21","PPR21_HUMAN"
0.234136820749999,10.028996587125,5.87751018760812,0.00056000207927885,0.00368931951202738,-0.98676348395376,"COAC_HUMAN",12,5.64034880498741,0.00058496448932186,0.00355589713101876,0.234136820749999,"Non-significant",2.44905081127807,"PPCDC","COAC_HUMAN"
0.695834636750002,7.783731937375,5.57526055729822,0.000769536301853942,0.00463978647233682,-1.33919210060082,"TAF6L_HUMAN",9,5.64010052618729,0.000585126268919565,0.00355589713101876,0.695834636750002,"Up in D1CM",2.44905081127807,"TAF6L","TAF6L_HUMAN"
0.442093849249998,8.309601306875,6.13641987243876,0.000430349643743959,0.00305853047817692,-0.694288752878935,"MFSD9_HUMAN",6,5.63920432943959,0.000585710646264061,0.00355688403267995,0.442093849249998,"Non-significant",2.44893029415867,"MFSD9","MFSD9_HUMAN"
0.505717754499999,8.207546234,5.95813733871072,0.00051546453980255,0.00346203235537505,-0.894767788853342,"ABT1_HUMAN",6,5.63760277627991,0.000586756567621422,0.00356067034447873,0.505717754499999,"Up in D1CM",2.44846823250407,"ABT1","ABT1_HUMAN"
-0.13680005,11.57721436,-5.15265079062135,0.00122422677904761,0.0065006870713605,-1.85263211541575,"WDR26_HUMAN",29,-5.63347549673781,0.000589461482283832,0.00357451139148951,-0.13680005,"Non-significant",2.44678331455726,"WDR26","WDR26_HUMAN"
0.252310037499999,10.68605410875,5.39616561550565,0.000934155241019523,0.0053601587371709,-1.55378465401577,"ATE1_HUMAN",25,5.62684090275798,0.000593838550077179,0.00359678576135665,0.252310037499999,"Non-significant",2.44408542969096,"ATE1","ATE1_HUMAN"
-0.125385525,11.936386465,-6.32166221235621,0.000358177812978579,0.00270025754482461,-0.490185981790473,"DIAC_HUMAN",14,-5.62661516092256,0.000593988110073373,0.00359678576135665,-0.125385525,"Non-significant",2.44408542969096,"CTBS","DIAC_HUMAN"
-0.133083104999999,15.1933094275,-6.19918194627569,0.000404219790381318,0.00293468442129555,-0.624662381136926,"PSMD4_HUMAN",14,-5.62241347839173,0.000596779447073788,0.00361109401248023,-0.133083104999999,"Non-significant",2.44236120485207,"PSMD4","PSMD4_HUMAN"
-0.0603876100000029,13.407606125,-3.76373581453219,0.00673129603163108,0.0225330000995307,-3.71727888663801,"PLAK2_HUMAN",53,-5.61907007055211,0.000599010955345191,0.00361992123124834,-0.0603876100000029,"Non-significant",2.44130087952384,"PALM2AKAP2","PLAK2_HUMAN"
-0.102747917500007,14.69544362875,-5.40826812445881,0.000921875476526295,0.00530771065002742,-1.53914577559712,"CDC37_HUMAN",20,-5.61852300391941,0.000599376963782661,0.00361992123124834,-0.102747917500007,"Non-significant",2.44130087952384,"CDC37","CDC37_HUMAN"
0.1213789,14.417538405,4.93197984558499,0.00157520351879933,0.00784715748224558,-2.13061531442269,"GYS2_HUMAN",38,5.61829939344951,0.000599526638844784,0.00361992123124834,0.1213789,"Non-significant",2.44130087952384,"GYS2","GYS2_HUMAN"
0.322620152500001,12.58652484375,6.41616133736687,0.000326651189272557,0.00257001205652778,-0.387678762026011,"NDUAB_HUMAN",7,5.61362708693735,0.000602663541321218,0.0036362569719374,0.322620152500001,"Non-significant",2.43934543305433,"NDUFA11","NDUAB_HUMAN"
0.169831039999995,11.62910998,5.21819849009765,0.0011373830616531,0.00616131222793958,-1.77138005929163,"RM37_HUMAN",31,5.61253723101424,0.000603397856357956,0.00363808335568041,0.169831039999995,"Non-significant",2.43912735461357,"MRPL37","RM37_HUMAN"
0.460511920000002,10.3758779775,6.80701966541348,0.000225475266379354,0.00199426130148119,0.0251105905370839,"LLPH_HUMAN",4,5.603695635464,0.000609391750342954,0.00366916241389796,0.460511920000002,"Non-significant",2.4354330639599,"LLPH","LLPH_HUMAN"
0.285567522000001,8.89328658575,5.54212578322969,0.000797385725196187,0.00476340487432932,-1.37856672450749,"NGRN_HUMAN",15,5.60364963238325,0.000609423108252124,0.00366916241389796,0.285567522000001,"Non-significant",2.4354330639599,"NGRN","NGRN_HUMAN"
0.180668829999998,14.397052525,5.29366754860029,0.00104575276675579,0.00580675235242724,-1.67857113221983,"TF3C4_HUMAN",26,5.60223413293559,0.000610388852449002,0.00366989450737637,0.180668829999998,"Non-significant",2.43534641954159,"GTF3C4","TF3C4_HUMAN"
0.355655909999999,14.33406031,5.97694347674076,0.000505653800734098,0.00341792773567579,-0.873430000702517,"CISD2_HUMAN",8,5.60219513656274,0.00061041548218551,0.00366989450737637,0.355655909999999,"Non-significant",2.43534641954159,"CISD2","CISD2_HUMAN"
0.176992897499996,10.64901351875,5.25772642742181,0.00108832680397592,0.00596456868056764,-1.72267144717592,"VPS52_HUMAN",28,5.60017971546384,0.000611793516180824,0.00367555776756106,0.176992897499996,"Non-significant",2.43467674719384,"VPS52","VPS52_HUMAN"
0.137284279999999,12.9141016025,4.93766405803699,0.00156487482972289,0.00781417650458189,-2.12336830980957,"FARP1_HUMAN",54,5.59912556367091,0.000612515655686004,0.00367727525767616,0.137284279999999,"Non-significant",2.43447386036349,"FARP1","FARP1_HUMAN"
0.342512130749999,8.609045267125,5.44276491126967,0.000887846346040769,0.00515758570005351,-1.4975293170696,"NOA1_HUMAN",19,5.59675781763841,0.000614141099065958,0.00368440948329321,0.342512130749999,"Non-significant",2.43363210853708,"NOA1","NOA1_HUMAN"
0.196426867500005,10.30993843125,5.84877826234919,0.000576897403115213,0.00376659040345324,-1.01974952603446,"RM02_HUMAN",13,5.59214672249137,0.000617320280770739,0.00370084825506157,0.196426867500005,"Non-significant",2.43169872180586,"MRPL2","RM02_HUMAN"
-0.1744983195,9.6735738515,-5.08377835191556,0.00132346908867596,0.00689440578483246,-1.93865425190833,"DOCK5_HUMAN",67,-5.59084695737525,0.000618219702524089,0.00370360616387743,-0.1744983195,"Non-significant",2.43137520178184,"DOCK5","DOCK5_HUMAN"
0.712103845000001,10.637016775,8.28998610538125,6.32735689222785e-05,0.000930772971109748,1.4434765275962,"C56D2_HUMAN",1,5.59007181296658,0.000618756782053559,0.00370419099142717,0.712103845000001,"Up in D1CM",2.43130662879775,"CYB561D2","C56D2_HUMAN"
-0.123716114999999,12.9504402875,-4.8878964397386,0.0016579133082324,0.00814549143940694,-2.18697489306441,"EMC1_HUMAN",43,-5.58877750067933,0.000619654730056269,0.00370489106628783,-0.123716114999999,"Non-significant",2.43122455691693,"EMC1","EMC1_HUMAN"
0.138541699499998,9.89916276975,4.88723378395949,0.00165919265270436,0.00814549143940694,-2.18782419370633,"UBR5_HUMAN",81,5.58863625813807,0.000619752806200717,0.00370489106628783,0.138541699499998,"Non-significant",2.43122455691693,"UBR5","UBR5_HUMAN"
0.242908242499999,10.23755753125,5.31599281791851,0.00102023945851784,0.00571781808234499,-1.65126776988113,"C1TM_HUMAN",30,5.58652352439816,0.000621221896758624,0.00371104136624978,0.242908242499999,"Non-significant",2.43050420462888,"MTHFD1L","C1TM_HUMAN"
0.308569667499999,10.33035600125,5.50890891076804,0.000826433752667901,0.00488842814121946,-1.41818759823294,"TF2H2_HUMAN",15,5.58515377486625,0.000622176407937982,0.00371247890505726,0.308569667499999,"Non-significant",2.43033600540355,"GTF2H2","TF2H2_HUMAN"
-0.289040804000001,9.68562901025,-5.35557885187594,0.000976681607855596,0.00555121326541795,-1.60302404943141,"ITB2_HUMAN",28,-5.58491434564441,0.000622343420672192,0.00371247890505726,-0.289040804000001,"Non-significant",2.43033600540355,"ITGB2","ITB2_HUMAN"
0.826869010499999,7.048703432,5.4594833521473,0.000871858494721619,0.00509175822924341,-1.4774188517056,"TGFB2_HUMAN",11,5.58152586641183,0.000624712355477064,0.00372126592100437,0.826869010499999,"Up in D1CM",2.42930929426271,"TGFB2","TGFB2_HUMAN"
0.40133071,10.371626975,6.22502056792997,0.000393981431217006,0.00288269920462513,-0.596139670506068,"PPIC_HUMAN",6,5.5814928849651,0.00062473546217061,0.00372126592100437,0.40133071,"Non-significant",2.42930929426271,"PPIC","PPIC_HUMAN"
0.0804524374999964,11.36457157125,4.23122930293152,0.00367382419455781,0.0146553072105669,-3.05938985050196,"NU153_HUMAN",60,5.58091441776734,0.000625140887903925,0.00372126592100437,0.0804524374999964,"Non-significant",2.42930929426271,"NUP153","NU153_HUMAN"
0.18806124,13.99782729,5.52193919623831,0.000814900849557275,0.00484400512053475,-1.40262737546948,"EF1A2_HUMAN",17,5.57799071279889,0.000627194452894717,0.00373085535882115,0.18806124,"Non-significant",2.42819158775453,"EEF1A2","EF1A2_HUMAN"
-0.094499112500003,16.40942120625,-5.36013035054657,0.000971807207753977,0.00553096755851335,-1.5974909533555,"PSA6_HUMAN",20,-5.57690470001206,0.00062795914825759,0.00373276985942399,-0.094499112500003,"Non-significant",2.42796878528486,"PSMA6","PSA6_HUMAN"
0.155441761000001,9.8520457745,5.32024464280753,0.0010154592053472,0.00570240215980782,-1.64607568311327,"MCE1_HUMAN",22,5.57554617949154,0.000628917174863497,0.00373583006830473,0.155441761000001,"Non-significant",2.42761288674494,"RNGTT","MCE1_HUMAN"
-0.129092697499999,16.38024020125,-5.38220208650201,0.00094854952747803,0.00541688615658016,-1.57069952095769,"HDGF_HUMAN",20,-5.57211934838334,0.000631340950244374,0.00374758652789425,-0.129092697499999,"Non-significant",2.42624833095382,"HDGF","HDGF_HUMAN"
0.352731227750001,8.203117847375,5.36114088292956,0.000970728652080032,0.00552856203269094,-1.59626287151988,"CUL7_HUMAN",29,5.57012265952824,0.000632757950742101,0.00374830526841954,0.352731227750001,"Non-significant",2.4261650466553,"CUL7","CUL7_HUMAN"
-0.280651092499999,10.77556300125,-6.76939099664551,0.000233501177290676,0.00204168197446381,-0.0138633708492968,"IBP4_HUMAN",7,-5.56987626295605,0.00063293305559557,0.00374830526841954,-0.280651092499999,"Non-significant",2.4261650466553,"IGFBP4","IBP4_HUMAN"
0.433995010000004,14.9522153125,6.99033034314529,0.000190548718432055,0.00180183447573295,0.212710824178783,"OSTC_HUMAN",4,5.56961682813533,0.000633117484085995,0.00374830526841954,0.433995010000004,"Non-significant",2.4261650466553,"OSTC","OSTC_HUMAN"
-0.494972943750001,8.390649437875,-5.42520648466581,0.000904989043565918,0.00522896545353644,-1.51869124414153,"DUS16_HUMAN",17,-5.56944340684947,0.000633240799884853,0.00374830526841954,-0.494972943750001,"Non-significant",2.4261650466553,"DUSP16","DUS16_HUMAN"
0.325987342499999,12.93341612875,6.31838328662765,0.000359331226595618,0.00270428831158434,-0.493762161589212,"ERG24_HUMAN",7,5.56697344028619,0.00063500001738078,0.00375507135918849,0.325987342499999,"Non-significant",2.42538180550207,"TM7SF2","ERG24_HUMAN"
-1.1617594955,6.8256159425,-5.518403872988,0.000818012119438237,0.00485907269538048,-1.406846839664,"FBLN4_HUMAN",5,-5.56658824603371,0.000635274855641569,0.00375507135918849,-1.1617594955,"Up in D1BM",2.42538180550207,"EFEMP2","FBLN4_HUMAN"
-0.6987783925,10.98854529875,-6.14923664692405,0.00042486392503215,0.00302816168927113,-0.680030386094547,"H2AX_HUMAN",3,-5.56572867443323,0.000635888638587162,0.00375606540620266,-0.6987783925,"Up in D1BM",2.42526685375801,"H2AX","H2AX_HUMAN"
0.125496622499996,13.83706796125,4.83971435398262,0.0017538420405484,0.00848143118748276,-2.24889126971917,"P5CS_HUMAN",51,5.56127852322675,0.00063907678921283,0.00377021703400422,0.125496622499996,"Non-significant",2.4236336487445,"ALDH18A1","P5CS_HUMAN"
0.380846502499999,14.41101646375,5.64233765431864,0.000716410385540624,0.00440775411658535,-1.25993440003712,"GHITM_HUMAN",10,5.5611362011838,0.00063917904159355,0.00377021703400422,0.380846502499999,"Non-significant",2.4236336487445,"GHITM","GHITM_HUMAN"
0.3359010225,14.46217143375,7.43582655995853,0.000128350374110233,0.00139956701600926,0.653523125532963,"RS24_HUMAN",5,5.55886538478181,0.000640812973551461,0.00377721157626941,0.3359010225,"Non-significant",2.4228286879729,"RPS24","RS24_HUMAN"
-0.159884210000001,11.1489588025,-5.47655986562841,0.00085585779787745,0.00502388870705196,-1.45691695438378,"GID8_HUMAN",18,-5.55706103085658,0.000642114558108611,0.00378149636038518,-0.159884210000001,"Non-significant",2.42233631326745,"GID8","GID8_HUMAN"
0.290049791749999,8.599569439875,5.27455620594462,0.00106815633834435,0.00588079018674365,-1.70199874275787,"SZT2_HUMAN",55,5.5566144460267,0.000642437156017509,0.00378149636038518,0.290049791749999,"Non-significant",2.42233631326745,"SZT2","SZT2_HUMAN"
0.281714443499999,10.17488265075,5.64689805316683,0.000712949493405361,0.00439608725670357,-1.25456771109647,"SPOUT_HUMAN",12,5.55222620465099,0.000645616611427481,0.00379755925870359,0.281714443499999,"Non-significant",2.42049544049949,"SPOUT1","SPOUT_HUMAN"
0.179406402500003,11.21596038375,5.8864941545099,0.000554832983788917,0.00367669369964218,-0.976471277238227,"RM03_HUMAN",13,5.54728069881731,0.000649220668150173,0.00381609554521465,0.179406402500003,"Non-significant",2.41838076021531,"MRPL3","RM03_HUMAN"
0.1347410675,12.43092429625,5.420871912644,0.00090927736982379,0.00524951982893474,-1.52392187800899,"USE1_HUMAN",19,5.54431276970487,0.000651394221072332,0.00382620340726041,0.1347410675,"Non-significant",2.41723194588671,"USE1","USE1_HUMAN"
0.232769012499997,9.11199235925,5.28751884644502,0.00105290327797375,0.00583230525798557,-1.68610298743083,"MAST3_HUMAN",27,5.5424311359635,0.000652776390383271,0.00383165194605891,0.232769012499997,"Non-significant",2.41661394760266,"MAST3","MAST3_HUMAN"
-0.248009202000002,10.089920759,-5.82879934364836,0.000588980504570519,0.00383064558103773,-1.04274976782545,"DJC12_HUMAN",11,-5.53884664311339,0.000655418377473861,0.00384448260523812,-0.248009202000002,"Non-significant",2.41516209976624,"DNAJC12","DJC12_HUMAN"
0.480718377499999,14.73327672375,6.53243949750204,0.000292039163255918,0.00238444868779489,-0.263013189378652,"RL29_HUMAN",4,5.53427882345103,0.000658802258801241,0.00386164411643648,0.480718377499999,"Non-significant",2.41322775266681,"RPL29","RL29_HUMAN"
0.16792845875,9.929542184625,5.16795785908405,0.00120330771263611,0.00641535781771647,-1.83360390354823,"STK10_HUMAN",29,5.53352717501608,0.000659360932584883,0.00386223300956079,0.16792845875,"Non-significant",2.41316152866282,"STK10","STK10_HUMAN"
0.300764084999997,15.1255648125,7.06763617963004,0.000177674230215909,0.00172536415494227,0.290717263619175,"RS29_HUMAN",6,5.53153888438418,0.000660841282344829,0.00386766449873689,0.300764084999997,"Non-significant",2.41255120590928,"RPS29","RS29_HUMAN"
-0.199300287499998,11.40593552625,-5.76214103408998,0.000631381751833937,0.00403787313065877,-1.11986543279492,"CEBPB_HUMAN",13,-5.5310499111729,0.000661205901373811,0.00386766449873689,-0.199300287499998,"Non-significant",2.41255120590928,"CEBPB","CEBPB_HUMAN"
0.22105264625,9.613808870375,5.59199141729876,0.000755886573692774,0.00457125407750696,-1.31936663793255,"TOE1_HUMAN",14,5.52603536462844,0.000664958008974626,0.00388691474178025,0.22105264625,"Non-significant",2.41039498537348,"TOE1","TOE1_HUMAN"
0.317684885,10.3815609225,7.75954365817938,9.74442600295446e-05,0.00118027045991705,0.961088404142565,"CERS6_HUMAN",5,5.52404078708649,0.000666456970105401,0.00389297699308276,0.317684885,"Non-significant",2.4097181628903,"CERS6","CERS6_HUMAN"
-0.463907718499998,9.27069902425,-5.35020307681982,0.000982473757585469,0.00558037149776814,-1.6095628618555,"PEG10_HUMAN",23,-5.52169873899536,0.000668221825125719,0.00390058293904757,-0.463907718499998,"Non-significant",2.40887048315481,"PEG10","PEG10_HUMAN"
0.336402416000002,8.632898569,5.53324134358542,0.000805042300418441,0.00479894027597386,-1.38914941988348,"F264_HUMAN",12,5.51997603930063,0.000669523262053458,0.00390456311895072,0.336402416000002,"Non-significant",2.4084275522203,"PFKFB4","F264_HUMAN"
0.0801393974999982,12.62101495125,4.26063906975503,0.00354038235450361,0.0142375395353583,-3.01900414144666,"NSUN2_HUMAN",49,5.51957036333508,0.000669830142365968,0.00390456311895072,0.0801393974999982,"Non-significant",2.4084275522203,"NSUN2","NSUN2_HUMAN"
0.246148109749999,9.786884307875,5.39330839264975,0.000937080749711507,0.00536958099205866,-1.55724360466367,"LPIN1_HUMAN",18,5.51877611587322,0.000670431413734422,0.00390536723314958,0.246148109749999,"Non-significant",2.408338121881,"LPIN1","LPIN1_HUMAN"
0.626965642000002,7.8093319535,5.55621024399145,0.000785413190400713,0.00470655537640189,-1.36181184758897,"MEN1_HUMAN",7,5.51277505537182,0.000674993718200689,0.0039292279355757,0.626965642000002,"Up in D1CM",2.40569277691702,"MEN1","MEN1_HUMAN"
0.129101514999995,11.0818010575,5.14223665514836,0.00123868928744923,0.0065542448235465,-1.8655966920958,"LMCD1_HUMAN",24,5.50808760992762,0.000678581189058134,0.00394738498452106,0.129101514999995,"Non-significant",2.40369051523114,"LMCD1","LMCD1_HUMAN"
0.415397644000002,9.545575142,5.31300316562576,0.00102361562654676,0.00573265739739514,-1.65492005879578,"MICA2_HUMAN",30,5.50713938836354,0.000679309453565166,0.00394889612696606,0.415397644000002,"Non-significant",2.40352428993496,"MICAL2","MICA2_HUMAN"
0.197044371500002,9.98992085425,5.12315667905966,0.00126568006538202,0.00667193075116011,-1.88938886554701,"SIN3A_HUMAN",42,5.50049165635963,0.000684439415272402,0.00397597507328124,0.197044371500002,"Non-significant",2.40055634700368,"SIN3A","SIN3A_HUMAN"
0.20119380925,9.107768058875,5.27929953381269,0.00106254663444698,0.00585746150318283,-1.69617941851174,"RBM28_HUMAN",22,5.49137317164462,0.000691545705015018,0.00401410242401316,0.20119380925,"Non-significant",2.39641155023014,"RBM28","RBM28_HUMAN"
0.161767954999998,11.81323886,5.22269266006542,0.00113168387850793,0.00614228165611291,-1.76583112313856,"SYYM_HUMAN",23,5.49072891031806,0.000692050867247002,0.00401410242401316,0.161767954999998,"Non-significant",2.39641155023014,"YARS2","SYYM_HUMAN"
0.152352810000002,11.7460992325,5.05335309925004,0.00137012138750418,0.00708078061022238,-1.97686819951296,"LDLR_HUMAN",32,5.49024383966315,0.000692431477579207,0.00401410242401316,0.152352810000002,"Non-significant",2.39641155023014,"LDLR","LDLR_HUMAN"
0.256558418249998,9.345628976875,6.10710518772334,0.000443196520417369,0.0031287298748727,-0.726977833612364,"ELF1_HUMAN",9,5.48923062596274,0.000693227240437805,0.00401595354615138,0.256558418249998,"Non-significant",2.39621131946035,"ELF1","ELF1_HUMAN"
0.4211525925,15.48830270625,5.67058818812618,0.000695267827650936,0.00431547313642838,-1.22673366641237,"RL36_HUMAN",8,5.48545073098584,0.000696204831452244,0.00403043305241137,0.4211525925,"Non-significant",2.39464828830839,"RPL36","RL36_HUMAN"
0.347255467499997,11.34991276375,7.06026450279957,0.000178858828837288,0.00173486889329057,0.283306754258007,"SELT_HUMAN",5,5.48473221162927,0.000696772436033696,0.00403095048958684,0.347255467499997,"Non-significant",2.39459253606458,"SELENOT","SELT_HUMAN"
-0.164817095000002,11.7081881775,-5.61708565835581,0.000735915816149987,0.0044949524741509,-1.28970125149623,"TOR1B_HUMAN",15,-5.48251919270227,0.000698523852978534,0.00403831108145135,-0.164817095000002,"Non-significant",2.39380022928688,"TOR1B","TOR1B_HUMAN"
-0.0942521074999938,16.93764710375,-4.72383602515667,0.0020106323945712,0.0093685021856499,-2.39915872442257,"EF1D_HUMAN",30,-5.48118834739447,0.000699579443250008,0.00404164162244984,-0.0942521074999938,"Non-significant",2.39344219856261,"EEF1D","EF1D_HUMAN"
0.291606665,8.7287408115,5.23589504897456,0.0011151238919231,0.00608374063755327,-1.74954645272566,"ANPRB_HUMAN",34,5.47852432773454,0.000701697763935744,0.00405110304946191,0.291606665,"Non-significant",2.39242670936061,"NPR2","ANPRB_HUMAN"
0.472272155000001,10.3375350225,6.07081147271295,0.000459699007808191,0.00320127452735601,-0.767598632587005,"YIF1B_HUMAN",5,5.47627009432942,0.000703495768692076,0.00405766814479986,0.472272155000001,"Non-significant",2.39172347449724,"YIF1B","YIF1B_HUMAN"
-0.182254552499996,13.53336608375,-8.64656258768549,4.79384195399148e-05,0.000789561129818613,1.75365731609436,"CREL2_HUMAN",8,-5.47589217185024,0.000703797701708079,0.00405766814479986,-0.182254552499996,"Non-significant",2.39172347449724,"CRELD2","CREL2_HUMAN"
0.0743207925000036,15.17231345125,4.14316694725152,0.0041074132137225,0.0158886580901638,-3.1810419996829,"AASS_HUMAN",46,5.47167448247889,0.0007071770542277,0.00407436458652446,0.0743207925000036,"Non-significant",2.38994011160702,"AASS","AASS_HUMAN"
0.117180822499996,15.86440324875,4.73361835325974,0.00198742440077575,0.00930666681896599,-2.38639905025058,"ACSS3_HUMAN",46,5.46845599594052,0.000709767857547031,0.00408649813610924,0.117180822499996,"Non-significant",2.38864869483099,"ACSS3","ACSS3_HUMAN"
-0.191506862500002,12.34498071625,-5.16371606242644,0.00120906471419384,0.00643790680728986,-1.83887359279748,"EMAL2_HUMAN",28,-5.46608053643611,0.000711686762228253,0.00409474929612419,-0.191506862500002,"Non-significant",2.38777268307155,"EML2","EMAL2_HUMAN"
-0.127216812499999,17.67813181875,-4.85105247603656,0.0017307288864752,0.00838502368305369,-2.23429142154486,"HS90A_HUMAN",39,-5.46447838043193,0.00071298422175676,0.00409941610176517,-0.127216812499999,"Non-significant",2.3872779973876,"HSP90AA1","HS90A_HUMAN"
0.537986278749999,8.408883333125,6.13202450311047,0.000432249090527508,0.00306944194107528,-0.699183221418568,"S35D2_HUMAN",4,5.4627961712209,0.00071434931946736,0.00410446517640789,0.537986278749999,"Up in D1CM",2.38674342467535,"SLC35D2","S35D2_HUMAN"
-0.25299978,10.6250612725,-5.71088176477091,0.000666304067198193,0.00419169351397947,-1.17956308626002,"CSN7B_HUMAN",11,-5.45815021215071,0.000718134477540289,0.00412308043394239,-0.25299978,"Non-significant",2.38477819280558,"COPS7B","CSN7B_HUMAN"
0.1638925075,11.59927260875,5.71364521406476,0.000664367438571816,0.00418844662656831,-1.1763358720445,"YKT6_HUMAN",14,5.45740883463225,0.000718740537840319,0.00412308043394239,0.1638925075,"Non-significant",2.38477819280558,"YKT6","YKT6_HUMAN"
-0.435324904999995,11.2941142325,-6.74626944234501,0.0002385914338735,0.0020594963426947,-0.0378911152516661,"PFD4_HUMAN",4,-5.45702245506336,0.000719056618566297,0.00412308043394239,-0.435324904999995,"Non-significant",2.38477819280558,"PFDN4","PFD4_HUMAN"
0.435230257499999,11.48682618125,6.74462021581148,0.000238959238718166,0.0020594963426947,-0.0396073003967601,"RPAB5_HUMAN",4,5.45574484904824,0.000720102866285252,0.00412627264440407,0.435230257499999,"Non-significant",2.38444207930804,"POLR2L","RPAB5_HUMAN"
0.290087937500001,14.89321553625,5.33672581132668,0.0009971632541505,0.0056372160088763,-1.62597340435559,"LEG4_HUMAN",17,5.45236061548919,0.000722882383916103,0.00413938560735655,0.290087937500001,"Non-significant",2.38306411470902,"LGALS4","LEG4_HUMAN"
0.21629333525,9.771476745625,5.30631502640311,0.00103121342499484,0.00576017094717131,-1.66309505303497,"FMT_HUMAN",19,5.44890922184512,0.000725729257524631,0.00415286619937211,0.21629333525,"Non-significant",2.38165206113921,"MTFMT","FMT_HUMAN"
-0.274338483750004,8.419952273375,-5.2313214477308,0.0011208300224902,0.00609660924382302,-1.75518507705013,"MRC1_HUMAN",26,-5.44736905688634,0.000727003648336278,0.0041573363309542,-0.274338483750004,"Non-significant",2.3811848393935,"MRC1","MRC1_HUMAN"
0.173271420000003,10.496118425,5.11034589179213,0.001284167734525,0.0067399623800784,-1.90539223312075,"TRM2A_HUMAN",28,5.44045455612955,0.000732755470096328,0.00418292409243071,0.173271420000003,"Non-significant",2.37852001649458,"TRMT2A","TRM2A_HUMAN"
0.137736557499998,10.23547160625,4.9246294079814,0.00158867177250342,0.00790490812894414,-2.1399934606165,"RNF31_HUMAN",35,5.44043857916145,0.00073276881852077,0.00418292409243071,0.137736557499998,"Non-significant",2.37852001649458,"RNF31","RNF31_HUMAN"
0.735755205749999,9.901822209625,5.38757901604746,0.000942977764050378,0.00539237420161508,-1.56418295434097,"PXMP4_HUMAN",8,5.44020140407025,0.00073296700492587,0.00418292409243071,0.735755205749999,"Up in D1CM",2.37852001649458,"PXMP4","PXMP4_HUMAN"
-0.157349349999997,13.97386396,-4.99332471233928,0.00146759838216825,0.00744486370588197,-2.05264702951475,"NHRF3_HUMAN",36,-5.43826839295949,0.000734584459249243,0.00418609978842237,-0.157349349999997,"Non-significant",2.37819042314386,"PDZK1","NHRF3_HUMAN"
0.1931555225,12.93199622625,5.18973232118322,0.00117422945270842,0.00631626040643219,-1.80659257875537,"GNA13_HUMAN",24,5.43747158925073,0.000735252333439953,0.00418609978842237,0.1931555225,"Non-significant",2.37819042314386,"GNA13","GNA13_HUMAN"
0.403031826249999,9.411732435125,5.78698717007002,0.000615191852916861,0.00395836040323376,-1.09105345121341,"S35B3_HUMAN",7,5.43718916978888,0.000735489215828011,0.00418609978842237,0.403031826249999,"Non-significant",2.37819042314386,"SLC35B3","S35B3_HUMAN"
0.127862214999997,11.9609950775,4.76915827939673,0.00190556135432466,0.00901851580887286,-2.3401575079782,"NU133_HUMAN",51,5.43716439543419,0.000735509999602982,0.00418609978842237,0.127862214999997,"Non-significant",2.37819042314386,"NUP133","NU133_HUMAN"
-0.123606205000002,15.05987382,-5.09561928803372,0.00130579062345677,0.00682933507350081,-1.92381736961333,"EIF3I_HUMAN",23,-5.43160986941405,0.000740186216742836,0.00420987153908594,-0.123606205000002,"Non-significant",2.37573115611618,"EIF3I","EIF3I_HUMAN"
0.147601602500004,11.88842582625,4.86444807147099,0.0017038539693728,0.00830713955514759,-2.21706585117009,"JAK1_HUMAN",56,5.43058264154222,0.000741054602480442,0.00421196847222363,0.147601602500004,"Non-significant",2.37551488829152,"JAK1","JAK1_HUMAN"
0.217657565000001,11.2055008425,6.97415165357995,0.000193373639799733,0.00182524793938628,0.196303054275031,"MTFP1_HUMAN",8,5.42833977918575,0.000742954555079475,0.00421992179566368,0.217657565000001,"Non-significant",2.37469559738582,"MTFP1","MTFP1_HUMAN"
0.264639377500002,10.65204668125,6.72701112450688,0.00024292621924858,0.00207951579192787,-0.0579506344764873,"SIM12_HUMAN",7,5.42767714548444,0.00074351690688945,0.00422027205937453,0.264639377500002,"Non-significant",2.37465955138983,"SMIM12","SIM12_HUMAN"
0.393888470750003,9.786082504625,5.35757170208338,0.000974544044139074,0.00554280144942527,-1.60060106103925,"INT12_HUMAN",13,5.42541521281058,0.000745440062007777,0.00422834070165784,0.393888470750003,"Non-significant",2.37383002635784,"INTS12","INT12_HUMAN"
-0.096513035000001,13.44254768,-4.54370281002177,0.00249607862023342,0.0110792241653226,-2.63656806866607,"LRRF1_HUMAN",40,-5.42349263777359,0.000747079000480411,0.00423478742101505,-0.096513035000001,"Non-significant",2.37316838561599,"LRRFIP1","LRRF1_HUMAN"
-0.125195027500002,13.47398543375,-5.6154411862364,0.000737206405865013,0.00449902078895759,-1.29164269747324,"CAB45_HUMAN",16,-5.42138963830407,0.000748876298341111,0.00424212252601964,-0.125195027500002,"Non-significant",2.37241679182942,"SDF4","CAB45_HUMAN"
0.4465179445,9.3636574745,5.24323811863293,0.00110602977157294,0.00604194746894898,-1.74049954198311,"FLRT3_HUMAN",26,5.42054285446358,0.000749601336132854,0.00424337787929068,0.4465179445,"Non-significant",2.37228829192337,"FLRT3","FLRT3_HUMAN"
0.264727831000002,9.79964625825,5.62418908381324,0.00073036982488837,0.00447079684385191,-1.28131917933501,"YRDC_HUMAN",11,5.41809714464452,0.000751699765835713,0.00425240089008673,0.264727831000002,"Non-significant",2.37136579961781,"YRDC","YRDC_HUMAN"
1.5538595915,6.97462159375,5.4486168591178,0.000882213362210736,0.00513548095999606,-1.49048572681325,"CBX7_HUMAN",2,5.41555938149666,0.000753884029323094,0.00426189703766892,1.5538595915,"Up in D1CM",2.37039704652993,"CBX7","CBX7_HUMAN"
0.371687170000001,11.2327750925,5.22764635268414,0.00112543862210368,0.00611437948259911,-1.75971807663944,"HEAT3_HUMAN",26,5.41472662317255,0.000754602312621921,0.00426309845381379,0.371687170000001,"Non-significant",2.37027463745507,"HEATR3","HEAT3_HUMAN"
0.189871549999999,9.504356742,5.24590843277709,0.00110274310539229,0.00602789989322413,-1.73721148427675,"KHNYN_HUMAN",20,5.41340671415714,0.000755742327229091,0.00426667922050503,0.189871549999999,"Non-significant",2.36991000724647,"KHNYN","KHNYN_HUMAN"
0.193546057499999,11.77428591375,6.30118238007571,0.00036545036037621,0.00273391949196972,-0.512543859943249,"S22A9_HUMAN",10,5.40897466596011,0.000759584237508616,0.00428549902139232,0.193546057499999,"Non-significant",2.36799859973413,"SLC22A9","S22A9_HUMAN"
-0.0986387724999993,15.78421986125,-4.54885747158534,0.00248051497396698,0.0110275636685483,-2.62970978812195,"TCPA_HUMAN",41,-5.4077880425839,0.00076061651105377,0.00428845255630249,-0.0986387724999993,"Non-significant",2.36769939021499,"TCP1","TCPA_HUMAN"
0.350694656999998,9.77286768,5.18590741643763,0.00117928044525733,0.00633534408736397,-1.81133259144717,"INT4_HUMAN",37,5.40256250397335,0.000765180783025514,0.00431130268724737,0.350694656999998,"Non-significant",2.3653914851984,"INTS4","INT4_HUMAN"
-1.630183816,7.5850808025,-5.29798072946269,0.00104076899733124,0.00579434734379462,-1.67329082359866,"TIE1_HUMAN",5,-5.40144292067972,0.000766162612389793,0.00431395100857286,-1.630183816,"Up in D1BM",2.36512479127503,"TIE1","TIE1_HUMAN"
0.224036457500002,11.04728639125,5.05495650798671,0.00136761787477407,0.00707217856838691,-1.97485106744765,"NOTC2_HUMAN",52,5.39027335442162,0.000776034301041463,0.00436661757241555,0.224036457500002,"Non-significant",2.35985484184608,"NOTCH2","NOTC2_HUMAN"
0.0994303225000017,10.44163906625,4.7947026803679,0.00184902076632061,0.00881039493262929,-2.30703293416217,"PNKP_HUMAN",27,5.3878369862569,0.000778206151319032,0.00437591704434164,0.0994303225000017,"Non-significant",2.35893091965592,"PNKP","PNKP_HUMAN"
0.380407330000001,10.588171005,5.23175444169488,0.00112028842396136,0.00609660924382302,-1.75465112995963,"AK17A_HUMAN",19,5.38112864084173,0.000784220877704199,0.00440573472287823,0.380407330000001,"Non-significant",2.35598165604103,"AKAP17A","AK17A_HUMAN"
-0.232728957499997,10.80364966375,-9.05417372861375,3.53130947055098e-05,0.000654383317828076,2.0953111346852,"CD82_HUMAN",6,-5.38075847865693,0.000784554255432461,0.00440573472287823,-0.232728957499997,"Non-significant",2.35598165604103,"CD82","CD82_HUMAN"
0.105857372500004,18.00180935875,4.49384339885075,0.0026522894008236,0.0115119193406499,-2.70310234759195,"PCKGM_HUMAN",64,5.37667811501169,0.000788239510108112,0.00442348257703148,0.105857372500004,"Non-significant",2.35423567896424,"PCK2","PCKGM_HUMAN"
0.209408045000002,10.737745405,5.14420533031238,0.00123594086613641,0.00654381002554257,-1.86314471903738,"IFIT2_HUMAN",24,5.37388259564637,0.000790775350009976,0.00443476076196546,0.209408045000002,"Non-significant",2.35312980369262,"IFIT2","IFIT2_HUMAN"
0.374543667500001,11.97296643375,6.49960625968718,0.000301377439460305,0.00242396034085011,-0.298052334614738,"NU1M_HUMAN",5,5.37286986833442,0.000791696221996411,0.00443697304202643,0.374543667500001,"Non-significant",2.35291320994352,"MT-ND1","NU1M_HUMAN"
0.105064870000001,12.2210087775,4.58396427332196,0.00237731278484413,0.0106587071614102,-2.58310138395758,"NU107_HUMAN",42,5.36918113809027,0.000795060389996913,0.00445129868346648,0.105064870000001,"Non-significant",2.35151326345075,"NUP107","NU107_HUMAN"
-0.527601242249997,8.654936313375,-5.32413710429083,0.00101110476643415,0.00568552506756069,-1.64132461964959,"LIPC_HUMAN",10,-5.36850242315528,0.000795681101512539,0.00445129868346648,-0.527601242249997,"Up in D1BM",2.35151326345075,"LIPC","LIPC_HUMAN"
0.247059345250001,9.760273694875,5.19321661764177,0.00116964911790993,0.00630305710400922,-1.80227644414938,"ANC2_HUMAN",21,5.36833243153391,0.000795836649185429,0.00445129868346648,0.247059345250001,"Non-significant",2.35151326345075,"ANAPC2","ANC2_HUMAN"
0.175596713999997,9.05348205575,5.45038744300805,0.000880516862739909,0.00512914764065977,-1.48835551589858,"MID51_HUMAN",15,5.36615402415983,0.000797832930475005,0.00445950515316566,0.175596713999997,"Non-significant",2.35071332989161,"MIEF1","MID51_HUMAN"
0.2681376925,9.94866597625,9.36179353899294,2.82553076907458e-05,0.000572509587801193,2.34454521209254,"CLN3_HUMAN",5,5.36320609805303,0.000800543189892253,0.00446888674593725,0.2681376925,"Non-significant",2.34980065143446,"CLN3","CLN3_HUMAN"
0.2520089175,13.22432827875,5.16647106293942,0.00120532213954226,0.00642203559684055,-1.83545070056249,"GRN_HUMAN",23,5.36293385526006,0.000800793995500791,0.00446888674593725,0.2520089175,"Non-significant",2.34980065143446,"GRN","GRN_HUMAN"
0.22212481475,8.561338543875,5.15381411439609,0.00122262287867233,0.00649778577826548,-1.85118483550534,"PITM1_HUMAN",23,5.36259976704962,0.000801101895018529,0.00446888674593725,0.22212481475,"Non-significant",2.34980065143446,"PITPNM1","PITM1_HUMAN"
-1.4044702055,7.8869770765,-5.43321983809512,0.000897120222801405,0.00519511909925597,-1.5090280953644,"PGFRB_HUMAN",2,-5.36106237301812,0.000802520458015281,0.00447383924643571,-1.4044702055,"Up in D1BM",2.34931962498686,"PDGFRB","PGFRB_HUMAN"
0.404835700499998,9.94279551475,5.19328537599313,0.00116955893007283,0.00630305710400922,-1.80219128754924,"DDX52_HUMAN",22,5.3588746342812,0.000804543874235289,0.00448176210785346,0.404835700499998,"Non-significant",2.34855119956099,"DDX52","DDX52_HUMAN"
0.181923630000002,10.5112103225,4.97165047662162,0.00150465946079237,0.00758539150419788,-2.08013359561007,"SH319_HUMAN",41,5.35837682103192,0.000805005081420113,0.00448176210785346,0.181923630000002,"Non-significant",2.34855119956099,"SH3D19","SH319_HUMAN"
-0.106298925000001,15.549975395,-6.30414941859192,0.000364386588153192,0.00273014626803845,-0.509301574564485,"PON1_HUMAN",14,-5.35771480766424,0.000805618866029122,0.00448221876023728,-0.106298925000001,"Non-significant",2.34850695100368,"PON1","PON1_HUMAN"
0.20040702825,9.451656341625,5.28168249509792,0.0010597407626055,0.00585412332022343,-1.69325707356045,"DDB2_HUMAN",17,5.35453553846737,0.000808573716698227,0.004495691199241,0.20040702825,"Non-significant",2.34720352730364,"DDB2","DDB2_HUMAN"
0.157864810000001,10.629209875,5.61993346327757,0.000733686787518651,0.00448458733284605,-1.28634001940395,"IYD1_HUMAN",14,5.35202783476894,0.000810912834662218,0.00450393532318709,0.157864810000001,"Non-significant",2.34640785460978,"IYD","IYD1_HUMAN"
0.235204696250001,9.945059299375,5.04772824249568,0.00137894405812844,0.00711329220683269,-1.98394729336875,"CLAP2_HUMAN",45,5.3518006208976,0.000811125141843399,0.00450393532318709,0.235204696250001,"Non-significant",2.34640785460978,"CLASP2","CLAP2_HUMAN"
0.0947840200000041,12.9884206075,4.44759058121198,0.00280684941129862,0.0119908744282484,-2.76514167319836,"PNPT1_HUMAN",43,5.34864247216125,0.000814082448661668,0.00451738048701066,0.0947840200000041,"Non-significant",2.34511332842245,"PNPT1","PNPT1_HUMAN"
0.367090944999998,12.648601175,7.46608457252457,0.000125037149808224,0.00137231528090302,0.682714123131751,"TSPO_HUMAN",4,5.34579149157275,0.000816762330739335,0.0045292695301328,0.367090944999998,"Non-significant",2.34397183432556,"TSPO","TSPO_HUMAN"
0.306649685,9.0831131935,5.18798736964821,0.00117653077439947,0.00632460325090123,-1.80875475610038,"HPS6_HUMAN",20,5.34517490183351,0.000817343194498052,0.00452951070770814,0.306649685,"Non-significant",2.343948709338,"HPS6","HPS6_HUMAN"
-0.236189599999996,10.453511595,-5.07304179486412,0.00133972802695508,0.00695355144039679,-1.95212440358437,"PTPRD_HUMAN",33,-5.34234486884282,0.000820015099022158,0.00454133197743611,-0.236189599999996,"Non-significant",2.34281674943161,"PTPRD","PTPRD_HUMAN"
0.226383690000002,10.75620508,6.14961268959723,0.000424704158353818,0.00302816168927113,-0.67961235661108,"PLCA_HUMAN",9,5.33911423451212,0.000823076994683192,0.00455529611830901,0.226383690000002,"Non-significant",2.34148338633806,"AGPAT1","PLCA_HUMAN"
0.0806152850000021,13.8233393425,4.53123822774604,0.00253415905666331,0.0112010627627767,-2.65316792505446,"BCDO2_HUMAN",28,5.33848724040805,0.000823672699237403,0.00455560182537538,0.0806152850000021,"Non-significant",2.34145424170426,"BCO2","BCDO2_HUMAN"
0.0653347975000038,15.36152148375,3.67241723530504,0.00760538039276544,0.0248471904382248,-3.84913298946433,"LPPRC_HUMAN",100,5.33544202358085,0.000826572713763674,0.00456864354381246,0.0653347975000038,"Non-significant",2.34021272528733,"LRPPRC","LPPRC_HUMAN"
3.9959722755,9.11227720975,5.20415563565614,0.00115539727670006,0.00624685288345403,-1.78873687142165,"CXL10_HUMAN",2,5.33017987876294,0.00083161050819524,0.00459347639159743,3.9959722755,"Up in D1CM",2.33785851136129,"CXCL10","CXL10_HUMAN"
0.1872014975,10.19625234625,5.22734484395104,0.00112581764823749,0.00611437948259911,-1.76009005227015,"CNOT4_HUMAN",18,5.32946116802781,0.000832301199372492,0.00459428081827815,0.1872014975,"Non-significant",2.33778246275412,"CNOT4","CNOT4_HUMAN"
0.160895109,8.97497379775,4.93572790599736,0.0015683845482782,0.00782243393931183,-2.12583626305996,"FIL1L_HUMAN",33,5.32874395875827,0.000832991077873922,0.00459507970903095,0.160895109,"Non-significant",2.33770695067786,"FILIP1L","FIL1L_HUMAN"
1.686012745,6.80608773225,5.19949550550123,0.0011614450297546,0.00627150554503619,-1.79450282094935,"BMP2_HUMAN",7,5.32741855985443,0.000834267628575983,0.00459911173398755,1.686012745,"Up in D1CM",2.33732603924858,"BMP2","BMP2_HUMAN"
0.399782419499997,10.13640153525,5.36384842853143,0.000967845395260422,0.00551772344367616,-1.5929731323894,"LMF1_HUMAN",10,5.32662909410214,0.000835029022605988,0.00460030041277508,0.399782419499997,"Non-significant",2.3372138067205,"LMF1","LMF1_HUMAN"
0.199661731500001,8.391578913,5.2958281404275,0.00104325295628175,0.00580434268547778,-1.67592575738917,"BMAL1_HUMAN",16,5.32531369752636,0.000836299347949973,0.00460428948652536,0.199661731500001,"Non-significant",2.33683737868947,"BMAL1","BMAL1_HUMAN"
0.216647862499999,10.22204530125,5.02657546110088,0.00141268980568407,0.00722252157842646,-2.01060887473956,"IASPP_HUMAN",35,5.32390787370257,0.00083765935684038,0.0046087667877334,0.216647862499999,"Non-significant",2.33641526743699,"PPP1R13L","IASPP_HUMAN"
0.319805622500006,14.81133818625,9.05376109181444,3.53238117940176e-05,0.000654383317828076,2.09497195210175,"HIG1A_HUMAN",4,5.32168152857793,0.000839818135537401,0.00461763017902463,0.319805622500006,"Non-significant",2.33558085219847,"HIGD1A","HIG1A_HUMAN"
0.0856037124999958,17.18114232875,4.61606433861312,0.00228707336176629,0.0103421359261417,-2.5406393179009,"PHB2_HUMAN",27,5.3163672443973,0.000844995963197212,0.00464071529012486,0.0856037124999958,"Non-significant",2.33341507491658,"PHB2","PHB2_HUMAN"
-0.0638749624999981,15.01447594375,-3.93036316540375,0.00540424450398163,0.0192691949763372,-3.47942572592322,"AGM1_HUMAN",38,-5.31624262501917,0.000845117804050499,0.00464071529012486,-0.0638749624999981,"Non-significant",2.33341507491658,"PGM3","AGM1_HUMAN"
0.40915560675,9.732155918875,5.81064330459439,0.000600206182160794,0.00387673403021711,-1.06369655770021,"ZFY21_HUMAN",6,5.31463993699419,0.000846686484992524,0.00464630233203254,0.40915560675,"Non-significant",2.33289253434175,"ZFYVE21","ZFY21_HUMAN"
0.536851407,10.3891835215,5.26293513469644,0.001082039384387,0.00593396875146262,-1.71626917780352,"PX11A_HUMAN",10,5.31282512272384,0.000848466665675455,0.00465304198111803,0.536851407,"Up in D1CM",2.33226302911606,"PEX11A","PX11A_HUMAN"
-0.54631543175,7.734928965625,-5.23256479423941,0.00111927559653694,0.00609660924382302,-1.75365191276796,"BASP1_HUMAN",11,-5.31011054751358,0.000851137139262421,0.00466465211108124,-0.54631543175,"Up in D1BM",2.33118074031439,"BASP1","BASP1_HUMAN"
0.362036469999998,10.6683522475,5.11913000800335,0.00127145912161951,0.00668984328098053,-1.89441653924208,"B3A2_HUMAN",28,5.30915305557414,0.00085208128384397,0.00466679216473088,0.362036469999998,"Non-significant",2.33098153995915,"SLC4A2","B3A2_HUMAN"
0.1813392625,11.41477537125,5.30400192510434,0.001033855681664,0.00576728626124807,-1.66592382447586,"CYRIB_HUMAN",16,5.30744025017571,0.000853773092628325,0.00467302168685984,0.1813392625,"Non-significant",2.33040220346922,"CYRIB","CYRIB_HUMAN"
0.252022267000001,10.083022119,6.18366024693796,0.000410512904255966,0.00295744723929362,-0.641836155248865,"RPA43_HUMAN",8,5.3057966314918,0.000855400043235532,0.00467432438240798,0.252022267000001,"Non-significant",2.33028115232002,"POLR1F","RPA43_HUMAN"
0.196632864999998,10.1664199825,5.82006360045636,0.000594352238274018,0.00385665513195666,-1.05282290904278,"SDHL_HUMAN",11,5.30563208711386,0.000855563106963688,0.00467432438240798,0.196632864999998,"Non-significant",2.33028115232002,"SDS","SDHL_HUMAN"
0.167931079750002,9.791716098875,4.98157640794982,0.00148756003888274,0.00752168180428472,-2.0675375819049,"LRC8E_HUMAN",28,5.30551944376352,0.0008556747564427,0.00467432438240798,0.167931079750002,"Non-significant",2.33028115232002,"LRRC8E","LRC8E_HUMAN"
0.173557282499999,10.36335849625,4.91448493742081,0.00160746906107919,0.00796700543341049,-2.15294903114587,"WDR6_HUMAN",38,5.30032362850037,0.000860842217041576,0.00469818712324052,0.173557282499999,"Non-significant",2.328069689778,"WDR6","WDR6_HUMAN"
0.199158192499997,11.95741152625,5.11593530285011,0.00127606494097514,0.00670988857609449,-1.89840704684463,"GLYR1_HUMAN",21,5.29965003100323,0.000861514652398169,0.00469818712324052,0.199158192499997,"Non-significant",2.328069689778,"GLYR1","GLYR1_HUMAN"
0.202237844749998,10.135319112625,5.47652419983359,0.000855890874756984,0.00502388870705196,-1.45695973306419,"ERAL1_HUMAN",13,5.29944926416974,0.000861715184782281,0.00469818712324052,0.202237844749998,"Non-significant",2.328069689778,"ERAL1","ERAL1_HUMAN"
-0.147667644999995,13.9928869,-4.95994066149172,0.00152511203580158,0.00765644392481926,-2.09501133340697,"TWF1_HUMAN",26,-5.29674937683678,0.000864416920938513,0.00470987086398883,-0.147667644999995,"Non-significant",2.32699100026514,"TWF1","TWF1_HUMAN"
0.511045932750005,8.758690595625,5.69199175960254,0.000679711790074652,0.00424391902114018,-1.2016502957054,"TMM53_HUMAN",5,5.28975153991185,0.00087146309044141,0.00474519534194486,0.511045932750005,"Up in D1CM",2.32374590458916,"TMEM53","TMM53_HUMAN"
0.27874946575,9.184159040625,5.15199545224283,0.00122513133518915,0.0065006870713605,-1.85344749910186,"RFX1_HUMAN",18,5.28079853005357,0.000880570355587194,0.0047916898174593,0.27874946575,"Non-significant",2.3195113030824,"RFX1","RFX1_HUMAN"
0.186945199999998,11.4510449175,4.88620469409298,0.00166118160924671,0.00814549143940694,-2.18914326298328,"TBCD4_HUMAN",53,5.27891072361553,0.000882504041726946,0.00479911391465576,0.186945199999998,"Non-significant",2.31883894127007,"TBC1D4","TBCD4_HUMAN"
-0.113537789999995,12.406692505,-4.54915839409529,0.00247960969144358,0.0110275636685483,-2.62930952806705,"CFAH_HUMAN",50,-5.27295365341755,0.000888636618958786,0.00482934755719123,-0.113537789999995,"Non-significant",2.31611153828599,"CFH","CFAH_HUMAN"
0.0874569400000009,13.31788218,4.41780950841121,0.00291158926834839,0.0123511371894736,-2.80524892786456,"FLOT1_HUMAN",34,5.26960173602636,0.000892107916155933,0.00484508867608142,0.0874569400000009,"Non-significant",2.31469826996917,"FLOT1","FLOT1_HUMAN"
0.103536127500004,11.90240979125,4.40138378504706,0.00297118887424511,0.0124908483895322,-2.82742414440393,"PTN23_HUMAN",64,5.26861632599123,0.00089313126065432,0.00484752311400854,0.103536127500004,"Non-significant",2.314480111437,"PTPN23","PTN23_HUMAN"
0.212524890000001,10.7147905825,5.06608944424977,0.00135037425358659,0.00700018732071425,-1.96085553436962,"INT9_HUMAN",22,5.2598717810656,0.00090226929099708,0.00489253692852305,0.212524890000001,"Non-significant",2.31046588763353,"INTS9","INT9_HUMAN"
0.427560087499998,15.91151845375,5.39866878469821,0.000931600582446589,0.005355879910856,-1.55075523996034,"REEP5_HUMAN",8,5.25957073942285,0.000902585706946653,0.00489253692852305,0.427560087499998,"Non-significant",2.31046588763353,"REEP5","REEP5_HUMAN"
-0.0865335475000037,12.27175974875,-4.28210825499929,0.00344632192248526,0.013959177070941,-2.98959937855707,"CCD93_HUMAN",43,-5.25839445037693,0.00090382324165162,0.00489609646779017,-0.0865335475000037,"Non-significant",2.31015003387389,"CCDC93","CCD93_HUMAN"
0.169843196499997,9.81073355675,4.94099075399327,0.00155886468942575,0.00778877917437442,-2.11912911748381,"NOP14_HUMAN",28,5.25520509474443,0.000907188068965689,0.00490812149512356,0.169843196499997,"Non-significant",2.30908469533202,"NOP14","NOP14_HUMAN"
-0.727175237499999,13.60642337875,-5.28033946913009,0.00106132112665269,0.00585463074381904,-1.69490399686288,"S10A6_HUMAN",6,-5.25518657213628,0.000907207650896014,0.00490812149512356,-0.727175237499999,"Up in D1BM",2.30908469533202,"S100A6","S10A6_HUMAN"
0.349603414499999,8.8714226485,5.28100758136335,0.00106053461976286,0.00585412332022343,-1.69408467422473,"LRWD1_HUMAN",11,5.25110825204453,0.000911530568887931,0.0049281403710896,0.349603414499999,"Non-significant",2.30731693040503,"LRWD1","LRWD1_HUMAN"
0.664247393499998,7.82943898425,5.25367134031222,0.00109324975003307,0.00598765571346896,-1.72765835631388,"ZBT10_HUMAN",7,5.25059403855556,0.000912077230857726,0.0049281403710896,0.664247393499998,"Up in D1CM",2.30731693040503,"ZBTB10","ZBT10_HUMAN"
-0.260606765000002,16.6113376625,-6.42843746049359,0.000322788465213617,0.00255233018131855,-0.374441164405269,"C1QBP_HUMAN",7,-5.246088469756,0.000916882584726904,0.004950931010034,-0.260606765000002,"Non-significant",2.30531312540964,"C1QBP","C1QBP_HUMAN"
-0.1324276925,14.42632579875,-4.92023453333059,0.00159678530291438,0.00793123354052171,-2.14560438654513,"KAP0_HUMAN",24,-5.24213789246697,0.0009211189647443,0.00496750977704257,-0.1324276925,"Non-significant",2.3038612694398,"PRKAR1A","KAP0_HUMAN"
0.3236548925,12.04615819375,6.20871841438745,0.00040040681794721,0.00291957531875176,-0.614125673283077,"F210A_HUMAN",6,5.242126191984,0.000921131543660877,0.00496750977704257,0.3236548925,"Non-significant",2.3038612694398,"FAM210A","F210A_HUMAN"
0.113302707499999,11.14540553125,4.43541318009727,0.00284916877034068,0.012135241821729,-2.7815261344015,"ASCC3_HUMAN",98,5.24017113639885,0.000923236037016701,0.00497351522113403,0.113302707499999,"Non-significant",2.30333654858897,"ASCC3","ASCC3_HUMAN"
0.359889269,8.997307658,5.05898666312696,0.00136134764474902,0.00704840251694684,-1.96978262433855,"DEN1A_HUMAN",26,5.23999561192936,0.000923425236810387,0.00497351522113403,0.359889269,"Non-significant",2.30333654858897,"DENND1A","DEN1A_HUMAN"
0.290323734500001,8.890801668,5.03684109280817,0.00139619991065398,0.00716721622832057,-1.99766187627865,"MYO19_HUMAN",27,5.2393966880034,0.000924071145065001,0.00497381588873109,0.290323734500001,"Non-significant",2.30331029465675,"MYO19","MYO19_HUMAN"
0.584988117500002,14.83679151625,5.67290806013627,0.000693562748619992,0.00430806220200288,-1.22401201242519,"DAD1_HUMAN",4,5.23854636762168,0.000924989025949055,0.0049755791319238,0.584988117500002,"Up in D1CM",2.30315636232313,"DAD1","DAD1_HUMAN"
-0.129237652499995,17.74046969625,-5.12017535638901,0.00126995603945204,0.00668610834262416,-1.8931111055334,"COF1_HUMAN",19,-5.2377748835986,0.000925822675322782,0.00497688732799472,-0.129237652499995,"Non-significant",2.30304219115954,"CFL1","COF1_HUMAN"
-0.140916587500001,15.97164070625,-4.82776797532094,0.00177856450479854,0.00855680377337151,-2.26429421332525,"TCPZ_HUMAN",30,-5.23683916162626,0.000926834907112442,0.00497915323903809,-0.140916587500001,"Non-significant",2.30284450761798,"CCT6A","TCPZ_HUMAN"
0.30375027625,8.521693110375,5.0191817168558,0.00142470002852225,0.00726484969172055,-2.01994308523412,"AKA11_HUMAN",33,5.23595964532321,0.000927787448577642,0.00498109579876493,0.30375027625,"Non-significant",2.30267510563262,"AKAP11","AKA11_HUMAN"
0.413056612499997,14.03639972375,5.20991620129991,0.00114796961804315,0.00621067773458647,-1.78161354881216,"TMM33_HUMAN",11,5.2336371521294,0.000930307960688199,0.00499144863185285,0.413056612499997,"Non-significant",2.30177339395239,"TMEM33","TMM33_HUMAN"
0.225910665000001,10.59690833,4.95357975749311,0.00153635081972745,0.00770368891105453,-2.10310124808551,"DAAF5_HUMAN",35,5.23019230324384,0.000934060417492837,0.00500839393069156,0.225910665000001,"Non-significant",2.30030151941479,"DNAAF5","DAAF5_HUMAN"
0.0909431000000005,15.6570910225,4.51644441702528,0.00258018674793594,0.0113213920345404,-2.67289861976203,"AL8A1_HUMAN",30,5.22771996780993,0.000936763791208367,0.00501969611957745,0.0909431000000005,"Non-significant",2.29932257321061,"ALDH8A1","AL8A1_HUMAN"
0.414943695250001,8.695331335125,5.12847022915449,0.00125809857059808,0.00664027104043283,-1.88275788920049,"NOP9_HUMAN",14,5.22613475749394,0.000938501670123403,0.00502581358162018,0.414943695250001,"Non-significant",2.2987936243736,"NOP9","NOP9_HUMAN"
-1.093482494,7.34844183925,-5.17954989035141,0.00118772926851991,0.00636450731363911,-1.81921567928958,"RAB3B_HUMAN",5,-5.2253539818573,0.000939358945208445,0.00502721050740443,-1.093482494,"Up in D1BM",2.29867292891753,"RAB3B","RAB3B_HUMAN"
0.127774955,13.67704904,4.70619581244382,0.00205324172388272,0.00953016216443142,-2.42220254768458,"NOP56_HUMAN",35,5.22346559796791,0.000941435916858724,0.00503512902487448,0.127774955,"Non-significant",2.29798939619814,"NOP56","NOP56_HUMAN"
-0.279054167500002,11.05470681125,-8.02402707436331,7.83384974157031e-05,0.00104811935669359,1.20485456539537,"FHR2_HUMAN",5,-5.21178960722565,0.000954390764342865,0.00509960520028071,-0.279054167500002,"Non-significant",2.29246344468174,"CFHR2","FHR2_HUMAN"
0.403330326000003,8.724291563,5.08086969887516,0.00132785213282691,0.00690892939975189,-1.94230186192567,"TRUB2_HUMAN",17,5.21151189830088,0.000954701270143902,0.00509960520028071,0.403330326000003,"Non-significant",2.29246344468174,"TRUB2","TRUB2_HUMAN"
0.795692682500001,7.24129056925,5.09343017015229,0.00130903916491761,0.00683213072513344,-1.9265588818031,"PHLP2_HUMAN",11,5.20940153803174,0.000957064496320437,0.0051089909053103,0.795692682500001,"Up in D1CM",2.29166487041953,"PHLPP2","PHLP2_HUMAN"
0.329297542749998,9.639257907625,5.03318865437737,0.00140204235955098,0.00718845197606765,-2.00226661851423,"FHI1B_HUMAN",23,5.20499110694433,0.00096202420862938,0.00513221649021332,0.329297542749998,"Non-significant",2.28969503224216,"FHIP1B","FHI1B_HUMAN"
0.288421155750001,9.989241839625,5.16099504950218,0.0012127737626612,0.00644950791512384,-1.84225530109595,"TREX1_HUMAN",14,5.20291187578312,0.00096437219686068,0.00514148845498967,0.288421155750001,"Non-significant",2.28891113504957,"TREX1","TREX1_HUMAN"
0.222850800000002,12.1312508575,5.39553457262655,0.000934800491593453,0.0053601587371709,-1.55454849749361,"SCAM3_HUMAN",12,5.2016076740226,0.000965848195699435,0.00514610268113182,0.222850800000002,"Non-significant",2.28852155248167,"SCAMP3","SCAM3_HUMAN"
0.253571269999997,14.3912767175,5.09478497254123,0.00130702765190057,0.00682933507350081,-1.92486213378677,"STEA3_HUMAN",17,5.19775754302224,0.000970220012559615,0.00516613043958622,0.253571269999997,"Non-significant",2.28683463252636,"STEAP3","STEA3_HUMAN"
0.401489495,11.4681624175,6.54882911315088,0.000287499231527937,0.00236192107460915,-0.245569937359456,"UBIA1_HUMAN",4,5.19134061075949,0.000977554907383587,0.00520190045096986,0.401489495,"Non-significant",2.28383796317593,"UBIAD1","UBIA1_HUMAN"
0.226676702499999,8.9906789065,4.95128611433412,0.00154042578862087,0.00771952971003883,-2.10601975520908,"PAN2_HUMAN",28,5.19007671180687,0.000979006793052974,0.00520633959535869,0.226676702499999,"Non-significant",2.28346750745609,"PAN2","PAN2_HUMAN"
0.348547457499999,12.66468644125,6.4117527810435,0.000328050954627511,0.00257222464795841,-0.392437003273647,"MIC10_HUMAN",5,5.18753321414563,0.0009819357979379,0.00521862348097009,0.348547457499999,"Non-significant",2.28244403597378,"MICOS10","MIC10_HUMAN"
0.431562424000001,9.0842592715,5.02629735969563,0.00141313951392709,0.00722252157842646,-2.01095982308519,"VEZA_HUMAN",22,5.18429290763191,0.000985681201321042,0.00522883206355619,0.431562424000001,"Non-significant",2.28159530635204,"VEZT","VEZA_HUMAN"
-0.272948265249997,9.330246210125,-4.97826906270833,0.00149323361630839,0.00754584301670469,-2.07173305282278,"TTC13_HUMAN",27,-5.18427417173816,0.000985702903416584,0.00522883206355619,-0.272948265249997,"Non-significant",2.28159530635204,"TTC13","TTC13_HUMAN"
0.084488154999999,12.13343346,4.60012751687967,0.00233139441503688,0.0104918972367036,-2.56170213907404,"CSTFT_HUMAN",25,5.18426143304843,0.000985717659151832,0.00522883206355619,0.084488154999999,"Non-significant",2.28159530635204,"CSTF2T","CSTFT_HUMAN"
0.155167342499999,11.60267913375,4.75176428627517,0.00194515244215453,0.00913918056573049,-2.36276650913475,"SYAM_HUMAN",40,5.18010378563903,0.000990546640666055,0.00525114316614728,0.155167342499999,"Non-significant",2.27974614103114,"AARS2","SYAM_HUMAN"
0.106959105000005,11.08319342,4.35848994355541,0.00313323486029399,0.0129881862953904,-2.88551316303713,"YLPM1_HUMAN",75,5.17771679948571,0.000993330811980449,0.00526259296931691,0.106959105000005,"Non-significant",2.27880021881334,"YLPM1","YLPM1_HUMAN"
0.116654160000001,11.668804765,6.15675636633006,0.000421681783766505,0.00301472074246639,-0.671674403368711,"TRADD_HUMAN",13,5.17526139269874,0.000996203776630349,0.00527413664619583,0.116654160000001,"Non-significant",2.27784862237724,"TRADD","TRADD_HUMAN"
0.200777532500002,17.25589585125,4.96575443542587,0.00151491942468036,0.00762799034087856,-2.08762229361336,"HSPB1_HUMAN",23,5.17463225925051,0.000996941368965314,0.00527413664619583,0.200777532500002,"Non-significant",2.27784862237724,"HSPB1","HSPB1_HUMAN"
0.177777050000003,11.4359763875,4.76614483864644,0.0019123562110466,0.00903545431777566,-2.34407132757999,"SMCA5_HUMAN",59,5.17425252618085,0.000997386856570905,0.00527413664619583,0.177777050000003,"Non-significant",2.27784862237724,"SMARCA5","SMCA5_HUMAN"
0.208718302500001,12.22353935125,4.93611529127984,0.00156768162806698,0.00782243393931183,-2.12534243235081,"2A5D_HUMAN",26,5.17264843761557,0.000999271127419139,0.00528078766960246,0.208718302500001,"Non-significant",2.27730129431303,"PPP2R5D","2A5D_HUMAN"
0.114853855,13.8713541025,5.56445525615164,0.000778497352125817,0.00467375653922259,-1.35201598320114,"GHC2_HUMAN",15,5.17146987089208,0.00100065804768789,0.00528480368669251,0.114853855,"Non-significant",2.27697114068762,"SLC25A18","GHC2_HUMAN"
0.51242780675,8.080478191125,4.9960959110924,0.00146293311798029,0.00743704466975234,-2.04913748643008,"PEAK1_HUMAN",37,5.16937279862242,0.00100313109228237,0.00529454726164564,0.51242780675,"Up in D1CM",2.27617117062267,"PEAK1","PEAK1_HUMAN"
0.114721057500002,15.40116775125,4.62591507029103,0.00226014235669301,0.010269940660143,-2.52763834984253,"AGT2_HUMAN",32,5.16874070604796,0.00100387782759683,0.00529517284656677,0.114721057500002,"Non-significant",2.27611985895877,"AGXT2","AGT2_HUMAN"
0.188202857499997,10.53905415375,4.75714390218814,0.00193281163264347,0.00910149120198424,-2.35576937004258,"HD_HUMAN",107,5.16591208060104,0.00100722698217291,0.0053095160930178,0.188202857499997,"Non-significant",2.27494505852469,"HTT","HD_HUMAN"
-0.253983737750001,10.200921891125,-4.92235493981464,0.00159286504354953,0.00791642656372581,-2.14289692562723,"MANBA_HUMAN",33,-5.16131139970771,0.00101270057846118,0.00533323844423497,-0.253983737750001,"Non-significant",2.27300899897219,"MANBA","MANBA_HUMAN"
0.537730097749999,7.704332292125,5.13831992827832,0.00124417749841527,0.0065750295511864,-1.8704765685619,"PGPS1_HUMAN",9,5.16106670593013,0.00101299261468978,0.00533323844423497,0.537730097749999,"Up in D1CM",2.27300899897219,"PGS1","PGPS1_HUMAN"
0.864456657500002,11.78109717375,6.11918708887005,0.000437850567054023,0.00309877617942768,-0.713492164424427,"PEMT_HUMAN",1,5.15695965837983,0.00101790813277518,0.00535577256626841,0.864456657500002,"Up in D1CM",2.27117787365252,"PEMT","PEMT_HUMAN"
0.187501430000001,16.051235915,4.86437296725103,0.00170400335637088,0.00830713955514759,-2.21716235730375,"DHC24_HUMAN",30,5.15635466809109,0.00101863443002215,0.00535625053690376,0.187501430000001,"Non-significant",2.2711391171996,"DHCR24","DHC24_HUMAN"
0.214589357499998,10.82732999375,5.68764758097893,0.000682837511340151,0.00426027933611113,-1.20673642837678,"MAK16_HUMAN",10,5.15411695996457,0.00102132578070714,0.0053670542428806,0.214589357499998,"Non-significant",2.27026401543317,"MAK16","MAK16_HUMAN"
0.129116057499999,10.86356377625,4.62119294338439,0.00227300839762543,0.0103117264712512,-2.53386886428379,"GPAT1_HUMAN",39,5.14538922130266,0.00103189786759378,0.00541923185417321,0.129116057499999,"Non-significant",2.26606226791472,"GPAM","GPAT1_HUMAN"
-0.165247917499993,16.11443090125,-7.08351283442176,0.000175152699682679,0.00171073245147775,0.306657625352742,"TBA4A_HUMAN",9,-5.14285274021302,0.00103499289281496,0.00543210155263844,-0.165247917499993,"Non-significant",2.2650321195563,"TUBA4A","TBA4A_HUMAN"
0.134600402500002,14.07542026125,4.72493877888484,0.00200800129234183,0.00936659816997746,-2.39771965158731,"HOT_HUMAN",30,5.13948200221198,0.00103912169424922,0.00545037757363203,0.134600402500002,"Non-significant",2.26357341103253,"ADHFE1","HOT_HUMAN"
0.226071834999996,16.21959138,5.00180386078722,0.0014533754930176,0.0073931816720853,-2.04191216768877,"DHRS4_HUMAN",19,5.13849711301835,0.00104033149814013,0.00545332972501438,0.226071834999996,"Non-significant",2.26333824274503,"DHRS4","DHRS4_HUMAN"
0.24336266575,10.030634044625,4.93296453955466,0.00157340886399484,0.00784285234453726,-2.12935956409703,"NSUN5_HUMAN",25,5.13698347820142,0.00104219381618176,0.00545969650503173,0.24336266575,"Non-significant",2.26283149829405,"NSUN5","NSUN5_HUMAN"
-0.0745980725000006,15.10074150625,-3.8305165715097,0.00616116929224369,0.0211365469940261,-3.62151978186981,"UGGG1_HUMAN",91,-5.13383907424397,0.0010460743019732,0.00547662129896406,-0.0745980725000006,"Non-significant",2.26148728891537,"UGGT1","UGGG1_HUMAN"
0.316384077000002,9.251348853,4.94676568313578,0.00154849197971105,0.00775073568704537,-2.11177388859917,"PTCD1_HUMAN",26,5.13142187616769,0.00104906815247133,0.00548888606901357,0.316384077000002,"Non-significant",2.26051578363125,"PTCD1","PTCD1_HUMAN"
0.219353916749998,10.066681266625,4.97211727035466,0.00150385046087128,0.00758539150419788,-2.07954092085098,"NHSL3_HUMAN",20,5.12662734995123,0.00105503439583349,0.0055166779916132,0.219353916749998,"Non-significant",2.2583223650629,"NHSL3","NHSL3_HUMAN"
0.551235199000001,8.97318792325,5.04506707059727,0.00138314004308297,0.00712186159019323,-1.98729803527166,"RASF5_HUMAN",11,5.12607054812376,0.00105572968757106,0.00551689121917947,0.551235199000001,"Up in D1CM",2.25830557927877,"RASSF5","RASF5_HUMAN"
-0.120855092499999,15.31331002625,-5.28816654146862,0.00105214750349027,0.00583230525798557,-1.68530934639993,"PON3_HUMAN",16,-5.12032728741325,0.00106293091515561,0.00555108096892603,-0.120855092499999,"Non-significant",2.25562243793542,"PON3","PON3_HUMAN"
-0.0855309925000007,14.20296823875,-4.56115034038339,0.00244382775610192,0.0109105000827241,-2.61336947528486,"DC1I2_HUMAN",25,-5.11966842603085,0.00106376048115472,0.00555197343384094,-0.0855309925000007,"Non-significant",2.25555262064468,"DYNC1I2","DC1I2_HUMAN"
0.127384184999999,11.3080301275,4.76963778683659,0.00190448259531995,0.0090184740426696,-2.33953484946798,"PRP4K_HUMAN",25,5.11409444804858,0.00107080718246524,0.00558529315655912,0.127384184999999,"Non-significant",2.25295402703635,"PRP4K","PRP4K_HUMAN"
-0.180093767499999,11.43490457625,-5.48836686668015,0.000844985530322991,0.00497373116975733,-1.44276476278612,"GELS_HUMAN",12,-5.1109188334074,0.00107484478139702,0.00560082441516983,-0.180093767499999,"Non-significant",2.25174804217113,"GSN","GELS_HUMAN"
0.435033322500002,12.57769084125,4.96768261617296,0.00151155562291685,0.00761560211928639,-2.08517272386778,"LMA2L_HUMAN",19,5.11070774316329,0.00107511376245638,0.00560082441516983,0.435033322500002,"Non-significant",2.25174804217113,"LMAN2L","LMA2L_HUMAN"
0.0617647175000009,16.21937322625,3.86718280600031,0.00587060057652549,0.0204138994470022,-3.56918733088794,"TRXR1_HUMAN",34,5.10614026113148,0.0010809520272099,0.00562776073956283,0.0617647175000009,"Non-significant",2.24966437458064,"TXNRD1","TRXR1_HUMAN"
-0.125283719999999,15.1475811,-6.26603674911817,0.00037831882041611,0.00280491262045627,-0.551031649108813,"CAZA1_HUMAN",12,-5.10323371822934,0.00108468538565232,0.00564371179979225,-0.125283719999999,"Non-significant",2.24843517191196,"CAPZA1","CAZA1_HUMAN"
-2.9982255695,7.74236851925,-4.99560232738864,0.00146376285527573,0.00743704466975234,-2.04976249845967,"POSTN_HUMAN",2,-5.10052503440374,0.00108817736652722,0.00565838804593333,-2.9982255695,"Up in D1BM",2.24730727242714,"POSTN","POSTN_HUMAN"
0.194429158999998,8.977742791,5.78563059106989,0.000616063772444455,0.0039609470159682,-1.09262447304222,"ZDH17_HUMAN",10,5.09576205024855,0.00109434772560052,0.00568309746475526,0.194429158999998,"Non-significant",2.24541489576903,"ZDHHC17","ZDH17_HUMAN"
0.258280277500001,11.79712367125,4.83175087034269,0.00177027959529732,0.00852667811929207,-2.25915664283656,"MOV10_HUMAN",53,5.09531189946259,0.00109493287439272,0.00568309746475526,0.258280277500001,"Non-significant",2.24541489576903,"MOV10","MOV10_HUMAN"
0.347753405750002,8.204608976875,5.78475975029342,0.000616624217093418,0.003961528602043,-1.0936331000521,"SNX10_HUMAN",6,5.09529720216005,0.00109495198514207,0.00568309746475526,0.347753405750002,"Non-significant",2.24541489576903,"SNX10","SNX10_HUMAN"
0.449749231499998,9.06461298475,5.26743153364264,0.00107664418485105,0.00590822515241504,-1.71074546999515,"DJC30_HUMAN",7,5.09326018407688,0.00109760424960263,0.00568997108785682,0.449749231499998,"Non-significant",2.24488994035645,"DNAJC30","DJC30_HUMAN"
0.1462965,11.9585070625,4.86500321892757,0.00170275019483255,0.00830713955514759,-2.2163525322559,"NFIC_HUMAN",22,5.09324318895064,0.00109762640750447,0.00568997108785682,0.1462965,"Non-significant",2.24488994035645,"NFIC","NFIC_HUMAN"
0.102107527499998,12.90808844625,4.46593937296399,0.00274438099100676,0.0118142938576078,-2.74049369967463,"STAU1_HUMAN",33,5.09201905483652,0.00109922370296087,0.0056947489811046,0.102107527499998,"Non-significant",2.24452541443365,"STAU1","STAU1_HUMAN"
-0.101012707500001,13.75876092875,-4.29861359467478,0.00337586978489883,0.0137730911988927,-2.96703744320455,"SF3B3_HUMAN",52,-5.08428614761812,0.00110937313602654,0.00574379985477134,-0.101012707500001,"Non-significant",2.24080070168407,"SF3B3","SF3B3_HUMAN"
-0.124449492499998,14.19820630625,-5.03715063428852,0.00139570600723458,0.00716721622832057,-1.99727171441619,"PCNA_HUMAN",18,-5.08285577508823,0.00111126176549149,0.00575004629915765,-0.124449492499998,"Non-significant",2.24032865837337,"PCNA","PCNA_HUMAN"
-0.31593441975,8.515357852125,-4.90310879926297,0.00162884148958204,0.00804777544882007,-2.16749499366595,"PTPRC_HUMAN",25,-5.08122543966868,0.00111341873249082,0.00575509385327537,-0.31593441975,"Non-significant",2.23994758956204,"PTPRC","PTPRC_HUMAN"
0.513280632500001,10.50480258375,5.26878444743835,0.00107502667799113,0.00590319209692978,-1.70908400021344,"CLN6_HUMAN",6,5.08108646715995,0.00111360280871896,0.00575509385327537,0.513280632500001,"Up in D1CM",2.23994758956204,"CLN6","CLN6_HUMAN"
0.21104097325,9.348216056875,4.85234199995101,0.00172812152214659,0.00838109108755676,-2.23263209227118,"PPIL2_HUMAN",26,5.07978819041836,0.00111532405991957,0.00576045741486645,0.21104097325,"Non-significant",2.23954302962104,"PPIL2","PPIL2_HUMAN"
-0.100374937500002,13.49427759625,-4.76363708424953,0.00191803120055588,0.00905719047029999,-2.34732935860833,"GDIA_HUMAN",22,-5.0786961710829,0.00111677412033611,0.00576441461133686,-0.100374937500002,"Non-significant",2.23924478966583,"GDI1","GDIA_HUMAN"
-0.249475002499999,15.52085351875,-5.38455968434527,0.000946102013350234,0.00540657211561297,-1.5678417431914,"RL30_HUMAN",10,-5.07554410457076,0.00112097129365412,0.00578253796463318,-0.249475002499999,"Non-significant",2.23788150723411,"RPL30","RL30_HUMAN"
-0.102600335000002,15.3936856975,-5.07680369085072,0.00133400615421602,0.00693666741140457,-1.94740285641757,"MIC19_HUMAN",18,-5.07422224038632,0.00112273659617231,0.00578810199947182,-0.102600335000002,"Non-significant",2.23746382423278,"CHCHD3","MIC19_HUMAN"
0.205226182749998,8.095449089875,6.47641961633658,0.000308173410121611,0.00246217409849769,-0.322873546403295,"NTH_HUMAN",8,5.07362857069852,0.00112353041506699,0.00578865395391178,0.205226182749998,"Non-significant",2.23742241180797,"NTHL1","NTH_HUMAN"
0.0988330874999992,12.01409053875,4.81485855268798,0.00180571328783436,0.00865284667604085,-2.2809617635784,"PRP31_HUMAN",21,5.07304452880645,0.00112431196230075,0.00578914204656875,0.0988330874999992,"Non-significant",2.23738579413951,"PRPF31","PRP31_HUMAN"
-0.0793659650000009,15.5748590225,-4.16802423403711,0.00397961704060912,0.0155369115494647,-3.14659377503324,"PRS7_HUMAN",35,-5.07201837947116,0.0011256865720851,0.00579251520642412,-0.0793659650000009,"Non-significant",2.23713281743312,"PSMC2","PRS7_HUMAN"
0.197519302499998,10.28908038125,4.81585591380067,0.00180359959185092,0.00865255603853809,-2.27967320690493,"ATRN_HUMAN",28,5.07128697971385,0.00112666746859309,0.00579251520642412,0.197519302499998,"Non-significant",2.23713281743312,"ATRN","ATRN_HUMAN"
0.226291894750002,9.126784682125,5.04331370292284,0.00138591237587867,0.00712742856393001,-1.98950628693286,"AGAP3_HUMAN",15,5.07101780362495,0.00112702870311253,0.00579251520642412,0.226291894750002,"Non-significant",2.23713281743312,"AGAP3","AGAP3_HUMAN"
0.246883155250002,9.962621570375,4.85323266634737,0.00172632316419297,0.00837718937880399,-2.23148614209288,"LARP7_HUMAN",28,5.06946841243947,0.00112911046415129,0.00579967830733163,0.246883155250002,"Non-significant",2.23659609492419,"LARP7","LARP7_HUMAN"
0.209182974750002,10.101381897625,4.8065807131067,0.00182336231777754,0.00872254311949312,-2.29166193709098,"INT10_HUMAN",30,5.06217293906557,0.00113896962527349,0.0058467569862547,0.209182974750002,"Non-significant",2.2330849567394,"INTS10","INT10_HUMAN"
-0.0987987500000003,17.215993405,-4.33364194504556,0.00323152389718704,0.0132935651192726,-2.9192831404887,"NAMPT_HUMAN",40,-5.05899657585507,0.00114329172061856,0.00586187228988905,-0.0987987500000003,"Non-significant",2.23196364758313,"NAMPT","NAMPT_HUMAN"
0.193841217499997,10.72129619125,5.02587146476589,0.00141382852110614,0.00722252157842646,-2.01149729975486,"M4K5_HUMAN",16,5.05898681965016,0.00114330502367749,0.00586187228988905,0.193841217499997,"Non-significant",2.23196364758313,"MAP4K5","M4K5_HUMAN"
-0.182694912500001,11.48626279875,-5.39813171987949,0.0009321480400078,0.005355879910856,-1.55140514032985,"LEG3_HUMAN",12,-5.05447217154384,0.00114947925765533,0.00588994569165759,-0.182694912500001,"Non-significant",2.22988870961395,"LGALS3","LEG3_HUMAN"
0.184325219999998,13.3330998425,4.77377702942237,0.00189519840528022,0.0089846048133335,-2.3341612544017,"PATL1_HUMAN",29,5.05132672973564,0.0011538026203388,0.00590850685712987,0.184325219999998,"Non-significant",2.22852225611352,"PATL1","PATL1_HUMAN"
-0.392272115000002,7.19547075025,-4.94362901315591,0.00155411644811946,0.00777427153780352,-2.1157683151149,"BIG3_HUMAN",15,-5.05001719626558,0.00115560782021648,0.00591415805501198,-0.392272115000002,"Non-significant",2.22810707319808,"ARFGEF3","BIG3_HUMAN"
0.1911592475,11.52087688375,5.7457631628701,0.000642313065247769,0.00407992225092197,-1.13890181721872,"RM23_HUMAN",10,5.04694968404663,0.00115984856663294,0.00593225944669238,0.1911592475,"Non-significant",2.22677986340851,"MRPL23","RM23_HUMAN"
0.113477227499997,11.37363672125,4.3844899869712,0.00303388660168483,0.0126785474296487,-2.85027135034622,"PRP16_HUMAN",52,5.04583114621921,0.00116139916496136,0.00593658796935072,0.113477227499997,"Non-significant",2.22646309236533,"DHX38","PRP16_HUMAN"
0.217778685000003,13.55130601,5.34458016078711,0.000988573026861801,0.00560368664654884,-1.61640654197523,"RAB8A_HUMAN",11,5.04514902933819,0.00116234588294174,0.00593782633170662,0.217778685000003,"Non-significant",2.22637250870772,"RAB8A","RAB8A_HUMAN"
-0.0613226900000008,15.23850155,-3.91159139139586,0.00553845252513404,0.0196067267258945,-3.50604009729899,"DX39B_HUMAN",31,-5.04331666585478,0.00116489324284443,0.00594593302490052,-0.0613226900000008,"Non-significant",2.2257799870046,"DDX39B","DX39B_HUMAN"
-1.27557528,7.10068815925,-4.9143246822932,0.00160776797274069,0.00796700543341049,-2.15315381151955,"AMD_HUMAN",10,-5.04299316058341,0.00116534361812026,0.00594593302490052,-1.27557528,"Up in D1BM",2.2257799870046,"PAM","AMD_HUMAN"
0.200862172499999,11.07395231625,4.79845875096958,0.0018408642286566,0.00878632196112487,-2.30217013802401,"ASCC2_HUMAN",27,5.0396945820747,0.00116994674700362,0.00596580830640865,0.200862172499999,"Non-significant",2.22433070551744,"ASCC2","ASCC2_HUMAN"
0.0973787350000013,14.139234305,4.28554255762096,0.00343153114965988,0.0139178922661237,-2.98490169758078,"HNRL2_HUMAN",42,5.03261066224647,0.00117989994749696,0.00601292421853199,0.0973787350000013,"Non-significant",2.22091426957555,"HNRNPUL2","HNRL2_HUMAN"
-0.10980296,15.70888269,-4.50566944583676,0.00261428910045446,0.0114116223861888,-2.68728904773275,"PRS6A_HUMAN",31,-5.03061847076799,0.00118271579302352,0.00602363227758022,-0.10980296,"Non-significant",2.22014154821045,"PSMC3","PRS6A_HUMAN"
0.306464791500001,7.38591641175,4.81536302118481,0.00180464383198028,0.00865264098962561,-2.28030998965438,"TRIO_HUMAN",40,5.02888842885291,0.00118516709591329,0.00603247189097411,0.306464791500001,"Non-significant",2.21950469306166,"TRIO","TRIO_HUMAN"
0.877369880750003,8.886235713875,5.19957237312601,0.00116134498944574,0.00627150554503619,-1.79440768853336,"RL26L_HUMAN",3,5.02805399748919,0.00118635139973841,0.00603485573228427,0.877369880750003,"Up in D1CM",2.21933310757521,"RPL26L1","RL26L_HUMAN"
0.855734586500001,7.20556437975,5.03581030808304,0.00139784602259788,0.00717129891934116,-1.99896122752526,"RBM23_HUMAN",5,5.02681152448393,0.00118811724481315,0.00604019315834141,0.855734586500001,"Up in D1CM",2.21894917292515,"RBM23","RBM23_HUMAN"
-0.134025337499995,14.10032618125,-4.69017227592123,0.00209280993558471,0.00967651944434643,-2.44317310543208,"AP1M1_HUMAN",26,-5.02509124353467,0.00119056693545638,0.00604618738711566,-0.134025337499995,"Non-significant",2.21851839703098,"AP1M1","AP1M1_HUMAN"
0.188277484999999,11.9936012025,4.83286754458111,0.00176796443041458,0.00852489697978094,-2.25771664178355,"ARMX3_HUMAN",22,5.02471666563636,0.00119110107201108,0.00604618738711566,0.188277484999999,"Non-significant",2.21851839703098,"ARMCX3","ARMX3_HUMAN"
0.118299722500002,10.67843115375,4.8541075669545,0.00172455865118036,0.00837344750622075,-2.23036058672293,"WDR74_HUMAN",20,5.02447330059137,0.00119144824415697,0.00604618738711566,0.118299722500002,"Non-significant",2.21851839703098,"WDR74","WDR74_HUMAN"
0.662758946500001,8.206252277,4.89502381976137,0.00164422165002113,0.00810577663531923,-2.17784395721801,"AP5B1_HUMAN",14,5.02041927203982,0.001197247894453,0.00607196299780045,0.662758946500001,"Up in D1CM",2.21667088367056,"AP5B1","AP5B1_HUMAN"
-0.190795420000004,11.5881175975,-4.98729488303314,0.00147780646019736,0.00747684913145471,-2.06028717680062,"EIPR1_HUMAN",16,-5.01835891430702,0.00120020730082538,0.00608331168890987,-0.190795420000004,"Non-significant",2.21585993114422,"EIPR1","EIPR1_HUMAN"
0.133680343750001,9.444183110875,4.45343010328362,0.00278680096957897,0.0119420159494566,-2.75729221506539,"SI1L1_HUMAN",70,5.01331959628384,0.00120747947266384,0.00611184871150213,0.133680343750001,"Non-significant",2.21382740452611,"SIPA1L1","SI1L1_HUMAN"
-2.5063364515,9.24353587675,-4.9255994081366,0.00158688716654279,0.00790069221901312,-2.13875543387822,"PLTP_HUMAN",2,-5.01328684055035,0.00120752690006457,0.00611184871150213,-2.5063364515,"Up in D1BM",2.21382740452611,"PLTP","PLTP_HUMAN"
-0.12049532,11.8044588575,-5.30663183221538,0.00103085212140778,0.00576017094717131,-1.66270767788317,"DHRS2_HUMAN",15,-5.01295133005991,0.00120801280737484,0.00611184871150213,-0.12049532,"Non-significant",2.21382740452611,"DHRS2","DHRS2_HUMAN"
0.164795872500001,11.89920449125,5.70806891732209,0.000668281772409981,0.00419742701910859,-1.18284902581842,"IMA5_HUMAN",11,5.00787966601248,0.00121538413070037,0.00614545461168171,0.164795872500001,"Non-significant",2.21144598453637,"KPNA1","IMA5_HUMAN"
0.0763525975000015,18.01038575125,4.06683891921024,0.00452867655828545,0.0169805225577349,-3.28735486728498,"IDHP_HUMAN",36,5.00619247635415,0.0012178472882276,0.0061542175014811,0.0763525975000015,"Non-significant",2.21082715904341,"IDH2","IDHP_HUMAN"
0.237641811500001,9.3329622745,4.9624243904475,0.00152074835492214,0.0076440915637939,-2.09185404085067,"DYR1A_HUMAN",15,5.0036837020994,0.00122152003536703,0.00616420891081571,0.237641811500001,"Non-significant",2.21012265105728,"DYRK1A","DYR1A_HUMAN"
0.106714250000003,13.925055505,4.76702900578341,0.00191035978019812,0.00903483921406946,-2.3429228475391,"RMD2_HUMAN",21,5.00365849676646,0.00122155699665713,0.00616420891081571,0.106714250000003,"Non-significant",2.21012265105728,"RMDN2","RMD2_HUMAN"
0.32007968425,7.610206305875,5.11033531067147,0.00128418312758404,0.0067399623800784,-1.90540546070031,"TTC12_HUMAN",10,5.00334391875598,0.00122201839956971,0.00616420891081571,0.32007968425,"Non-significant",2.21012265105728,"TTC12","TTC12_HUMAN"
0.457405328500002,9.53742706775,5.451436090334,0.0008795138022036,0.00512684774465708,-1.4870940770868,"FDX2_HUMAN",5,4.9996293587666,0.00122748117737336,0.00618806150961725,0.457405328500002,"Non-significant",2.208445378044,"FDX2","FDX2_HUMAN"
0.131142854999998,11.0123509175,5.36478072253265,0.00096685480009813,0.00551768389304478,-1.59184060400131,"BACD3_HUMAN",14,4.99508336357654,0.00123420322383686,0.00621823010981522,0.131142854999998,"Non-significant",2.20633321063411,"KCTD10","BACD3_HUMAN"
-0.104431630000006,12.0201835625,-4.29544379296878,0.00338927655050195,0.0138077390257037,-2.97136741112219,"CUL5_HUMAN",47,-4.99390732546835,0.00123594877627879,0.00622330480003222,-0.104431630000006,"Non-significant",2.20597892796774,"CUL5","CUL5_HUMAN"
0.272368672500006,14.39679896875,4.99311533466861,0.00146795153389202,0.00744486370588197,-2.05291223694046,"SC11A_HUMAN",13,4.99133510153203,0.00123977609632338,0.0062388493826327,0.272368672500006,"Non-significant",2.20489549891541,"SEC11A","SC11A_HUMAN"
-0.134146215000003,12.954232215,-4.98936157098452,0.00147429888295608,0.0074680680795894,-2.05766798152928,"SNP23_HUMAN",17,-4.98470644838956,0.00124969927067312,0.00628503290722177,-0.134146215000003,"Non-significant",2.20169244408981,"SNAP23","SNP23_HUMAN"
0.129834652499998,10.91475152875,4.47790779766645,0.0027044582362516,0.0116842021903458,-2.72444240025901,"KIF1C_HUMAN",43,4.9831889774576,0.00125198319127786,0.00629105731030032,0.129834652499998,"Non-significant",2.20127635845928,"KIF1C","KIF1C_HUMAN"
-0.273538589249998,8.934904098625,-4.89331748046722,0.00164748810702359,0.00810664171284402,-2.18002930138689,"FURIN_HUMAN",16,-4.98291909662381,0.00125238986435923,0.00629105731030032,-0.273538589249998,"Non-significant",2.20127635845928,"FURIN","FURIN_HUMAN"
0.554523229999999,12.5077842475,6.51743505461734,0.000296265860051629,0.00240812433401656,-0.27900993138169,"KISHA_HUMAN",2,4.98049435188377,0.00125605013212675,0.00630568586283288,0.554523229999999,"Up in D1CM",2.20026766876675,"TMEM167A","KISHA_HUMAN"
0.321767327499998,14.18869161625,5.28938547752782,0.00105072679801991,0.00583053073107954,-1.68381590340123,"PTH2_HUMAN",8,4.97613298875345,0.00126266341901556,0.0063351130707632,0.321767327499998,"Non-significant",2.1982456293093,"PTRH2","PTH2_HUMAN"
0.329291820000002,8.4464883805,4.79747392051239,0.00184299900076951,0.00879153286784733,-2.30344495349889,"IF122_HUMAN",27,4.97482794211708,0.00126464973134909,0.00634130433405205,0.329291820000002,"Non-significant",2.19782140350318,"IFT122","IF122_HUMAN"
0.231902122999994,10.0813660635,4.83912048819553,0.0017550620155972,0.00848246429442017,-2.24965648328024,"PCID2_HUMAN",19,4.97243139753489,0.0012683062707177,0.0063558582377405,0.231902122999994,"Non-significant",2.19682579794257,"PCID2","PCID2_HUMAN"
0.271842239999998,11.887536645,4.83509154204568,0.00176336344015741,0.00851282384712877,-2.25484922871185,"MTNA_HUMAN",19,4.97063414290969,0.00127105605722003,0.0063658535391014,0.271842239999998,"Non-significant",2.19614335752962,"MRI1","MTNA_HUMAN"
-0.0793018350000025,12.58700061,-4.06199916670569,0.00455693427588613,0.0170712884495308,-3.29412290465151,"PCKGC_HUMAN",38,-4.96788425770347,0.00127527603917873,0.00638026309388141,-0.0793018350000025,"Non-significant",2.19516141252255,"PCK1","PCKGC_HUMAN"
-0.0960524124999989,12.71535599125,-4.36051524143468,0.00312536925147005,0.0129708209850522,-2.8827645191867,"EI2BE_HUMAN",31,-4.96777302195821,0.00127544706527348,0.00638026309388141,-0.0960524124999989,"Non-significant",2.19516141252255,"EIF2B5","EI2BE_HUMAN"
-0.264404535000001,9.65819633,-5.33907478138179,0.000994585554264193,0.00562931501949083,-1.62311138835516,"CALL4_HUMAN",9,-4.96713104218983,0.00127643460789441,0.00638141596081968,-0.264404535000001,"Non-significant",2.19508294577082,"CALML4","CALL4_HUMAN"
0.1441633725,11.73484337375,4.46611075562831,0.00274380476572962,0.0118142938576078,-2.74026370758845,"NU205_HUMAN",73,4.9663616793171,0.00127761920698901,0.00638355204250765,0.1441633725,"Non-significant",2.19493759664055,"NUP205","NU205_HUMAN"
-0.0771977875000029,14.28357112375,-4.02849961630284,0.00475787983804786,0.0175818365431413,-3.34105732699104,"HARS1_HUMAN",38,-4.9658336982229,0.00127843284541742,0.00638383320735987,-0.0771977875000029,"Non-significant",2.19491846847273,"HARS1","HARS1_HUMAN"
0.185004232499995,11.44112730125,4.65885289490088,0.0021725985445591,0.00996345654629415,-2.48426809590746,"PALS1_HUMAN",36,4.96529551321337,0.00127926279395673,0.00638419543532341,0.185004232499995,"Non-significant",2.19489382667246,"PALS1","PALS1_HUMAN"
0.21938776975,9.029083371125,4.82912780351158,0.00177573109274594,0.00854805104554855,-2.26253990454855,"LEPR_HUMAN",19,4.96119990231236,0.0012855981508761,0.00641201586611516,0.21938776975,"Non-significant",2.19300541168319,"LEPR","LEPR_HUMAN"
0.0760083174999941,16.47164606875,3.75504966340527,0.00680956096444433,0.0227408040290417,-3.72977596004173,"AHNK_HUMAN",309,4.96003135459102,0.00128741204619322,0.00641726560459057,0.0760083174999941,"Non-significant",2.19264998529648,"AHNAK","AHNK_HUMAN"
0.323588845000003,10.4922692775,4.99379830842054,0.00146679992695828,0.00744486370588197,-2.05204717376805,"PR38A_HUMAN",11,4.95828418967571,0.00129012935142707,0.00642700963544844,0.323588845000003,"Non-significant",2.19199104898972,"PRPF38A","PR38A_HUMAN"
-0.091530085000004,13.6756855225,-4.23176143267439,0.00367136140460141,0.0146524172724362,-3.05865804638303,"DC1L1_HUMAN",36,-4.95313643499897,0.00129817214651016,0.00646325636322161,-0.091530085000004,"Non-significant",2.18954861756883,"DYNC1LI1","DC1L1_HUMAN"
0.469819783999998,7.17307353025,4.78699262624233,0.00186588886959815,0.00887060196381432,-2.31702107476389,"MYO5C_HUMAN",28,4.94663858779282,0.00130840299296409,0.00651034759604149,0.469819783999998,"Non-significant",2.18639582325781,"MYO5C","MYO5C_HUMAN"
0.303317550000001,13.0341529825,5.31244486147373,0.00102424748374387,0.00573265739739514,-1.65560224423403,"OPA3_HUMAN",8,4.94311712068353,0.00131398448824529,0.00653426268520329,0.303317550000001,"Non-significant",2.18480341035016,"OPA3","OPA3_HUMAN"
0.715179920250002,9.011250972625,5.27296383965556,0.00107004691313311,0.00588351300117349,-1.7039530276842,"MFS12_HUMAN",3,4.94256550751094,0.0013148611554352,0.006534766909884,0.715179920250002,"Up in D1CM",2.18476989875774,"MFSD12","MFS12_HUMAN"
0.555898903749998,10.308151125625,5.05238074398915,0.00137164206356044,0.0070842959275435,-1.97809162582247,"CAV2_HUMAN",6,4.93802042132888,0.00132210904998055,0.00656691643033947,0.555898903749998,"Up in D1CM",2.18263851044811,"CAV2","CAV2_HUMAN"
-0.0899353049999903,17.66030407,-4.85095707255917,0.00173092196091036,0.00838502368305369,-2.23441419394038,"PGRC1_HUMAN",19,-4.93650407604234,0.00132453685999166,0.00657510082030016,-0.0899353049999903,"Non-significant",2.1820975834672,"PGRMC1","PGRC1_HUMAN"
0.4323518275,9.648902297,5.02520290765557,0.00141491085386313,0.00722367267547687,-2.01234106628133,"TMM65_HUMAN",8,4.93512910942633,0.00132674253987016,0.00658217355418809,0.4323518275,"Non-significant",2.18163067071492,"TMEM65","TMM65_HUMAN"
0.131889342499999,13.77578329875,5.27872520825747,0.00106322411909713,0.00585746150318283,-1.69688386047818,"TACO1_HUMAN",14,4.9341672729997,0.00132828788489312,0.00658596387162594,0.131889342499999,"Non-significant",2.18138065601047,"TACO1","TACO1_HUMAN"
0.238698485,11.25365448,4.7306920765308,0.00199433570451405,0.00932866573437785,-2.39021453104629,"SETX_HUMAN",26,4.93069329237397,0.00133388586756792,0.00660983185051733,0.238698485,"Non-significant",2.17980958852061,"SETX","SETX_HUMAN"
-0.21507287,14.9572411775,-5.2124715622062,0.00114469170564032,0.00619692125038036,-1.77845515734737,"MBL2_HUMAN",11,-4.93014631797638,0.00133476962052162,0.00661032498905801,-0.21507287,"Non-significant",2.17977718839863,"MBL2","MBL2_HUMAN"
0.192434787500002,10.65347123125,5.54792869106752,0.000792428534240763,0.00474051108240979,-1.3716603446575,"G45IP_HUMAN",10,4.92703198774245,0.00133981374090274,0.00663140929070415,0.192434787500002,"Non-significant",2.1783941665973,"GADD45GIP1","G45IP_HUMAN"
-0.153587339999998,13.14190364,-6.18499414186697,0.000409967812907933,0.00295604678785369,-0.640359112753344,"MYCBP_HUMAN",10,-4.92653407167768,0.00134062212770373,0.0066315163816988,-0.153587339999998,"Non-significant",2.17838715320838,"MYCBP","MYCBP_HUMAN"
0.29616737375,7.911404728875,4.75799905170592,0.00193085789129972,0.00909737348561504,-2.35465747885931,"ANR27_HUMAN",23,4.922824308377,0.00134666195441595,0.00665326331334871,0.29616737375,"Non-significant",2.17696528832737,"ANKRD27","ANR27_HUMAN"
0.220172884999997,10.2841305725,5.18123614476922,0.00118548180486315,0.00636055132602898,-1.81712423799523,"UTP11_HUMAN",11,4.92256049409209,0.00134709260348585,0.00665326331334871,0.220172884999997,"Non-significant",2.17696528832737,"UTP11","UTP11_HUMAN"
0.452573063499999,10.35601079575,5.66701614900277,0.000697902366836062,0.00432499113607188,-1.23092575074101,"TV23C_HUMAN",4,4.92238053128607,0.00134738646053936,0.00665326331334871,0.452573063499999,"Non-significant",2.17696528832737,"TVP23C","TV23C_HUMAN"
0.132810592500002,11.38770556375,4.80211732354406,0.0018329575743393,0.00875850305788319,-2.29743550682186,"GDC_HUMAN",19,4.91747157535977,0.00135542937001505,0.00668905981256259,0.132810592500002,"Non-significant",2.17463492063434,"SLC25A16","GDC_HUMAN"
-0.140166282500003,14.72368431125,-5.1938913525739,0.00116876442581735,0.00630305710400922,-1.80144081955794,"GORS2_HUMAN",14,-4.91684167149634,0.00135646522214099,0.00669025474395926,-0.140166282500003,"Non-significant",2.17455734534287,"GORASP2","GORS2_HUMAN"
-0.1698355675,15.50367879875,-5.15174120294572,0.00122548247198859,0.0065006870713605,-1.85376385681349,"1433T_HUMAN",13,-4.91296633304681,0.001362857205172,0.00671784993122504,-0.1698355675,"Non-significant",2.17276970200802,"YWHAQ","1433T_HUMAN"
-0.0814485574999981,15.73881244625,-4.9873709068988,0.00147767726929027,0.00747684913145471,-2.06019081802643,"DDAH1_HUMAN",18,-4.91085299210419,0.00136635686910526,0.00672790797890947,-0.0814485574999981,"Non-significant",2.17211995724064,"DDAH1","DDAH1_HUMAN"
-0.098978994999996,14.92433238,-4.40261757490702,0.00296666595379208,0.0124908483895322,-2.8257571563863,"EIF3E_HUMAN",28,-4.91020888055249,0.00136742546871638,0.00672790797890947,-0.098978994999996,"Non-significant",2.17211995724064,"EIF3E","EIF3E_HUMAN"
-0.0974273675000017,14.97152090125,-4.39189814486397,0.0030062158503279,0.0126003945312849,-2.84024754261456,"PEPD_HUMAN",28,-4.90983819498822,0.00136804086240126,0.00672790797890947,-0.0974273675000017,"Non-significant",2.17211995724064,"PEPD","PEPD_HUMAN"
-0.148357152500003,10.31854975375,-5.02744864949683,0.0014112788315997,0.00722252157842646,-2.00950703113568,"TGFR1_HUMAN",15,-4.90980834269437,0.00136809043490934,0.00672790797890947,-0.148357152500003,"Non-significant",2.17211995724064,"TGFBR1","TGFR1_HUMAN"
0.202706099999999,10.2441705475,4.85840329931439,0.00171592380145044,0.00834594444456188,-2.2248357326002,"NAGS_HUMAN",16,4.90602993900527,0.001374380764889,0.00675490114708418,0.202706099999999,"Non-significant",2.17038100216971,"NAGS","NAGS_HUMAN"
0.203456162999998,9.12960278975,4.67374302518319,0.00213425443484486,0.00981966737516775,-2.46471283276429,"SCAFB_HUMAN",27,4.9011226431135,0.00138259790129235,0.00678837151908969,0.203456162999998,"Non-significant",2.16823439730968,"SCAF11","SCAFB_HUMAN"
-0.138210774999997,17.2405741225,-4.57711690005834,0.0023970649466575,0.0107358450772455,-2.59217821707348,"AOFA_HUMAN",27,-4.9010014560797,0.00138280150649863,0.00678837151908969,-0.138210774999997,"Non-significant",2.16823439730968,"MAOA","AOFA_HUMAN"
0.0802957999999983,13.74848378,4.04833095208717,0.00463778229517774,0.0172640925291008,-3.3132542048037,"SAC1_HUMAN",37,4.89824053603314,0.00138744902482233,0.0068072222527517,0.0802957999999983,"Non-significant",2.16703006964398,"SACM1L","SAC1_HUMAN"
-0.135301112500002,14.37396335625,-4.61622942097103,0.00228661914130966,0.0103421359261417,-2.54042132809182,"GSTM3_HUMAN",24,-4.89096011910833,0.0013997866849822,0.0068613526043328,-0.135301112500002,"Non-significant",2.16359026174323,"GSTM3","GSTM3_HUMAN"
0.239720584999999,13.3641356225,5.07453559658331,0.00133745269676953,0.00694601896553935,-1.95024929761577,"ISG15_HUMAN",11,4.89077032892391,0.00140010991570203,0.0068613526043328,0.239720584999999,"Non-significant",2.16359026174323,"ISG15","ISG15_HUMAN"
0.185166359749999,10.096305847625,5.17354322585606,0.00119577349132922,0.00638690832129477,-1.82666890529535,"IKBE_HUMAN",12,4.88901879060632,0.00140309681916066,0.00687004727706868,0.185166359749999,"Non-significant",2.16304027427969,"NFKBIE","IKBE_HUMAN"
0.177399394999995,10.7720116375,4.9229249136702,0.00159181307684127,0.00791586573728325,-2.14216925823753,"SIA10_HUMAN",15,4.88877434643399,0.00140351422601878,0.00687004727706868,0.177399394999995,"Non-significant",2.16304027427969,"ST3GAL6","SIA10_HUMAN"
0.101769687500003,12.08330667125,4.27898406026886,0.00345983779882237,0.0139870443758872,-2.99387431775592,"IPO9_HUMAN",36,4.88611644798289,0.00140806159038984,0.0068883059462542,0.101769687500003,"Non-significant",2.16188757180133,"IPO9","IPO9_HUMAN"
-0.173339845000005,20.159656525,-4.64821844917711,0.00220044813060795,0.010052887421623,-2.49825380336612,"SODM_HUMAN",25,-4.88373454064024,0.00141215049767948,0.00690430194022062,-0.173339845000005,"Non-significant",2.16088022423023,"SOD2","SODM_HUMAN"
0.164631843499999,9.138764143,4.65165654565382,0.00219140163137797,0.0100333103481178,-2.4937304772455,"WIZ_HUMAN",24,4.88305106872808,0.0014133261847932,0.00690604429659238,0.164631843499999,"Non-significant",2.16077064033583,"WIZ","WIZ_HUMAN"
0.161109447749999,9.335308551875,4.47941433495709,0.0026994782997093,0.0116686679939742,-2.72242337743775,"PHF3_HUMAN",58,4.88200352591011,0.00141513021953868,0.00691085319843077,0.161109447749999,"Non-significant",2.16046833229345,"PHF3","PHF3_HUMAN"
0.424183010999998,7.93687957525,4.75373788899424,0.00194061494340295,0.00912803758813811,-2.3601990097128,"CDK13_HUMAN",17,4.8795342029378,0.00141939278675861,0.00692765593490928,0.424183010999998,"Non-significant",2.15941368988229,"CDK13","CDK13_HUMAN"
0.108753442500003,14.28336656125,4.43375591488085,0.00285498212518439,0.012153860774333,-2.78375758874709,"KYNU_HUMAN",28,4.87753611041682,0.00142285221955458,0.00694052161957497,0.108753442500003,"Non-significant",2.15860788862438,"KYNU","KYNU_HUMAN"
0.4350693225,8.753826499,4.76252524779176,0.00192055320246708,0.00906026142868515,-2.34877412520003,"DDX51_HUMAN",15,4.87406260171387,0.00142888817117164,0.00696593313753947,0.4350693225,"Non-significant",2.15702069843033,"DDX51","DDX51_HUMAN"
-0.49648285,14.9742989525,-6.94997730606653,0.000197682631466091,0.00184525681132634,0.171732889889279,"H2B1J_HUMAN;H2B1B_HUMAN;H2B2E_HUMAN",2,-4.8730086194881,0.00143072523572584,0.00696733935612419,-0.49648285,"Non-significant",2.1569330358982,"H2BC11;H2BC3;H2BC21","H2B1J_HUMAN;H2B1B_HUMAN;H2B2E_HUMAN"
0.545531987750001,9.048366427375,5.09801082532529,0.00130225190195323,0.00681781446059862,-1.92082313118754,"EPCR_HUMAN",5,4.87294866948888,0.00143082980489394,0.00696733935612419,0.545531987750001,"Up in D1CM",2.1569330358982,"PROCR","EPCR_HUMAN"
-0.0671029099999974,12.9641203875,-3.76890970287313,0.00668514133001031,0.022440882624714,-3.70983956059519,"DNJC7_HUMAN",40,-4.86785569097428,0.00143974402566978,0.00700669884086059,-0.0671029099999974,"Non-significant",2.15448654877775,"DNAJC7","DNJC7_HUMAN"
0.552420377999999,8.66116559525,4.8595627482262,0.00171360138464283,0.00833946078011225,-2.22334498613119,"RPP29_HUMAN",8,4.86660370333521,0.00144194468880146,0.00701335936636322,0.552420377999999,"Up in D1CM",2.15407390716853,"POP4","RPP29_HUMAN"
0.7689943315,7.60343694675,4.79286913652243,0.00185301689924922,0.00881935598180219,-2.30940746406357,"C2CD2_HUMAN",8,4.86497335655041,0.00144481593813231,0.00701974897648876,0.7689943315,"Up in D1CM",2.1536784177954,"C2CD2","C2CD2_HUMAN"
0.115174770000003,13.3918051725,4.23258456304897,0.00366755537066813,0.0146441611650221,-3.05752612593849,"GSLG1_HUMAN",68,4.86491206121389,0.00144492400927844,0.00701974897648876,0.115174770000003,"Non-significant",2.1536784177954,"GLG1","GSLG1_HUMAN"
-0.111168382500002,12.86910247875,-4.60048236484713,0.00233039733562455,0.0104918972367036,-2.56123275984118,"GOLM2_HUMAN",22,-4.86251192927965,0.0014491627112088,0.00703628599814457,-0.111168382500002,"Non-significant",2.15265651644429,"GOLM2","GOLM2_HUMAN"
0.3416361825,11.04442334375,4.69924409945844,0.00207030596771174,0.00959879483049627,-2.43129597784634,"PELP1_HUMAN",24,4.8592788902959,0.00145489391821668,0.00705782542339599,0.3416361825,"Non-significant",2.15132908819672,"PELP1","PELP1_HUMAN"
-0.136183500000001,12.3723207725,-5.32959704292255,0.00100503169770384,0.00566270867643427,-1.63466384847158,"ARL3_HUMAN",13,-4.85906524019119,0.00145527353017704,0.00705782542339599,-0.136183500000001,"Non-significant",2.15132908819672,"ARL3","ARL3_HUMAN"
0.201038122000003,9.7858451605,4.90253967452436,0.00162991892558485,0.00804838115041282,-2.16822318211356,"MKRN1_HUMAN",14,4.85818580782459,0.00145683724321131,0.00706134624670969,0.201038122000003,"Non-significant",2.15111249274702,"MKRN1","MKRN1_HUMAN"
-0.0719881075000011,15.11469364125,-3.9874703727337,0.00501725515063722,0.0182683156707054,-3.39874908347298,"GUAD_HUMAN",32,-4.85596099454646,0.00146080140132815,0.00707649138608905,-0.0719881075000011,"Non-significant",2.15018201764227,"GDA","GUAD_HUMAN"
0.0554354200000002,11.624185205,3.2456856283659,0.013670868935561,0.038181495777947,-4.47793048027697,"FYCO1_HUMAN",84,4.85368226584587,0.00146487388940853,0.00708814703218713,0.0554354200000002,"Non-significant",2.14946728228844,"FYCO1","FYCO1_HUMAN"
0.200318576999999,10.131290554,4.55524578004916,0.00246137446801732,0.0109714042257631,-2.62121541926072,"ADNP_HUMAN",48,4.85367364156109,0.00146488932614426,0.00708814703218713,0.200318576999999,"Non-significant",2.14946728228844,"ADNP","ADNP_HUMAN"
0.272538662000002,9.39354205125,5.33189010119371,0.00100249321988322,0.0056536449915595,-1.63186769271388,"MTFR1_HUMAN",8,4.85254216277079,0.00146691612436641,0.00709388182001402,0.272538662000002,"Non-significant",2.14911605089978,"MTFR1","MTFR1_HUMAN"
0.233506677500003,10.91856717875,5.04361693222054,0.00138543248613822,0.00712742856393001,-1.98912435844985,"ALKB7_HUMAN",11,4.84869457681368,0.00147383127453393,0.00712323613133398,0.233506677500003,"Non-significant",2.14732265879518,"ALKBH7","ALKB7_HUMAN"
0.113931415,11.784923435,4.24570295491783,0.00360747704208564,0.0144728338827891,-3.03949932866939,"NU155_HUMAN",52,4.84404154293291,0.00148224181621965,0.00715978009679968,0.113931415,"Non-significant",2.14510031626939,"NUP155","NU155_HUMAN"
0.379807947999998,9.9099934095,4.74937066694343,0.00195067130792985,0.00916000471005054,-2.36588116476374,"S27A3_HUMAN",14,4.8386792785789,0.00149199963488867,0.00720278632444252,0.379807947999998,"Non-significant",2.14249946867354,"SLC27A3","S27A3_HUMAN"
0.172575473999997,9.794250965,5.18064204224267,0.00118627309483316,0.00636074803838976,-1.81786105092448,"NUD18_HUMAN",12,4.83740033752502,0.00149433733560574,0.00720933499180128,0.172575473999997,"Non-significant",2.142104793909,"NUDT18","NUD18_HUMAN"
0.0892014499999991,15.5853188025,3.98565070164693,0.00502910993619328,0.0182737472396708,-3.40131301980811,"SC31A_HUMAN",59,4.83700173300828,0.00149506674168568,0.00720933499180128,0.0892014499999991,"Non-significant",2.142104793909,"SEC31A","SC31A_HUMAN"
-0.155003548,9.51190567025,-4.44721025300479,0.00280816065029806,0.0119908744282484,-2.76565307742063,"LAMB3_HUMAN",46,-4.8359161405703,0.00149705524599781,0.00721479626558923,-0.155003548,"Non-significant",2.14177592818513,"LAMB3","LAMB3_HUMAN"
0.146126987500001,11.57802379375,4.53715495840717,0.00251600383771382,0.0111500506561986,-2.64528547513169,"SCFD2_HUMAN",27,4.83425558556844,0.00150010253347196,0.0072226971665041,0.146126987500001,"Non-significant",2.141300593872,"SCFD2","SCFD2_HUMAN"
0.469266176000005,8.6443754435,4.70220489976228,0.0020630191082676,0.00957027411314674,-2.42742215352677,"Z512B_HUMAN",18,4.83408909265968,0.00150040843973765,0.0072226971665041,0.469266176000005,"Non-significant",2.141300593872,"ZNF512B","Z512B_HUMAN"
-0.0979826424999999,13.51875722375,-4.16564949847205,0.00399163626066948,0.0155766213153625,-3.14988106602618,"ITA1_HUMAN",41,-4.83257782798601,0.00150318829597399,0.00722784262502423,-0.0979826424999999,"Non-significant",2.14099131209169,"ITGA1","ITA1_HUMAN"
0.275889875000001,11.4462335125,4.78783180477346,0.00186404469997115,0.00886683565240229,-2.31593353223283,"MK67I_HUMAN",14,4.83257563891824,0.0015031923266897,0.00722784262502423,0.275889875000001,"Non-significant",2.14099131209169,"NIFK","MK67I_HUMAN"
0.539886952499998,9.77405929625,5.23110641218043,0.00112109910166398,0.00609660924382302,-1.75545025813024,"AQP11_HUMAN",4,4.8313707949541,0.00150541259644318,0.00723439154812973,0.539886952499998,"Up in D1CM",2.14059798954864,"AQP11","AQP11_HUMAN"
-0.198366402500003,10.27654397375,-4.61929995553862,0.00227818871145708,0.0103259806246431,-2.53636742598307,"MASP2_HUMAN",25,-4.82854015380211,0.00151064301857844,0.00725539031544029,-0.198366402500003,"Non-significant",2.13933921902469,"MASP2","MASP2_HUMAN"
-0.653805613750002,8.361146509625,-4.85646251169756,0.00171981905044585,0.00835524770963001,-2.22733150443348,"IBP1_HUMAN",6,-4.82604159522593,0.00151527637585394,0.00727349918682963,-0.653805613750002,"Up in D1BM",2.13825660538251,"IGFBP1","IBP1_HUMAN"
0.264060020750001,8.226029157625,4.72030054792843,0.00201909348637287,0.0094000642740171,-2.403773629866,"ARHGQ_HUMAN",17,4.82457570145964,0.00151800199530795,0.00728243529792302,0.264060020750001,"Non-significant",2.13772336524885,"ARHGEF26","ARHGQ_HUMAN"
-0.371643782000001,9.6622492075,-4.84571820245711,0.00174156081828304,0.00843171518512795,-2.24115796157741,"ENPP7_HUMAN",10,-4.82138029870999,0.00152396203062685,0.00730420729240229,-0.371643782000001,"Non-significant",2.13642691008096,"ENPP7","ENPP7_HUMAN"
-0.0978515175000005,15.11815798125,-4.64880819054317,0.00219889345392108,0.0100512326047184,-2.49747779070917,"PDXK_HUMAN",20,-4.82121372950678,0.00152427341645932,0.00730420729240229,-0.0978515175000005,"Non-significant",2.13642691008096,"PDXK","PDXK_HUMAN"
-0.089066745000002,11.348652005,-3.93051442315708,0.00540317756560685,0.0192691949763372,-3.47921146482017,"GOGA3_HUMAN",78,-4.81759073946508,0.00153106354543197,0.00733257649116254,-0.089066745000002,"Non-significant",2.13474339789851,"GOLGA3","GOGA3_HUMAN"
0.282214639999999,12.28681779,4.89407997755216,0.00164602756834708,0.00810577663531923,-2.17905270427664,"P5CR3_HUMAN",11,4.81548420652485,0.00153502679901723,0.00734477222135516,0.282214639999999,"Non-significant",2.13402166815724,"PYCR3","P5CR3_HUMAN"
0.232238289999998,16.319668055,4.85769340788618,0.00171734745450098,0.00834805172663714,-2.22574856100003,"RL23_HUMAN",13,4.81483315122102,0.00153625397471425,0.00734477222135516,0.232238289999998,"Non-significant",2.13402166815724,"RPL23","RL23_HUMAN"
0.118066785,11.3107597825,4.4086429432512,0.00294468598890713,0.0124477222670503,-2.81761932473235,"MTU1_HUMAN",29,4.81473447672393,0.00153644006031252,0.00734477222135516,0.118066785,"Non-significant",2.13402166815724,"TRMU","MTU1_HUMAN"
-0.107914205000002,11.854020715,-4.31515269133494,0.00330685318193825,0.0135505422802905,-2.94446798105495,"ENAH_HUMAN",32,-4.81438701052018,0.00153709552716461,0.00734477222135516,-0.107914205000002,"Non-significant",2.13402166815724,"ENAH","ENAH_HUMAN"
0.180799004999999,12.9962685125,4.68832846087608,0.00209741667237045,0.00968451086344141,-2.44558853014154,"SHPK_HUMAN",19,4.8129739530953,0.00153976430440783,0.00735335598971877,0.180799004999999,"Non-significant",2.13351440851105,"SHPK","SHPK_HUMAN"
0.7066218855,7.9956594705,4.66628265205553,0.00215337188205671,0.00990222127324389,-2.47450659662034,"RIF1_HUMAN",29,4.81152559605252,0.00154250502101099,0.00735816994892483,0.7066218855,"Up in D1CM",2.13323018565033,"RIF1","RIF1_HUMAN"
-1.92387712,8.3821824195,-4.67774515092334,0.00212407598268233,0.00977817392573969,-2.45946224388747,"RET1_HUMAN",12,-4.81151861375917,0.0015425182465002,0.00735816994892483,-1.92387712,"Up in D1BM",2.13323018565033,"RBP1","RET1_HUMAN"
0.168545965000003,13.2563630325,4.52660171369215,0.00254848667349999,0.0112408132762593,-2.6593483331689,"ITA5_HUMAN",30,4.8087537176505,0.0015477651459626,0.00737775124300607,0.168545965000003,"Non-significant",2.13207599204918,"ITGA5","ITA5_HUMAN"
0.158324952499999,12.11553800125,5.08520446037512,0.00132132594293874,0.00688772812184948,-1.93686626934258,"RM13_HUMAN",13,4.80843369807317,0.00154837370374632,0.00737775124300607,0.158324952499999,"Non-significant",2.13207599204918,"MRPL13","RM13_HUMAN"
0.0901980424999991,13.68146467375,3.99343282143871,0.00497862378662388,0.0181823309780991,-3.39035105853001,"DDX46_HUMAN",55,4.80663530698569,0.00155179845276863,0.00738989217987953,0.0901980424999991,"Non-significant",2.13136189800909,"DDX46","DDX46_HUMAN"
-0.0977745049999967,11.8378148075,-4.22606646301828,0.00369781280596678,0.0147161775927734,-3.06649203826622,"CLGN_HUMAN",33,-4.80576404598095,0.0015534606143916,0.00739363044534544,-0.0977745049999967,"Non-significant",2.13114226049245,"CLGN","CLGN_HUMAN"
-0.130202054999996,11.85015285,-4.88640146674477,0.00166080109654294,0.00814549143940694,-2.18889103159279,"CO9_HUMAN",16,-4.80499968096297,0.00155492045011849,0.00739640207339095,-0.130202054999996,"Non-significant",2.13097948833104,"C9","CO9_HUMAN"
-0.125120165000002,14.166635275,-4.81821197873701,0.00179861724867932,0.00863785799376429,-2.27662981551634,"SPEE_HUMAN",17,-4.80371339068835,0.00155738048819238,0.00740392562604261,-0.125120165000002,"Non-significant",2.13053795247471,"SRM","SPEE_HUMAN"
0.329930305000001,8.3252921105,4.87175800013112,0.00168938304982195,0.00826454424082949,-2.20767671385698,"POMT1_HUMAN",10,4.80297119291235,0.00155880188604065,0.00740650569190339,0.329930305000001,"Non-significant",2.13038663907221,"POMT1","POMT1_HUMAN"
0.1587467175,11.23287725375,4.58747105075193,0.00236726642404241,0.0106227641604085,-2.57845542389117,"UTP15_HUMAN",23,4.80232829409895,0.00156003426340179,0.00740818524293727,0.1587467175,"Non-significant",2.13028816658265,"UTP15","UTP15_HUMAN"
0.322829961500004,9.06989943975,4.875692380564,0.00168165068713733,0.00823149456555198,-2.20262640721334,"CAMLG_HUMAN",10,4.79770913219464,0.00156892022089746,0.00744618724208598,0.322829961500004,"Non-significant",2.12806604719602,"CAMLG","CAMLG_HUMAN"
-0.1131093475,11.80538761375,-4.42685678107166,0.00287932325283383,0.0122266074046027,-2.7930512603455,"FTO_HUMAN",26,-4.79339672615319,0.00157726613988247,0.007481584858227,-0.1131093475,"Non-significant",2.12600639380999,"FTO","FTO_HUMAN"
0.449026823250001,7.801918268125,4.63080939650393,0.00224689171050783,0.0102207502578902,-2.5211840032501,"ITPR1_HUMAN",33,4.7913081190381,0.00158132575251385,0.0074925388595412,0.449026823250001,"Non-significant",2.1253709959378,"ITPR1","ITPR1_HUMAN"
-0.144842144999997,15.8425028325,-4.63899688455074,0.00222491616454598,0.010153664510535,-2.51039450583861,"VNN1_HUMAN",20,-4.79129398675386,0.00158135326030654,0.0074925388595412,-0.144842144999997,"Non-significant",2.1253709959378,"VNN1","VNN1_HUMAN"
0.228933809999999,10.66556859,4.64486549898502,0.00220931022208331,0.0100879067507802,-2.50266673861504,"DLP1_HUMAN",20,4.78758523373192,0.00158859031782177,0.00752259988141555,0.228933809999999,"Non-significant",2.1236320371991,"PDSS2","DLP1_HUMAN"
0.288981200750001,9.986183524625,6.3984443918852,0.000332317384032394,0.00258841011995019,-0.406815146336462,"TM41A_HUMAN",5,4.78288840287438,0.00159780757442966,0.00756199890222773,0.288981200750001,"Non-significant",2.12136339001983,"TMEM41A","TM41A_HUMAN"
0.128768920000002,12.0053787225,4.36875074145737,0.00309360754052653,0.0128579970212515,-2.87159366761965,"SC23B_HUMAN",34,4.78059016445705,0.00160233906646965,0.00757918966962551,0.128768920000002,"Non-significant",2.1203772245556,"SEC23B","SC23B_HUMAN"
-0.161858085,14.87362504,-5.7108374455448,0.000666335177341504,0.00419169351397947,-1.17961485141168,"NP1L1_HUMAN",10,-4.77693515814583,0.00160957475415879,0.00760802657874272,-0.161858085,"Non-significant",2.1187279788544,"NAP1L1","NP1L1_HUMAN"
-0.0567383750000019,16.19405961,-3.20624280258389,0.0144506021671083,0.0397922658172349,-4.53697152589424,"SPTN1_HUMAN",224,-4.77637736165528,0.0016106821486278,0.00760802657874272,-0.0567383750000019,"Non-significant",2.1187279788544,"SPTAN1","SPTN1_HUMAN"
0.380362987500003,9.2731068135,4.68660366262621,0.00210173616611222,0.00969651567824845,-2.44784848207749,"RPP38_HUMAN",14,4.77614516891239,0.00161114336730997,0.00760802657874272,0.380362987500003,"Non-significant",2.1187279788544,"RPP38","RPP38_HUMAN"
0.159269807499996,16.10199284625,4.7750106612111,0.00189244107515688,0.00897658177968337,-2.33256021871154,"VDAC3_HUMAN",16,4.77147174298783,0.00162045730449492,0.00764772375116893,0.159269807499996,"Non-significant",2.11646780790635,"VDAC3","VDAC3_HUMAN"
0.387855410749999,7.988779127625,4.89448424607193,0.00164525378535397,0.00810577663531923,-2.17853495560725,"RASF7_HUMAN",8,4.76866524587598,0.00162607886343483,0.00766996012305102,0.387855410749999,"Non-significant",2.11520689398895,"RASSF7","RASF7_HUMAN"
-0.0674638724999994,18.63729762875,-3.55331982397564,0.00893448087811606,0.0279542462218412,-4.02261527122928,"ENPL_HUMAN",71,-4.76647214015909,0.00163048663486906,0.00768644957791458,-0.0674638724999994,"Non-significant",2.11427421738698,"HSP90B1","ENPL_HUMAN"
-0.116287472500002,10.89531123625,-4.46255328448858,0.00275579304967325,0.0118392352781324,-2.74503862254909,"5NTD_HUMAN",24,-4.76588983722244,0.00163165916253632,0.00768767751873595,-0.116287472500002,"Non-significant",2.11420484266143,"NT5E","5NTD_HUMAN"
-0.139633892500003,14.36201369875,-5.39006263056537,0.000940416435018921,0.00538503405623267,-1.56117427850477,"MARCS_HUMAN",12,-4.76479415558725,0.00163386793610598,0.00769099112094219,-0.139633892500003,"Non-significant",2.11401769002691,"MARCKS","MARCS_HUMAN"
0.0929732299999984,13.1824202525,4.30545572832998,0.00334712841996216,0.0136756885370146,-2.95769588902837,"PDE12_HUMAN",26,4.76463584621063,0.00163418734103778,0.00769099112094219,0.0929732299999984,"Non-significant",2.11401769002691,"PDE12","PDE12_HUMAN"
0.741391899999998,11.49269688,5.8851062764838,0.000555628039686039,0.00367669369964218,-0.978060575454848,"KTAP2_HUMAN",1,4.76169194376301,0.00164013943392929,0.00771469603157925,0.741391899999998,"Up in D1CM",2.11268118099532,"KRTCAP2","KTAP2_HUMAN"
0.154938695000004,12.701654435,5.04565346763741,0.00138221423300739,0.00712186159019323,-1.98655960353739,"RAB9A_HUMAN",13,4.76063883838652,0.0016422744041891,0.00772042997931395,0.154938695000004,"Non-significant",2.11235851152395,"RAB9A","RAB9A_HUMAN"
0.201781033250002,9.884900688375,4.52760551791532,0.00254537720973646,0.0112329761784652,-2.65801001527177,"RN123_HUMAN",29,4.75728298165495,0.00164909809026653,0.00774818718107946,0.201781033250002,"Non-significant",2.11079989611916,"RNF123","RN123_HUMAN"
0.151174069999998,13.5529727925,4.40212374080738,0.00296847538074142,0.0124908483895322,-2.82642435544046,"CTNB1_HUMAN",37,4.75564456674912,0.00165244086252952,0.00775956770488097,0.151174069999998,"Non-significant",2.11016247315088,"CTNNB1","CTNB1_HUMAN"
0.291597843,8.3268642425,4.97394918838232,0.00150068020993054,0.00757439131108055,-2.07721528523982,"CNDP1_HUMAN",9,4.75376599363816,0.00165628275085082,0.00777327801053539,0.291597843,"Non-significant",2.10939579951665,"CNDP1","CNDP1_HUMAN"
0.109813927499999,11.12570083125,4.09760166572398,0.00435347260130237,0.0165012045088721,-3.24441059290548,"MYO5B_HUMAN",77,4.74586525689916,0.00167254803450113,0.00784524617852533,0.109813927499999,"Non-significant",2.10539342399576,"MYO5B","MYO5B_HUMAN"
0.127620934999996,12.294126155,4.21841970747965,0.00373365817753152,0.0148029185223016,-3.07701805904616,"SCRIB_HUMAN",72,4.74466662668762,0.00167503090348165,0.00785252251693372,0.127620934999996,"Non-significant",2.1049908095979,"SCRIB","SCRIB_HUMAN"
0.165308236250002,9.956203102375,4.42815142276679,0.00287473826099091,0.0122132907267603,-2.79130675959301,"PSD3_HUMAN",36,4.74195003800318,0.00168067305563072,0.00787459321062332,0.165308236250002,"Non-significant",2.10377187194403,"PSD3","PSD3_HUMAN"
-0.121030567499998,13.03909671375,-4.33442813385927,0.00322836275433159,0.0132870457305962,-2.91821331943588,"UAP1_HUMAN",31,-4.74071269796173,0.00168324981286648,0.00788228481813978,-0.121030567499998,"Non-significant",2.1033478764088,"UAP1","UAP1_HUMAN"
0.214971782499999,12.51087367625,4.97674355925929,0.0014958585993305,0.00755457886983632,-2.07366872449985,"D39U1_HUMAN",11,4.73958623027552,0.00168559944032118,0.00788890487643933,0.214971782499999,"Non-significant",2.1029832805839,"SDR39U1","D39U1_HUMAN"
-0.0636525175000031,17.41620421375,-3.69098796180142,0.00741813983915843,0.0243582005080898,-3.82223530982323,"IF4A1_HUMAN",36,-4.7361028675159,0.0016928879145574,0.00791519292952379,-0.0636525175000031,"Non-significant",2.10153849492589,"EIF4A1","IF4A1_HUMAN"
0.403563737749998,8.403531432375,4.59534999145206,0.00234486449655879,0.0105356411735043,-2.56802342264043,"FBX42_HUMAN",21,4.7360044129971,0.00169309441830957,0.00791519292952379,0.403563737749998,"Non-significant",2.10153849492589,"FBXO42","FBX42_HUMAN"
0.190200565,10.96268785,4.47476043991855,0.00271489459249913,0.0117232820287783,-2.72866145537133,"LAS1L_HUMAN",33,4.73444160898621,0.00169637602243187,0.00792613829993252,0.190200565,"Non-significant",2.10093835410964,"LAS1L","LAS1L_HUMAN"
-0.102350234999996,17.0413856525,-4.26558594844473,0.00351846256205888,0.0141832237855544,-3.01222300639433,"RACK1_HUMAN",29,-4.73217153223272,0.00170115518023828,0.00794375160194418,-0.102350234999996,"Non-significant",2.09997434452169,"RACK1","RACK1_HUMAN"
0.299654006999999,9.4697465895,4.73184223081626,0.00199161610479647,0.00932111723893918,-2.38871473454749,"CHD7_HUMAN",12,4.7317564987316,0.00170203053661303,0.00794375160194418,0.299654006999999,"Non-significant",2.09997434452169,"CHD7","CHD7_HUMAN"
-0.178402899999998,11.7102489475,-4.8128306373405,0.00181001946271592,0.00866674984091403,-2.28358219964152,"EFHD1_HUMAN",14,-4.73071344680118,0.00170423263814979,0.00794962750800477,-0.178402899999998,"Non-significant",2.09965322040115,"EFHD1","EFHD1_HUMAN"
0.0688295325000006,11.30980110125,3.59541394870075,0.00843809265980539,0.0267990516313111,-3.9611079899785,"GEMI5_HUMAN",61,4.7297841998014,0.00170619710075705,0.00795438902781041,0.0688295325000006,"Non-significant",2.09939317265356,"GEMIN5","GEMI5_HUMAN"
0.147771122500002,10.40024054125,4.44421364443032,0.00281851547351281,0.01202899591202,-2.7696831569485,"MTMRA_HUMAN",27,4.72480578626099,0.00171676395355752,0.00799922795165084,0.147771122500002,"Non-significant",2.09695192707279,"MTMR10","MTMRA_HUMAN"
0.15325999225,9.653739571625,4.50897539332835,0.00260377351186294,0.0113893134050299,-2.68287204932765,"PMGT1_HUMAN",23,4.72311345904546,0.00172037227339341,0.00801161209526686,0.15325999225,"Non-significant",2.09628008645827,"POMGNT1","PMGT1_HUMAN"
0.070399284999997,15.01141262,3.60337351206501,0.00834761978132284,0.0266422139859032,-3.94950082199317,"ODO1_HUMAN",67,4.72053297313503,0.00172589028311027,0.00803287089803229,0.070399284999997,"Non-significant",2.09512921283527,"OGDH","ODO1_HUMAN"
0.3224198825,11.01071369625,4.86224647719528,0.00170823908760083,0.00832297530022394,-2.21989515194782,"MBOA7_HUMAN",9,4.71858822550375,0.00173006165597548,0.00804784199680869,0.3224198825,"Non-significant",2.09432055870312,"MBOAT7","MBOA7_HUMAN"
0.2914060355,8.1889660955,5.06331292551778,0.00135465211626224,0.00701804713458785,-1.96434433877805,"DPCD_HUMAN",8,4.71812957564415,0.00173104704109856,0.00804798428539425,0.2914060355,"Non-significant",2.09431288029675,"DPCD","DPCD_HUMAN"
-0.132901192499997,16.43510341625,-5.41285364888259,0.00091726971725042,0.0052848027660313,-1.5336044846712,"QCR7_HUMAN",12,-4.71538633778705,0.00173695358308407,0.00806754753869909,-0.132901192499997,"Non-significant",2.09325846679993,"UQCRB","QCR7_HUMAN"
0.0943234000000004,12.0561121675,3.89061237388395,0.00569274386333291,0.0199850637334582,-3.53583907089302,"SYNE2_HUMAN",176,4.71528641199555,0.00173716915206298,0.00806754753869909,0.0943234000000004,"Non-significant",2.09325846679993,"SYNE2","SYNE2_HUMAN"
0.0766901950000012,18.1920731075,3.83312337977741,0.00614000378659069,0.0210896870078129,-3.6177934093662,"HMCS2_HUMAN",42,4.7119854567422,0.00174430675801537,0.00809623439609668,0.0766901950000012,"Non-significant",2.09171692695465,"HMGCS2","HMCS2_HUMAN"
0.436305284249999,8.123994231375,4.71793884586592,0.00202476737064786,0.00940835951884831,-2.40685738834993,"MPPE1_HUMAN",9,4.7073683133438,0.00175434423633223,0.0081383420847795,0.436305284249999,"Non-significant",2.0894640590871,"MPPE1","MPPE1_HUMAN"
-0.1548016075,9.2964326145,-5.36354226153185,0.000968170954229096,0.00551772344367616,-1.59334508278797,"ARP6_HUMAN",11,-4.70521961149884,0.00175903696347732,0.00815562297312999,-0.1548016075,"Non-significant",2.08854285946009,"ACTR6","ARP6_HUMAN"
0.3562705525,10.41308486375,4.55794025586989,0.00245335010252219,0.0109414222297141,-2.61763439673116,"ATP9A_HUMAN",22,4.70320814467749,0.00176344242260306,0.0081661193786147,0.3562705525,"Non-significant",2.08798427551581,"ATP9A","ATP9A_HUMAN"
0.225916147000001,9.71335065375,4.47293842550608,0.00272095644574964,0.0117430557267938,-2.73110452535368,"MED23_HUMAN",36,4.70286948163425,0.00176418533988645,0.0081661193786147,0.225916147000001,"Non-significant",2.08798427551581,"MED23","MED23_HUMAN"
0.173440218250004,9.144003510375,4.40954628883503,0.00294140610542715,0.0124463413969104,-2.81639971656195,"MTMR3_HUMAN",36,4.70285947029839,0.00176420730673358,0.0081661193786147,0.173440218250004,"Non-significant",2.08798427551581,"MTMR3","MTMR3_HUMAN"
0.11954427,12.0396121725,6.20421683837775,0.000402201655101381,0.00292759736688216,-0.61909799933716,"ICT1_HUMAN",11,4.70121720244661,0.00176781482147912,0.00817832663570116,0.11954427,"Non-significant",2.0873355480676,"MRPL58","ICT1_HUMAN"
0.106361625000002,11.3437744375,4.14337859387255,0.00410630635154495,0.0158886580901638,-3.18074832895929,"TBL3_HUMAN",40,4.69696385657864,0.00177719558449404,0.00821721425216689,0.106361625000002,"Non-significant",2.08527538926822,"TBL3","TBL3_HUMAN"
0.360696196500001,8.089819014,4.77544704866769,0.0018914667514948,0.00897658177968337,-2.33199391717005,"STA5A_HUMAN",9,4.694529842054,0.00178258830197828,0.00823762982312224,0.360696196500001,"Non-significant",2.08419772796439,"STAT5A","STA5A_HUMAN"
0.844167828750002,7.118243753875,4.83241685687657,0.00176889842420653,0.00852489697978094,-2.25829780217412,"HNF4G_HUMAN",3,4.69148672866934,0.00178935571802473,0.00826437224505777,0.844167828750002,"Up in D1CM",2.0827901294926,"HNF4G","HNF4G_HUMAN"
0.104175332499995,13.72243964625,4.13824600478614,0.00413324070484344,0.0159536140702366,-3.18787181597736,"ABLM3_HUMAN",38,4.69084205262809,0.00179079298368711,0.00826535333081533,0.104175332499995,"Non-significant",2.08273857629175,"ABLIM3","ABLM3_HUMAN"
-1.183648348,7.2995005845,-4.69044375898846,0.00209213258260483,0.00967651944434643,-2.44281749978009,"STC2_HUMAN",3,-4.6905119985636,0.00179152930779447,0.00826535333081533,-1.183648348,"Up in D1BM",2.08273857629175,"STC2","STC2_HUMAN"
0.101153374999999,16.212860585,4.2901558438042,0.00341177208256384,0.0138591936790027,-2.97859394012595,"GCDH_HUMAN",26,4.68915420862716,0.001794561914252,0.00827208620510774,0.101153374999999,"Non-significant",2.08238494835464,"GCDH","GCDH_HUMAN"
-0.1543924825,11.65908205375,-4.38832753991143,0.00301951795306925,0.0126372973318872,-2.84507787112116,"PROS_HUMAN",31,-4.68897998906917,0.0017949514377912,0.00827208620510774,-0.1543924825,"Non-significant",2.08238494835464,"PROS1","PROS_HUMAN"
0.118696215,10.438518285,4.14020679009608,0.00412292835096775,0.0159340500093109,-3.18515002345169,"MTMR5_HUMAN",62,4.68841175311161,0.00179622255402163,0.00827342071467123,0.118696215,"Non-significant",2.08231489064731,"SBF1","MTMR5_HUMAN"
0.0839765100000029,15.3140584225,4.07287952827383,0.0044936753202172,0.0168793178583381,-3.2789120242149,"ATLA3_HUMAN",30,4.68572264312746,0.00180225133532677,0.00829665565563591,0.0839765100000029,"Non-significant",2.08109693449111,"ATL3","ATLA3_HUMAN"
-0.272083282749998,9.118252277375,-4.52556474036991,0.00255170327108403,0.0112491144727862,-2.66073102507469,"GIT1_HUMAN",23,-4.68408371818517,0.00180593653649443,0.00830908245966787,-0.272083282749998,"Non-significant",2.08044693105389,"GIT1","GIT1_HUMAN"
0.128321647499998,15.42832159875,4.49547142325853,0.00264702226655127,0.0115045934564353,-2.7009242336718,"PTBP1_HUMAN",21,4.6828275399954,0.00180876669404895,0.00831446013276549,0.128321647499998,"Non-significant",2.08016594475747,"PTBP1","PTBP1_HUMAN"
0.0818994025000013,15.69714081375,3.88773227311969,0.00571428797356197,0.0200356627825099,-3.539934549124,"SFPQ_HUMAN",42,4.68231513841962,0.00180992252290091,0.00831446013276549,0.0818994025000013,"Non-significant",2.08016594475747,"SFPQ","SFPQ_HUMAN"
0.213856697250002,9.066950082625,4.74543311186498,0.00195978757062,0.00918856645325194,-2.37100662430687,"TRI55_HUMAN",13,4.68225218649037,0.00181006457985819,0.00831446013276549,0.213856697250002,"Non-significant",2.08016594475747,"TRIM55","TRI55_HUMAN"
0.273647311249999,10.137996911875,4.66480791899991,0.00215717322279237,0.00990934225165945,-2.47644352805682,"PTH_HUMAN",13,4.68118143895181,0.00181248269159967,0.00832058032483037,0.273647311249999,"Non-significant",2.07984638247343,"PTRH1","PTH_HUMAN"
0.0993070599999939,13.2464244375,3.98913365413003,0.00500644583403874,0.0182444150173422,-3.39640589257954,"FLII_HUMAN",62,4.68078838604871,0.00181337122514099,0.00832058032483037,0.0993070599999939,"Non-significant",2.07984638247343,"FLII","FLII_HUMAN"
-0.102833750000002,16.47623825,-4.6604289827074,0.0021685042081202,0.00995551305568908,-2.48219671033253,"F10A1_HUMAN",18,-4.67964520795996,0.00181595819765251,0.00832791710990915,-0.102833750000002,"Non-significant",2.07946360613059,"ST13","F10A1_HUMAN"
-0.292121169999996,11.5345708125,-6.08832505953358,0.000451651588561525,0.00315931223235278,-0.747976330174064,"TSN9_HUMAN",5,-4.6787982821532,0.00181787736492786,0.00833218505110218,-0.292121169999996,"Non-significant",2.07924109328741,"TSPAN9","TSN9_HUMAN"
0.0992922800000002,14.061339855,4.22320553983199,0.00371117955843119,0.0147345890240304,-3.07042923702557,"PURA1_HUMAN",28,4.67540287604072,0.00182559379743735,0.0083630054992388,0.0992922800000002,"Non-significant",2.07763761763727,"ADSS1","PURA1_HUMAN"
-0.377325058250001,8.701480388625,-4.56314783316058,0.00243792294942426,0.0108899059569142,-2.6107163493467,"FA20C_HUMAN",16,-4.67378867971339,0.00182927479510148,0.00837531626719739,-0.377325058250001,"Non-significant",2.07699878423079,"FAM20C","FA20C_HUMAN"
-0.126815082499999,12.37796914625,-5.17303560100387,0.00119645607300088,0.00638690832129477,-1.82729901075957,"NAGAB_HUMAN",13,-4.67300562307465,0.00183106339371784,0.00837895404215399,-0.126815082499999,"Non-significant",2.07681019164087,"NAGA","NAGAB_HUMAN"
0.154154299999995,17.2874729625,4.55385983914865,0.00246551315213863,0.0109782410773252,-2.62305777267594,"UD2B7_HUMAN",19,4.67123745486727,0.00183510915003296,0.00839291102855551,0.154154299999995,"Non-significant",2.07608738072488,"UGT2B7","UD2B7_HUMAN"
0.632846355249999,9.270517349375,4.87029437467902,0.00169226957515104,0.0082738632534502,-2.2095560373066,"CK098_HUMAN",4,4.66923049098835,0.00183971314767999,0.0084094046213637,0.632846355249999,"Up in D1CM",2.0752347507906,"C11orf98","CK098_HUMAN"
0.0952181825000018,14.75459504125,4.17208132324002,0.00395917436626756,0.0154786088744291,-3.14097945824225,"CPNE3_HUMAN",29,4.66833650204074,0.00184176803435786,0.0084142345591341,0.0952181825000018,"Non-significant",2.07498538555437,"CPNE3","CPNE3_HUMAN"
0.178140164999999,13.939864635,4.45254994662255,0.0027898126605933,0.0119488470102342,-2.75847500595554,"PDIP2_HUMAN",25,4.66534488879015,0.00184866271236265,0.00844115818120518,0.178140164999999,"Non-significant",2.07359796128927,"POLDIP2","PDIP2_HUMAN"
0.228443862500001,11.60723578875,4.83980552394224,0.0017536548335516,0.00848143118748276,-2.24877379899881,"SIR3_HUMAN",11,4.66406696295026,0.00185161650899659,0.0084500679774403,0.228443862500001,"Non-significant",2.07313979730966,"SIRT3","SIR3_HUMAN"
0.310948372499997,13.34452962875,5.33241331470205,0.00100191500603001,0.0056536449915595,-1.63122978769196,"HACD2_HUMAN",6,4.65788089203786,0.0018659881452838,0.0085110465782452,0.310948372499997,"Non-significant",2.0700170327227,"HACD2","HACD2_HUMAN"
0.220203637499999,12.59240829875,4.61902834955736,0.00227893304886542,0.0103259806246431,-2.53672596185698,"CB072_HUMAN",15,4.65658179913122,0.00186902170393586,0.00852027254866162,0.220203637499999,"Non-significant",2.06954651268792,"C2orf72","CB072_HUMAN"
-0.114761114999997,15.010397315,-4.26339496547085,0.00352815249764295,0.0142019089792896,-3.01522596015529,"KAP2_HUMAN",29,-4.6531379755395,0.00187708963114417,0.00855242621671037,-0.114761114999997,"Non-significant",2.06791066386184,"PRKAR2A","KAP2_HUMAN"
0.116572380000001,11.455202105,4.38854906294987,0.00301869080413216,0.0126372973318872,-2.84477814109597,"RT09_HUMAN",23,4.65004621683544,0.00188436521819082,0.00857875672605048,0.116572380000001,"Non-significant",2.06657564759881,"MRPS9","RT09_HUMAN"
0.158322332500001,10.84986400625,4.40596815315077,0.00295442122770632,0.0124701134343198,-2.82123124433919,"EEPD1_HUMAN",26,4.64981769846562,0.00188490419464296,0.00857875672605048,0.158322332500001,"Non-significant",2.06657564759881,"EEPD1","EEPD1_HUMAN"
-0.134142872500004,13.26725220625,-4.6346810902789,0.00223647028179081,0.0101878206827155,-2.51608067565074,"SKI8_HUMAN",17,-4.64885031703851,0.00188718769895842,0.00858451436293607,-0.134142872500004,"Non-significant",2.06628426840786,"SKIC8","SKI8_HUMAN"
0.224143505000001,10.4875583625,4.50944678475412,0.00260227789683264,0.0113886814083086,-2.6822423617304,"CX038_HUMAN",20,4.64789948890732,0.00188943507730783,0.00859010154618537,0.224143505000001,"Non-significant",2.06600170221215,"CXorf38","CX038_HUMAN"
0.586119175249999,7.704857945375,4.52358340052414,0.00255786162848409,0.0112703688795046,-2.66337335567335,"HEAT6_HUMAN",16,4.64683637605266,0.00189195131775735,0.00859690439750767,0.586119175249999,"Up in D1CM",2.06565790283784,"HEATR6","HEAT6_HUMAN"
0.231049540000001,10.6900024425,4.59606352702327,0.00234284727549382,0.0105321918320733,-2.56707911510204,"DIK2A_HUMAN",15,4.64296663903984,0.00190114143707694,0.00863400925275944,0.231049540000001,"Non-significant",2.06378749026161,"DIPK2A","DIK2A_HUMAN"
-0.198512555000002,11.651902435,-4.53618830576507,0.00251896016655345,0.0111572859925796,-2.64657293691358,"BIEA_HUMAN",18,-4.63932999102749,0.00190982250383239,0.00866876353516596,-0.198512555000002,"Non-significant",2.0620428434868,"BLVRA","BIEA_HUMAN"
0.382099625000002,12.6090264325,5.21855047531722,0.00113693555257047,0.00616131222793958,-1.77094536275079,"CEPT1_HUMAN",5,4.63865688139172,0.00191143403668289,0.00867140877029068,0.382099625000002,"Non-significant",2.06191034064811,"CEPT1","CEPT1_HUMAN"
0.446619992500001,11.32697343875,5.246127956746,0.00110247339394019,0.00602789989322413,-1.73694122031314,"PRAF1_HUMAN",4,4.6376299427155,0.00191389555837593,0.00867672784344734,0.446619992500001,"Non-significant",2.06164402453076,"RABAC1","PRAF1_HUMAN"
-0.0770142075000013,15.34385001625,-4.05097040026987,0.00462204878597003,0.0172309815200979,-3.30955779865759,"LA_HUMAN",27,-4.6373091066537,0.00191466529704734,0.00867672784344734,-0.0770142075000013,"Non-significant",2.06164402453076,"SSB","LA_HUMAN"
-2.36418581025,7.628058433625,-4.50621570395076,0.00261254834282327,0.0114099326329831,-2.68655909733934,"CO2A1_HUMAN",10,-4.63487762133066,0.00192050984579461,0.00869853707157593,-2.36418581025,"Up in D1BM",2.06055378130842,"COL2A1","CO2A1_HUMAN"
0.165679932500002,11.35341906625,4.37483061504974,0.00307038657875341,0.0128056845483981,-2.86335294868265,"PLRG1_HUMAN",29,4.63438599627858,0.00192169393131499,0.00869922564288619,0.165679932500002,"Non-significant",2.06051940416171,"PLRG1","PLRG1_HUMAN"
0.14355612,14.799597025,4.3976672732372,0.00298485893755454,0.0125420618069029,-2.83244687707483,"GCST_HUMAN",24,4.63274386193893,0.00192565482278688,0.00871247691962994,0.14355612,"Non-significant",2.05985835938927,"AMT","GCST_HUMAN"
0.178327317500001,11.74767816125,5.02898780551551,0.00140879552440157,0.00721429980266149,-2.00756509055594,"ATPF1_HUMAN",11,4.63075305700145,0.00193046869443365,0.00872957115095561,0.178327317500001,"Non-significant",2.05900709092768,"ATPAF1","ATPF1_HUMAN"
1.96063268225,8.033758223125,4.52793905676856,0.00254434493680922,0.0112329761784652,-2.65756535787388,"TM238_HUMAN",4,4.62899270426152,0.00193473628122094,0.00874417807743233,1.96063268225,"Up in D1CM",2.05828100644963,"TMEM238","TM238_HUMAN"
0.260968685,9.65653300275,4.51243024357838,0.00259283395275512,0.0113532453962457,-2.67825777617913,"CDK18_HUMAN",18,4.62766434424842,0.00193796342431541,0.00875406950887168,0.260968685,"Non-significant",2.05779000933365,"CDK18","CDK18_HUMAN"
0.144112110999998,10.0256214145,4.2738550821735,0.00348215281722601,0.0140637595095343,-3.00089545390293,"F120B_HUMAN",37,4.62582118969248,0.00194245096986631,0.00876964072040874,0.144112110999998,"Non-significant",2.05701819869099,"FAM120B","F120B_HUMAN"
-0.161615371499998,9.451236248,-5.44328640637999,0.000887342745269814,0.00515758570005351,-1.49690143944072,"PPR3B_HUMAN",10,-4.62336583206488,0.00194844670604947,0.00879200068805727,-0.161615371499998,"Non-significant",2.05591228659691,"PPP1R3B","PPR3B_HUMAN"
0.230672835000004,16.7439465525,4.6496155605294,0.00219676702607723,0.0100512326047184,-2.49641549171746,"RS15A_HUMAN",13,4.62059960465128,0.00195522579938603,0.00881786958963341,0.230672835000004,"Non-significant",2.05463632838579,"RPS15A","RS15A_HUMAN"
0.191238642000002,9.17069304,4.42990459227392,0.00286854215871158,0.0121992643066498,-2.78894478383452,"RC3H1_HUMAN",24,4.6200169715412,0.0019566569216253,0.00881960491571106,0.191238642000002,"Non-significant",2.05455086915045,"RC3H1","RC3H1_HUMAN"
0.524130463750001,7.635658085375,4.5806287547089,0.00238691206868284,0.0106960562609929,-2.58752208644855,"NEIL2_HUMAN",9,4.61898941709337,0.00195918369566061,0.00882627438306965,0.524130463750001,"Up in D1CM",2.05422257573305,"NEIL2","NEIL2_HUMAN"
0.2890870575,8.7980133295,4.41462867145412,0.00292302748033283,0.0123810043375504,-2.80954015153689,"SHRM2_HUMAN",51,4.61615657086589,0.00196616820162454,0.00885300842494298,0.2890870575,"Non-significant",2.05290912248494,"SHROOM2","SHRM2_HUMAN"
0.1026408675,12.15047490375,4.31894126607376,0.00329126229860248,0.0134932149391636,-2.93930349124319,"LSR_HUMAN",23,4.6107090407265,0.0019796759346529,0.00890907018322974,0.1026408675,"Non-significant",2.0501676197975,"LSR","LSR_HUMAN"
0.233362915000003,11.6275159125,4.63394633098516,0.0022384439321852,0.0101878206827155,-2.51704900582215,"TIDC1_HUMAN",13,4.60964715094881,0.001982320797581,0.00891621238143556,0.233362915000003,"Non-significant",2.04981959530766,"TIMMDC1","TIDC1_HUMAN"
0.330027819000001,8.21609509,4.49319507417359,0.00265439012635003,0.011515107758623,-2.70396983875179,"TOP3A_HUMAN",17,4.60601699482616,0.00199139168239052,0.00895223492846382,0.330027819000001,"Non-significant",2.04806852938445,"TOP3A","TOP3A_HUMAN"
0.125189782500001,11.45439147875,4.545573336168,0.00249041849539824,0.0110599249197639,-2.63407889261271,"UBXN6_HUMAN",18,4.60436459233799,0.00199553565239538,0.00896608209703658,0.125189782500001,"Non-significant",2.04739728887791,"UBXN6","UBXN6_HUMAN"
0.0646162000000015,15.78639412,3.67618887552639,0.00756694294307819,0.0247600008024868,-3.8436667680823,"HNRPR_HUMAN",34,4.60193201215488,0.00200165334525762,0.00898877786210788,0.0646162000000015,"Non-significant",2.04629935207359,"HNRNPR","HNRPR_HUMAN"
0.23710608575,10.000635982125,4.61870279141144,0.0022798255952617,0.0103259806246431,-2.53715573169337,"DIM1_HUMAN",13,4.60021151747051,0.00200599258802358,0.00900346726541574,0.23710608575,"Non-significant",2.04559021008811,"DIMT1","DIM1_HUMAN"
0.367416619999998,10.0228973625,5.67965507025968,0.000688630173894938,0.00428690083881863,-1.2161005410865,"ZN428_HUMAN",4,4.59863658260585,0.00200997372831252,0.00901011557423922,0.367416619999998,"Non-significant",2.04526963821823,"ZNF428","ZN428_HUMAN"
0.194609877499998,12.30433046875,5.05093468156758,0.00137390703118326,0.00709164872372548,-1.97991132169846,"ZNT7_HUMAN",10,4.59844592123166,0.0020104562701078,0.00901011557423922,0.194609877499998,"Non-significant",2.04526963821823,"SLC30A7","ZNT7_HUMAN"
0.206321475000003,13.280742765,6.0529685326868,0.00046806275036898,0.00323650608930282,-0.787629700813533,"PLRKT_HUMAN",7,4.59835727233165,0.00201068067328793,0.00901011557423922,0.206321475000003,"Non-significant",2.04526963821823,"PLGRKT","PLRKT_HUMAN"
0.347353458500001,9.11586046225,5.34692667007362,0.000986022633668757,0.00559299110309149,-1.61355006390041,"MYL9_HUMAN",5,4.59738436515458,0.00201314526075351,0.00901636631396989,0.347353458500001,"Non-significant",2.04496845222991,"MYL9","MYL9_HUMAN"
0.151683094999999,10.68909371,4.40483311708665,0.00295856300636052,0.012472495049814,-2.82276425537295,"RBM26_HUMAN",22,4.59272862747495,0.00202498504879284,0.00906457725771368,0.151683094999999,"Non-significant",2.04265244517281,"RBM26","RBM26_HUMAN"
0.338446144999995,11.014181375,5.39598043270557,0.000934344541843765,0.0053601587371709,-1.55400880218014,"TM160_HUMAN",5,4.5893848894074,0.00203353528982233,0.00909801961672635,0.338446144999995,"Non-significant",2.04105313109951,"TMEM160","TM160_HUMAN"
-0.110596895,15.2615238425,-4.29154733729013,0.00340583669751495,0.0138551146348231,-2.97669193758215,"SRSF1_HUMAN",24,-4.58720071012302,0.00203914172803548,0.00911826293135865,-0.110596895,"Non-significant",2.04008788877457,"SRSF1","SRSF1_HUMAN"
0.30734419825,9.250643372625,4.7373078200234,0.00197874820274878,0.00927118877207862,-2.38159021737154,"RING2_HUMAN",9,4.58597166972113,0.0020423039008822,0.00912643332697003,0.30734419825,"Non-significant",2.03969891458547,"RNF2","RING2_HUMAN"
-0.179624795000002,11.8564173,-4.64885553602233,0.00219876869420248,0.0100512326047184,-2.49741549320307,"HMGN5_HUMAN",14,-4.58564923248342,0.00204313437987809,0.00912643332697003,-0.179624795000002,"Non-significant",2.03969891458547,"HMGN5","HMGN5_HUMAN"
0.1460042,14.5659952175,4.34285137547106,0.00319470612270565,0.0131902424524508,-2.90675673560366,"ILF2_HUMAN",25,4.58508092149314,0.00204459903702446,0.00912813839146144,0.1460042,"Non-significant",2.03961778421293,"ILF2","ILF2_HUMAN"
-0.145871877500003,14.03751432875,-4.27898365753356,0.00345983954487186,0.0139870443758872,-2.99387486892074,"EHD3_HUMAN",31,-4.58373720405624,0.00204806664439448,0.00913877911360563,-0.145871877500003,"Non-significant",2.03911181954406,"EHD3","EHD3_HUMAN"
-0.0959858900000015,16.294815305,-3.8713119636645,0.00583882238806066,0.0203285559310051,-3.56330490684048,"SND1_HUMAN",74,-4.58130431208466,0.00205436134227894,0.00916201680109479,-0.0959858900000015,"Non-significant",2.03800891616002,"SND1","SND1_HUMAN"
-0.494413377499999,12.24275302875,-9.79261506814049,2.08938045549373e-05,0.000464680418452683,2.68189412240235,"CF210_HUMAN",1,-4.57689017785977,0.00206583619886151,0.00920734729001412,-0.494413377499999,"Non-significant",2.03586547547649,"CFAP210","CF210_HUMAN"
0.2247476575,15.90993738125,4.44043935249301,0.00283161730274797,0.0120726870231981,-2.7747609508776,"RBP56_HUMAN",20,4.57655503020689,0.00206671029454345,0.00920734729001412,0.2247476575,"Non-significant",2.03586547547649,"TAF15","RBP56_HUMAN"
-0.0966088774999996,12.55815804125,-4.40777122982747,0.00294785482787619,0.0124548713504604,-2.8187963364867,"SNAG_HUMAN",20,-4.56855023495357,0.00208770805233025,0.0092959805457431,-0.0966088774999996,"Non-significant",2.03170479382694,"NAPG","SNAG_HUMAN"
0.186987400000003,10.7718565475,4.49198088170848,0.00265832931839529,0.011526264313145,-2.70559465126533,"TM209_HUMAN",17,4.56551822726674,0.00209572220761576,0.00932673837803234,0.186987400000003,"Non-significant",2.03027020535041,"TMEM209","TM209_HUMAN"
0.248053550000002,13.1861834525,4.53187515565696,0.00253219777010763,0.0111982660043217,-2.65231914947778,"STX12_HUMAN",14,4.5647345333604,0.0020977991157241,0.00932736530333478,0.248053550000002,"Non-significant",2.03024101389698,"STX12","STX12_HUMAN"
0.1203599,10.61831379,4.57475556903509,0.00240391834046472,0.0107551102397968,-2.59530993964417,"MSPD2_HUMAN",17,4.56463002877885,0.00209807623859565,0.00932736530333478,0.1203599,"Non-significant",2.03024101389698,"MOSPD2","MSPD2_HUMAN"
0.128859760000001,11.041039825,4.14746200655528,0.00408501473427034,0.0158238001816014,-3.17508359805935,"CMTR1_HUMAN",42,4.56105353788182,0.00210758443616333,0.00936469647465507,0.128859760000001,"Non-significant",2.02850629426511,"CMTR1","CMTR1_HUMAN"
0.197701692499997,10.97411262875,4.34323803104665,0.00319317043019219,0.0131902424524508,-2.90623108077999,"MA1B1_HUMAN",29,4.55959681736519,0.00211147064561171,0.00937345470871309,0.197701692499997,"Non-significant",2.02810031472504,"MAN1B1","MA1B1_HUMAN"
-0.0884904849999941,16.77560425,-4.0891951259091,0.00440060416076714,0.0166409566940809,-3.2561330625875,"KHK_HUMAN",27,-4.55948112265991,0.00211177962888197,0.00937345470871309,-0.0884904849999941,"Non-significant",2.02810031472504,"KHK","KHK_HUMAN"
0.392426730000002,13.5391963725,8.87512382167363,4.03280583562751e-05,0.000717141780348192,1.94687777832312,"H12_HUMAN",2,4.55905929597886,0.00211290661029506,0.00937347358646015,0.392426730000002,"Non-significant",2.02809944007493,"H1-2","H12_HUMAN"
0.188528298250001,10.043273090875,4.55171251403702,0.00247194060068818,0.0110010492730732,-2.62591278957475,"CLP1_HUMAN",15,4.55864729195197,0.0021140079828996,0.00937347358646015,0.188528298250001,"Non-significant",2.02809944007493,"CLP1","CLP1_HUMAN"
-0.0853011599999984,15.364387155,-4.16496576816944,0.00399510416873413,0.0155829398603702,-3.15082768348762,"NUDC_HUMAN",24,-4.55727255394505,0.00211768748257316,0.00938485162492597,-0.0853011599999984,"Non-significant",2.02757258921049,"NUDC","NUDC_HUMAN"
0.239072560000002,10.855873705,4.41214773060512,0.00293198312290708,0.012412700021589,-2.81288815573335,"FOLC_HUMAN",21,4.55645886747134,0.00211986861680046,0.00938958096217084,0.239072560000002,"Non-significant",2.02735378897752,"FPGS","FOLC_HUMAN"
-0.087368249999999,12.031921265,-4.1381647492897,0.00413366865931863,0.0159536140702366,-3.18798461933267,"5MP1_HUMAN",25,-4.55483695686629,0.00212422356538347,0.00940392879864351,-0.087368249999999,"Non-significant",2.02669066777267,"BZW2","5MP1_HUMAN"
0.205024003999998,9.721901536,4.49569163866963,0.002646310688489,0.0115045934564353,-2.70062963926976,"NPCL1_HUMAN",16,4.55372640633965,0.00212721110940593,0.00941221125521397,0.205024003999998,"Non-significant",2.02630833373315,"NPC1L1","NPCL1_HUMAN"
0.0973823050000018,11.2144786125,3.9867729720327,0.00502179497279543,0.0182737472396708,-3.39973167586767,"VPS51_HUMAN",38,4.54930943056535,0.00213913891824299,0.00946002200517849,0.0973823050000018,"Non-significant",2.02410785337448,"VPS51","VPS51_HUMAN"
0.303827762499999,8.85815548875,4.35581635758158,0.00314365147605929,0.0130082662207677,-2.88914252648204,"NIPBL_HUMAN",56,4.54851384412055,0.00214129510913625,0.0094645917540165,0.303827762499999,"Non-significant",2.02389811416734,"NIPBL","NIPBL_HUMAN"
0.195901632249996,9.406372904875,4.37282227790257,0.00307803583817795,0.0128185593280642,-2.86607448699557,"NFAC2_HUMAN",23,4.54627042276244,0.00214738799984509,0.00948338831362431,0.195901632249996,"Non-significant",2.02303646614311,"NFATC2","NFAC2_HUMAN"
0.0512516499999993,15.656440375,3.00439550076227,0.0192535068619317,0.049357606246722,-4.84100693281409,"PLEC_HUMAN",400,4.54611975492738,0.00214779787527688,0.00948338831362431,0.0512516499999993,"Non-significant",2.02303646614311,"PLEC","PLEC_HUMAN"
0.49161076575,9.007232546875,4.96166883225966,0.00152207433754211,0.00764574767052589,-2.09281440652439,"ALG14_HUMAN",4,4.54502758192639,0.00215077156807304,0.00948787921075168,0.49161076575,"Non-significant",2.02283085290455,"ALG14","ALG14_HUMAN"
0.0853319175000031,10.15118289125,3.90853347988636,0.00556065623397444,0.0196410429035428,-3.51037998924431,"Z3H7A_HUMAN",35,4.54491945229415,0.00215106622039939,0.00948787921075168,0.0853319175000031,"Non-significant",2.02283085290455,"ZC3H7A","Z3H7A_HUMAN"
0.158543587000004,9.63926315325,4.49126133968268,0.00266066675256164,0.0115304678958057,-2.70655763011629,"CASPA_HUMAN",17,4.54265559632957,0.00215724534075758,0.00950465089780864,0.158543587000004,"Non-significant",2.02206382997578,"CASP10","CASPA_HUMAN"
0.265894891499997,10.13503456175,4.37170868087759,0.00308228626100611,0.0128272589464146,-2.86758379194221,"SSH3_HUMAN",27,4.54259569301504,0.00215740910785289,0.00950465089780864,0.265894891499997,"Non-significant",2.02206382997578,"SSH3","SSH3_HUMAN"
0.372334718749999,9.301972270125,4.4430754781112,0.00282245940496461,0.0120397319455702,-2.77121419009574,"PAPD5_HUMAN",15,4.54224117854592,0.00215837857762808,0.00950465089780864,0.372334718749999,"Non-significant",2.02206382997578,"TENT4B","PAPD5_HUMAN"
0.159429312,9.042934537,4.22322085209401,0.00371110787619522,0.0147345890240304,-3.07040816125506,"DNMT1_HUMAN",42,4.54187548951957,0.00215937910420021,0.00950465089780864,0.159429312,"Non-significant",2.02206382997578,"DNMT1","DNMT1_HUMAN"
0.0963063250000005,14.291011095,3.89078423582572,0.0056914610731509,0.0199850637334582,-3.53559471922886,"CTNA1_HUMAN",54,4.54078183940448,0.00216237435804472,0.0095128671523794,0.0963063250000005,"Non-significant",2.02168856815301,"CTNNA1","CTNA1_HUMAN"
0.106408592499999,11.13180565875,4.15058858167778,0.0040687937721575,0.0157836061243475,-3.170747808945,"HOOK2_HUMAN",28,4.53879929420495,0.00216781566031567,0.00953183004736607,0.106408592499999,"Non-significant",2.02082370973191,"HOOK2","HOOK2_HUMAN"
0.150261164999998,12.78603542,4.94676903369589,0.00154848598375432,0.00775073568704537,-2.1117696225394,"RRAS2_HUMAN",12,4.53830548985534,0.00216917328209573,0.00953282669175438,0.150261164999998,"Non-significant",2.0207783024461,"RRAS2","RRAS2_HUMAN"
0.254106760250002,9.305676817875,4.33902725587485,0.00320993818652366,0.013243548200787,-2.91195673411849,"BRAT1_HUMAN",36,4.53694227872106,0.00217292599429192,0.00954434247310399,0.254106760250002,"Non-significant",2.02025398556668,"BRAT1","BRAT1_HUMAN"
0.197638509999999,11.424899815,4.33165560784322,0.00323952577677782,0.0133134874560996,-2.92198647605605,"PLPL8_HUMAN",27,4.53468852364226,0.00217914579291889,0.00956667702526736,0.197638509999999,"Non-significant",2.0192388877403,"PNPLA8","PLPL8_HUMAN"
0.108040332500002,12.47672581625,4.13644977940682,0.00414271232275037,0.0159738893725814,-3.19036564853213,"NMD3_HUMAN",29,4.53210930698562,0.00218628764275727,0.00959303411806404,0.108040332500002,"Non-significant",2.01804401093912,"NMD3","NMD3_HUMAN"
0.200684070499999,9.26683831225,4.31012370019257,0.0033276738302133,0.0136093948155594,-2.95132651301889,"ZY11B_HUMAN",31,4.53062273879609,0.0021904155542396,0.00960614604926409,0.200684070499999,"Non-significant",2.01745081475022,"ZYG11B","ZY11B_HUMAN"
0.395260810250001,10.370661734875,4.68810124062261,0.00209798515086535,0.00968451086344141,-2.44588622571451,"TI17B_HUMAN",7,4.52628586558198,0.00220250690360433,0.00965415012505507,0.395260810250001,"Non-significant",2.01528595204974,"TIMM17B","TI17B_HUMAN"
0.1262555125,10.14723205625,4.08226165281251,0.00443989610280184,0.016751962511422,-3.26580873669165,"IBTK_HUMAN",50,4.5249571990654,0.00220622583594895,0.00966310203730704,0.1262555125,"Non-significant",2.01488343451369,"IBTK","IBTK_HUMAN"
0.448261979999996,11.2046321625,5.513061482828,0.000822738792642846,0.00487341200505028,-1.41322627528411,"SC5D_HUMAN",3,4.52473728900779,0.00220684202418034,0.00966310203730704,0.448261979999996,"Non-significant",2.01488343451369,"SC5D","SC5D_HUMAN"
0.126362325000001,11.84448123,4.13111184359374,0.00417099982525173,0.0160389404776673,-3.1977793387561,"ABCF3_HUMAN",37,4.52306518315162,0.00221153341569757,0.00967456442616471,0.126362325000001,"Non-significant",2.01436857892626,"ABCF3","ABCF3_HUMAN"
0.380324244250001,8.015686571625,4.40140937181754,0.00297109499951594,0.0124908483895322,-2.82738957161588,"UHRF2_HUMAN",18,4.52298618553247,0.00221175532675518,0.00967456442616471,0.380324244250001,"Non-significant",2.01436857892626,"UHRF2","UHRF2_HUMAN"
-0.100507262499999,11.21422219125,-4.20375665334775,0.00380346163495038,0.0150028532640646,-3.09722517281373,"PAXI_HUMAN",24,-4.52212391434279,0.00221417910126113,0.00968014296915461,-0.100507262499999,"Non-significant",2.01411822840892,"PXN","PAXI_HUMAN"
0.148968935000001,10.2575551275,4.2643201500375,0.00352405717693413,0.0141922015978871,-3.01395782287597,"STAU2_HUMAN",27,4.51938254732428,0.00222190414194386,0.00970888025528502,0.148968935000001,"Non-significant",2.01283085526117,"STAU2","STAU2_HUMAN"
1.660213709,7.290100813,4.40459721554551,0.00295942461734819,0.012472495049814,-2.82308289353487,"NGBR_HUMAN",7,4.51834012297575,0.00222484935932436,0.00971671256463474,1.660213709,"Up in D1CM",2.01248064418169,"NUS1","NGBR_HUMAN"
0.185621025,15.1828044675,4.39270537514294,0.0030032174758377,0.0125989691465331,-2.83915576974134,"ODPB_HUMAN",19,4.51149451499644,0.0022442968090953,0.00979224635426993,0.185621025,"Non-significant",2.00911766903898,"PDHB","ODPB_HUMAN"
0.172908542499998,10.52401053625,6.01276153958203,0.000487539286297114,0.00334374991391242,-0.832914999077564,"ZFN2B_HUMAN",8,4.51143457656981,0.00224446790324469,0.00979224635426993,0.172908542499998,"Non-significant",2.00911766903898,"ZFAND2B","ZFN2B_HUMAN"
0.248588802500004,10.39785635375,6.66126025517019,0.000258404462883753,0.00217809121764715,-0.126756663255597,"PLPP1_HUMAN",5,4.50880739644674,0.00225198118834621,0.00981994280215736,0.248588802500004,"Non-significant",2.00789104182403,"PLPP1","PLPP1_HUMAN"
0.235270737249998,9.914832233875,4.33030623068303,0.00324497407692894,0.0133293793832524,-2.92382325019122,"ERCC2_HUMAN",26,4.50554070040397,0.0022613616839,0.00985574851788681,0.235270737249998,"Non-significant",2.00631038662115,"ERCC2","ERCC2_HUMAN"
0.138832087500001,11.30898070375,4.19356594777357,0.00385281482638864,0.015154165269076,-3.11128667627157,"MTA70_HUMAN",31,4.50353806485059,0.00226713343750213,0.0098757972840855,0.138832087500001,"Non-significant",2.0054278332102,"METTL3","MTA70_HUMAN"
0.126728294999999,12.599571825,4.49478653717288,0.00264923667089109,0.0115045934564353,-2.70184048819712,"OCLN_HUMAN",17,4.50242752972295,0.00227034101445277,0.00988466136922646,0.126728294999999,"Non-significant",2.00503820424565,"OCLN","OCLN_HUMAN"
-1.0139809845,7.13587111225,-4.63409170051894,0.00223805330027013,0.0101878206827155,-2.51685741897452,"PC4L1_HUMAN",2,-4.500932024105,0.00227466833477984,0.00989564855632529,-1.0139809845,"Up in D1BM",2.00455573706112,"PCP4L1","PC4L1_HUMAN"
1.434299946,7.0003370045,4.39239200604034,0.0030043810635344,0.0125989691465331,-2.8395795880804,"DJC14_HUMAN",7,4.50074415212632,0.00227521258775162,0.00989564855632529,1.434299946,"Up in D1CM",2.00455573706112,"DNAJC14","DJC14_HUMAN"
0.116322994999999,11.8470211025,4.11954458227781,0.00423302528360838,0.0161961734523536,-3.21385828091333,"TCAF1_HUMAN",31,4.49927450025898,0.00227947498063704,0.00990907406487345,0.116322994999999,"Non-significant",2.00396692546463,"TCAF1","TCAF1_HUMAN"
0.373198986250001,8.965970992875,4.60713847893848,0.00231178118011741,0.0104314794257011,-2.55243165195839,"SMS1_HUMAN",8,4.49878536060114,0.0022808955514751,0.00991013845535237,0.373198986250001,"Non-significant",2.00392027790872,"SGMS1","SMS1_HUMAN"
0.0885453199999944,16.8102238175,4.62446507594963,0.00226408450098622,0.0102823104842742,-2.52955117543574,"HLAA_HUMAN",17,4.4953589780974,0.00229087365524847,0.00994836375069004,0.0885453199999944,"Non-significant",2.00224834362432,"HLA-A","HLAA_HUMAN"
-0.0925858000000019,12.1354557275,-3.93675612142965,0.00535934923674218,0.0191577416100508,-3.47037256995634,"PGTA_HUMAN",35,-4.49276447047304,0.00229846090748773,0.00997617249702064,-0.0925858000000019,"Non-significant",2.00103605012128,"RABGGTA","PGTA_HUMAN"
-0.0994062375000002,12.52978682375,-4.2852410448167,0.00343282690962999,0.0139178922661237,-2.98531406137162,"WDR12_HUMAN",21,-4.49180559675116,0.00230127192611661,0.00998323266352903,-0.0994062375000002,"Non-significant",2.00072880734935,"WDR12","WDR12_HUMAN"
0.292644737500002,11.09313213875,5.19049680268617,0.0011732227918888,0.00631487542326352,-1.80564544029962,"TM41B_HUMAN",6,4.49033006316913,0.00230560490566789,0.00999688464499722,0.292644737500002,"Non-significant",2.00013531922815,"TMEM41B","TM41B_HUMAN"
0.277281045000009,16.20513618,4.68897557435547,0.00209579860009026,0.00968451086344141,-2.44474074652754,"UDB15_HUMAN",9,4.48671919156764,0.00231624600194351,0.0100378599230755,0.277281045000009,"Non-significant",1.99835886913013,"UGT2B15","UDB15_HUMAN"
0.440634011999999,9.3640772105,4.80070933437772,0.00183599597817531,0.00876805104818112,-2.2992573869749,"FCF1_HUMAN",5,4.47935188298191,0.00233812372407835,0.010127463962105,0.440634011999999,"Non-significant",1.99449929354914,"FCF1","FCF1_HUMAN"
-0.100083590000002,12.76306355,-3.9801993157141,0.00506480757392918,0.0183460520157495,-3.40899675306226,"RECQ1_HUMAN",35,-4.47850852644453,0.00234064247210264,0.0101331666139461,-0.100083590000002,"Non-significant",1.99425481643053,"RECQL","RECQ1_HUMAN"
-0.144171477499997,12.82082426625,-6.15507747057297,0.000422389931832015,0.00301722435204411,-0.673539397389947,"WASC3_HUMAN",9,-4.47786270454566,0.00234257326897745,0.0101363193450775,-0.144171477499997,"Non-significant",1.99411971544701,"WASHC3","WASC3_HUMAN"
-0.197932720000004,13.9693946825,-4.37441671878791,0.00307196129971981,0.0128059158236094,-2.86391378097911,"TRA2B_HUMAN",18,-4.47572449114763,0.00234897823748795,0.0101560621585002,-0.197932720000004,"Non-significant",1.99327464976257,"TRA2B","TRA2B_HUMAN"
0.0972747800000029,16.884951115,4.45967361288035,0.00276553936699306,0.0118750541642305,-2.74890510401564,"GSTK1_HUMAN",18,4.47553533817215,0.00234954575976692,0.0101560621585002,0.0972747800000029,"Non-significant",1.99327464976257,"GSTK1","GSTK1_HUMAN"
-0.176587819999998,12.29593408,-5.3229764313181,0.00101240102162867,0.00568901880753872,-1.64274109580324,"AN32E_HUMAN",9,-4.47448322563107,0.00235270518042425,0.0101645063894393,-0.176587819999998,"Non-significant",1.99291370679946,"ANP32E","AN32E_HUMAN"
0.104381562499999,10.90693545375,4.08845161616111,0.00440479940381921,0.0166493516478888,-3.25717031531638,"SETD3_HUMAN",28,4.47324905280753,0.00235641722262046,0.0101753282630471,0.104381562499999,"Non-significant",1.99245157123981,"SETD3","SETD3_HUMAN"
0.428278923250001,8.777831315875,4.47254715008253,0.00272226016017975,0.0117430557267938,-2.73162923358966,"PEX2_HUMAN",9,4.47162516301781,0.00236131115832726,0.0101912400171738,0.428278923250001,"Non-significant",1.99177297008074,"PEX2","PEX2_HUMAN"
0.100002052499999,14.13863694625,4.3113108866355,0.00332274580957321,0.0135958371014042,-2.94970710694274,"AADAT_HUMAN",20,4.46523756558998,0.00238066937371863,0.0102695302717883,0.100002052499999,"Non-significant",1.98844942057368,"AADAT","AADAT_HUMAN"
0.7632138725,12.21611845375,4.81884666135676,0.00179727769172434,0.00863697472265932,-2.27581011479683,"AT5G3_HUMAN",2,4.46335284751998,0.00238641420615394,0.0102890462115967,0.7632138725,"Up in D1CM",1.98762488220929,"ATP5MC3","AT5G3_HUMAN"
0.265749097,8.153437078,4.69241808282395,0.00208721388621563,0.00966655266313821,-2.44023172349268,"S41A3_HUMAN",9,4.46273630605454,0.00238829677405232,0.0102918985217214,0.265749097,"Non-significant",1.98750450459089,"SLC41A3","S41A3_HUMAN"
0.687575697750001,7.162776887375,4.50096877010386,0.00262932151657869,0.0114712997221748,-2.69357220137482,"MK07_HUMAN",5,4.46150757558909,0.00239205345168691,0.0103028198999842,0.687575697750001,"Up in D1CM",1.98704389185885,"MAPK7","MK07_HUMAN"
0.0814912325000012,12.01118075875,3.71725054509182,0.00716180797790674,0.0236362096498731,-3.78426917878126,"GOGA2_HUMAN",46,4.45640510843804,0.00240772263829467,0.010365012317766,0.0814912325000012,"Non-significant",1.98443017745487,"GOLGA2","GOGA2_HUMAN"
-0.0969605449999982,15.9266154775,-4.29948010951807,0.00337221495596759,0.0137648425490803,-2.9658540259112,"CK054_HUMAN",20,-4.45458788004792,0.00241333017177039,0.0103838489116144,-0.0969605449999982,"Non-significant",1.98364163962397,"C11orf54","CK054_HUMAN"
0.135582207500001,14.71707427375,4.17042877082486,0.00396748728275919,0.0154967332281637,-3.14326603107127,"BGLR_HUMAN",28,4.45345651377162,0.00241682848985223,0.010389147133587,0.135582207500001,"Non-significant",1.98342010310498,"GUSB","BGLR_HUMAN"
0.170782566250004,9.596220254875,4.1491288057816,0.00407635844917924,0.0157975289048882,-3.17277198936995,"TSC2_HUMAN",54,4.45339248562935,0.00241702663767519,0.010389147133587,0.170782566250004,"Non-significant",1.98342010310498,"TSC2","TSC2_HUMAN"
0.260618448749995,8.352069020375,4.69534981186636,0.00207993347293295,0.00963813042515221,-2.43639306189818,"MFRN2_HUMAN",9,4.45217223700466,0.00242080632733331,0.010400089976092,0.260618448749995,"Non-significant",1.98296290339822,"SLC25A28","MFRN2_HUMAN"
0.282943725000003,15.0374534125,4.39122791302035,0.00300870785402128,0.0126045718198536,-2.84115409659652,"RTN4_HUMAN",14,4.44942233236543,0.00242934773543458,0.0104314681925513,0.282943725000003,"Non-significant",1.98165456184678,"RTN4","RTN4_HUMAN"
0.184886217500001,14.83460986625,4.31240995571055,0.00331819069310041,0.013583792788802,-2.94820807692202,"DHB11_HUMAN",20,4.44686526248518,0.00243731967326208,0.0104603704307159,0.184886217500001,"Non-significant",1.98045293562484,"HSD17B11","DHB11_HUMAN"
-0.0716857924999985,16.13105058625,-3.5180173296995,0.00937506898374581,0.0289671761231647,-4.07435545910648,"PCCA_HUMAN",58,-4.44582189076084,0.00244058068493197,0.0104670170171399,-0.0716857924999985,"Non-significant",1.98017706976134,"PCCA","PCCA_HUMAN"
-0.1180872925,11.88892889125,-4.76240273818354,0.00192083131724527,0.00906026142868515,-2.34893333010647,"A2AP_HUMAN",14,-4.44557534909415,0.00244135193447587,0.0104670170171399,-0.1180872925,"Non-significant",1.98017706976134,"SERPINF2","A2AP_HUMAN"
-0.101520059999999,14.43961239,-4.05131039043041,0.00462002637134867,0.0172309815200979,-3.30908172980046,"VATB2_HUMAN",28,-4.44360327939045,0.00244753067778676,0.010488172894288,-0.101520059999999,"Non-significant",1.97930016204868,"ATP6V1B2","VATB2_HUMAN"
0.1808378725,15.97094333125,4.32603277500832,0.00326229513723349,0.0133874808723179,-2.92964198651553,"UCRI_HUMAN",19,4.44280393772184,0.00245003996981938,0.0104935909073209,0.1808378725,"Non-significant",1.97907587077959,"UQCRFS1","UCRI_HUMAN"
0.151385068999998,9.70753943925,4.10370055554521,0.00431962391901425,0.0164389655234081,-3.2359121111034,"CIC_HUMAN",47,4.43745961717747,0.00246688908206653,0.0105603900826505,0.151385068999998,"Non-significant",1.97632003941455,"CIC","CIC_HUMAN"
0.166761877500001,13.68437266375,4.25298887482241,0.00357457559951991,0.0143545010616261,-3.02949774123196,"COASY_HUMAN",23,4.43538288631851,0.00247347046268965,0.0105797964774483,0.166761877500001,"Non-significant",1.97552268670266,"COASY","COASY_HUMAN"
0.0997037899999995,11.748981475,3.82274409363869,0.00622474797120055,0.0213286181501014,-3.63263557434816,"MPDZ_HUMAN",65,4.4352372506344,0.00247393271527471,0.0105797964774483,0.0997037899999995,"Non-significant",1.97552268670266,"MPDZ","MPDZ_HUMAN"
0.609431982000002,8.4256373645,4.61346352555644,0.00229424256749339,0.0103634354777073,-2.54407418425047,"S5A1_HUMAN",4,4.43253019911335,0.00248254215322567,0.01061123114074,0.609431982000002,"Up in D1CM",1.97423422527761,"SRD5A1","S5A1_HUMAN"
0.463830952500002,12.36732339875,4.68571020056418,0.00210397755900569,0.00970154641403665,-2.4490193264872,"GPT_HUMAN",5,4.42775786751691,0.0024977995975503,0.0106710353815263,0.463830952500002,"Non-significant",1.97179344011928,"DPAGT1","GPT_HUMAN"
-0.119646309999998,10.726658225,-4.02728276371851,0.00476535865405638,0.0175940464717658,-3.34276507346535,"PDPR_HUMAN",37,-4.42688938793201,0.00250058715777429,0.0106725205890909,-0.119646309999998,"Non-significant",1.97173299869596,"PDPR","PDPR_HUMAN"
0.169857502500003,12.04072928625,5.01594627454364,0.00142999110506979,0.00728742141755338,-2.02403009243678,"TIM14_HUMAN",10,4.42686061196322,0.00250067957805843,0.0106725205890909,0.169857502500003,"Non-significant",1.97173299869596,"DNAJC19","TIM14_HUMAN"
0.239959482499998,12.50884950125,4.27964731664035,0.00345696357538835,0.0139870443758872,-2.99296664694211,"GATB_HUMAN",22,4.42640655297436,0.00250213838022085,0.0106733423111749,0.239959482499998,"Non-significant",1.97169956183107,"GATB","GATB_HUMAN"
0.357086420000002,10.6588813075,5.01475994185618,0.00143193661731611,0.00729292673556345,-2.02552903775089,"CLD1_HUMAN",5,4.42537810715302,0.00250544600494856,0.0106794431460524,0.357086420000002,"Non-significant",1.97145139196117,"CLDN1","CLD1_HUMAN"
0.295821666749998,8.587613582625,4.34362865350567,0.00319161980410994,0.0131902424524508,-2.90570005454644,"NPRL3_HUMAN",15,4.42517413692284,0.00250610256767015,0.0106794431460524,0.295821666749998,"Non-significant",1.97145139196117,"NPRL3","NPRL3_HUMAN"
-0.123306750000001,14.4457597725,-4.57209523473819,0.00241166538342546,0.01078404642806,-2.59883917314699,"GNA1_HUMAN",15,-4.42179504596497,0.00251700690178098,0.0107204907403294,-0.123306750000001,"Non-significant",1.96978533395864,"GNPNAT1","GNA1_HUMAN"
0.4531719685,8.5825167895,4.27764969616558,0.00346562820225256,0.0140037296820647,-2.99570059202403,"HIRA_HUMAN",30,4.41981869595372,0.00252340854525675,0.0107414169015231,0.4531719685,"Non-significant",1.96893842702329,"HIRA","HIRA_HUMAN"
0.206584453750001,9.680040836375,4.21703154448402,0.00374020609136858,0.0148149422669858,-3.07892979204503,"MDR3_HUMAN",30,4.41949191898995,0.00252446872486857,0.0107414169015231,0.206584453750001,"Non-significant",1.96893842702329,"ABCB4","MDR3_HUMAN"
0.3116960525,9.268509388,4.95798515511898,0.00152855742097685,0.00766917291750825,-2.09749777071281,"LIPT2_HUMAN",6,4.41800387512026,0.00252930260521594,0.0107532814934529,0.3116960525,"Non-significant",1.96845898532713,"LIPT2","LIPT2_HUMAN"
0.240100145249999,8.803132176375,4.3597808287073,0.00312821897014401,0.012976258710307,-2.88376116403269,"TRI13_HUMAN",15,4.41784827208362,0.00252980866075656,0.0107532814934529,0.240100145249999,"Non-significant",1.96845898532713,"TRIM13","TRI13_HUMAN"
0.171667814500001,9.235628009,5.29515282172324,0.00104403358873043,0.0058048543004016,-1.67675253136367,"LIME1_HUMAN",9,4.41657949010924,0.002533939140938,0.0107654097877855,0.171667814500001,"Non-significant",1.96796943400708,"LIME1","LIME1_HUMAN"
-0.0821399725000003,15.35664033875,-3.72523585019575,0.00708578173209111,0.0234403666482716,-3.77274226949189,"FKBP4_HUMAN",42,-4.41609507373983,0.00253551808138551,0.0107666911375307,-0.0821399725000003,"Non-significant",1.96791774530969,"FKBP4","FKBP4_HUMAN"
0.0886325850000027,16.57277775,4.25696831112259,0.00355674424569964,0.0142965175236062,-3.02403821022872,"ECHD2_HUMAN",20,4.41557866386248,0.00253720248446094,0.0107684188023773,0.0886325850000027,"Non-significant",1.9678480623303,"ECHDC2","ECHD2_HUMAN"
-0.264740230000001,10.39093697,-7.54156390662589,0.000117183268250282,0.00130999703989606,0.75512905094577,"CAP7_HUMAN",4,-4.41427120109191,0.00254147256338422,0.0107811133551916,-0.264740230000001,"Non-significant",1.96733638766053,"AZU1","CAP7_HUMAN"
-0.0981991275000027,14.98644125375,-4.10268391037456,0.00432524626193594,0.0164519407679865,-3.23732839645936,"MAT2B_HUMAN",24,-4.41294759566499,0.00254580334088467,0.0107940524951292,-0.0981991275000027,"Non-significant",1.96681547414467,"MAT2B","MAT2B_HUMAN"
-0.1984486575,13.16321659125,-4.38534741634306,0.00303066969994166,0.0126713863595279,-2.84911078287372,"PSD10_HUMAN",15,-4.41113883572147,0.00255173453022105,0.010808939471189,-0.1984486575,"Non-significant",1.96621691514983,"PSMD10","PSD10_HUMAN"
0.315719604750001,9.555389165875,4.4149614206735,0.00292182861531317,0.0123810043375504,-2.80909117658619,"3MG_HUMAN",11,4.41109478313396,0.00255187917281602,0.010808939471189,0.315719604750001,"Non-significant",1.96621691514983,"MPG","3MG_HUMAN"
0.163704635,12.0424093,4.29266206197127,0.00340109002380894,0.0138424856642615,-2.9751684416478,"LC7L3_HUMAN",19,4.40652426321681,0.0025669347087766,0.0108624846403657,0.163704635,"Non-significant",1.96407082463848,"LUC7L3","LC7L3_HUMAN"
0.171905520000003,11.1802113075,4.17256993562115,0.00395672012356926,0.0154763880447667,-3.14030345707985,"MLXPL_HUMAN",30,4.40643134196776,0.00256724179837126,0.0108624846403657,0.171905520000003,"Non-significant",1.96407082463848,"MLXIPL","MLXPL_HUMAN"
0.453366754999998,14.28522849,4.67871934666982,0.00212160645050533,0.00977214249798332,-2.45818449512843,"RL35_HUMAN",5,4.40608500245461,0.00256838674673733,0.0108624846403657,0.453366754999998,"Non-significant",1.96407082463848,"RPL35","RL35_HUMAN"
0.0780990099999972,13.040457845,3.64347222872386,0.00790748550171444,0.0255470277094484,-3.89114030634085,"PLAP_HUMAN",46,4.4041923271422,0.00257465349326101,0.0108835277305401,0.0780990099999972,"Non-significant",1.96323031184546,"PLAA","PLAP_HUMAN"
0.262067794999997,11.12425828,4.38359325373367,0.00303725497187976,0.0126863340723362,-2.85148522916518,"SAS10_HUMAN",13,4.40303481887027,0.0025784942717347,0.0108942998578706,0.262067794999997,"Non-significant",1.96280067525103,"UTP3","SAS10_HUMAN"
0.0987002849999996,11.2292789225,4.12590386427289,0.00419880210061069,0.016114836440496,-3.20501634036572,"IF2M_HUMAN",23,4.40245498805485,0.00258042057982186,0.0108969764866325,0.0987002849999996,"Non-significant",1.96269398621741,"MTIF2","IF2M_HUMAN"
0.132579087749999,10.085506318625,4.50756491747869,0.00260825426905556,0.0113970841025761,-2.68475636159341,"HLAF_HUMAN",15,4.40064100664245,0.00258645710241057,0.0109153806858363,0.132579087749999,"Non-significant",1.9619611131958,"HLA-F","HLAF_HUMAN"
-0.112573382500001,12.34367835375,-3.99637249238605,0.00495969668988983,0.0181289173456554,-3.38621234015164,"ACSL4_HUMAN",34,-4.40036747726851,0.00258736868078075,0.0109153806858363,-0.112573382500001,"Non-significant",1.9619611131958,"ACSL4","ACSL4_HUMAN"
0.466158867499999,13.32816624625,5.17752864487919,0.00119042943816737,0.00637413732978861,-1.82172313000354,"DHSD_HUMAN",3,4.39971021606349,0.00258956053532813,0.0109191624573691,0.466158867499999,"Non-significant",1.96181067244564,"SDHD","DHSD_HUMAN"
0.395938754000001,7.71617609275,4.46518194344968,0.0027469292240222,0.0118192273758464,-2.74151020508323,"PIAS4_HUMAN",8,4.39670987417841,0.00259959189177915,0.0109559800279032,0.395938754000001,"Non-significant",1.96034876811024,"PIAS4","PIAS4_HUMAN"
0.363487243999998,8.31860637675,4.36571892829937,0.00310525891847318,0.0129000628012866,-2.87570497910111,"PPR3C_HUMAN",11,4.39535104525519,0.00260414892706848,0.0109697008027287,0.363487243999998,"Non-significant",1.95980521759356,"PPP1R3C","PPR3C_HUMAN"
0.238119602499999,8.80244112,4.27221803283913,0.00348930839246088,0.014085910172439,-3.00313721657051,"PXK_HUMAN",19,4.39188515873969,0.00261581174683333,0.0110133252817473,0.238119602499999,"Non-significant",1.9580815335738,"PXK","PXK_HUMAN"
0.776935458500002,8.81226569425,4.26933428881079,0.0035019524927433,0.0141234246704944,-3.00708711214816,"ZFP91_HUMAN",16,4.39002499926428,0.00262209469660179,0.0110342666987801,0.776935458500002,"Up in D1CM",1.95725652333199,"ZFP91","ZFP91_HUMAN"
-0.0909202124999986,14.64521062375,-5.06708545567646,0.00134884331640861,0.00699655403938964,-1.95960427205383,"NP1L4_HUMAN",14,-4.3888061233793,0.00262622053446566,0.0110461142140774,-0.0909202124999986,"Non-significant",1.95679047059205,"NAP1L4","NP1L4_HUMAN"
-0.0691115874999966,14.51352536875,-4.03737487692257,0.00470371764886691,0.0174198752470559,-3.32860776857343,"RTRAF_HUMAN",22,-4.3874786680108,0.00263072195453901,0.0110595288552665,-0.0691115874999966,"Non-significant",1.95626337392791,"RTRAF","RTRAF_HUMAN"
0.142520190000001,11.2317782625,4.18755195311135,0.00388226868268399,0.0152480998082669,-3.11959181299856,"2AAB_HUMAN",23,4.38622209855582,0.00263499074305646,0.0110719526287253,0.142520190000001,"Non-significant",1.95577578100936,"PPP2R1B","2AAB_HUMAN"
0.162514210000001,10.8996744175,4.21604383151789,0.00374487274657655,0.0148264595495039,-3.08029020269091,"PDK1_HUMAN",22,4.38435941076285,0.00264133251001777,0.0110930701180567,0.162514210000001,"Non-significant",1.95494824187547,"PDK1","PDK1_HUMAN"
-0.140061620000003,13.6902223825,-4.17848409707566,0.00392714551252931,0.015396236988423,-3.13212378179678,"TOM1_HUMAN",23,-4.37913041890786,0.00265922430926795,0.0111626502504081,-0.140061620000003,"Non-significant",1.95223268241614,"TOM1","TOM1_HUMAN"
0.292010307500002,11.51940321875,4.62643371582448,0.00225873413476012,0.0102690776817114,-2.52695422830395,"S17A5_HUMAN",8,4.37814421154272,0.00266261354100079,0.011171313856195,0.292010307500002,"Non-significant",1.95189574658537,"SLC17A5","S17A5_HUMAN"
0.219294549999999,11.38012171,4.99228162673508,0.0014693586594329,0.00744751902607333,-2.05396831152478,"RM27_HUMAN",8,4.37748823803361,0.002664870485528,0.0111752205584654,0.219294549999999,"Non-significant",1.95174389670795,"MRPL27","RM27_HUMAN"
-0.274503947500001,10.34809792125,-5.66572995717006,0.00069885371068097,0.00432499113607188,-1.23243561895533,"TAF10_HUMAN",5,-4.37273649298039,0.00268128169414402,0.0112384502237394,-0.274503947500001,"Non-significant",1.94929357361422,"TAF10","TAF10_HUMAN"
-0.233897685000002,12.2634289275,-4.48519082688765,0.00268047698048631,0.0116043864758701,-2.71468487681744,"NPTN_HUMAN",11,-4.37138166891542,0.00268598102005405,0.0112525516988248,-0.233897685000002,"Non-significant",1.94874898305842,"NPTN","NPTN_HUMAN"
-0.107991217500002,11.80983924875,-3.97985984782645,0.00506703964109613,0.0183462530647763,-3.40947536575228,"FBP1L_HUMAN",31,-4.36957063098011,0.00269227677622934,0.0112667596400095,-0.107991217500002,"Non-significant",1.94820097062753,"FNBP1L","FBP1L_HUMAN"
-0.060554982499994,17.43191552125,-3.36867827461869,0.0115148524402809,0.0336892367994196,-4.29473764180144,"ANXA2_HUMAN",42,-4.36937779696625,0.00269294807588362,0.0112667596400095,-0.060554982499994,"Non-significant",1.94820097062753,"ANXA2","ANXA2_HUMAN"
-0.0450849575000003,13.07223129375,-2.75634331972064,0.0275717326796457,0.065410113919711,-5.21774097778673,"EEA1_HUMAN",88,-4.36925304870687,0.00269338245042343,0.0112667596400095,-0.0450849575000003,"Non-significant",1.94820097062753,"EEA1","EEA1_HUMAN"
0.282742739,8.6547414065,4.23918086004745,0.0036372105489422,0.0145505684466226,-3.04845872248406,"TTI1_HUMAN",20,4.36673321341818,0.00270217289377029,0.0112979242666616,0.282742739,"Non-significant",1.9470013407947,"TTI1","TTI1_HUMAN"
0.169498206250003,10.099439979375,5.75497176168551,0.000636141129542441,0.00405608941481565,-1.12819410496847,"SGTB_HUMAN",8,4.36602824444873,0.00270463776620445,0.0112996202199236,0.169498206250003,"Non-significant",1.94693615290271,"SGTB","SGTB_HUMAN"
0.3208658675,12.35841882125,5.72219956933722,0.000658412159148359,0.00415712066626331,-1.16635231394192,"COX3_HUMAN",4,4.36585049182026,0.00270525965165568,0.0112996202199236,0.3208658675,"Non-significant",1.94693615290271,"MT-CO3","COX3_HUMAN"
0.277741194000001,9.32329332825,5.09812182444052,0.00130208791633682,0.00681781446059862,-1.92068417827675,"RCAN1_HUMAN",6,4.36512795703741,0.00270778911542451,0.0113025316203551,0.277741194000001,"Non-significant",1.94682426929464,"RCAN1","RCAN1_HUMAN"
0.167679312500001,10.92463851125,4.12460719165194,0.00420575568612126,0.0161284416188881,-3.20681877882921,"FAKD2_HUMAN",31,4.3648854988073,0.00270863849485316,0.0113025316203551,0.167679312500001,"Non-significant",1.94682426929464,"FASTKD2","FAKD2_HUMAN"
0.274415493999999,10.0546069155,4.40533347469691,0.00295673640242816,0.012472495049814,-2.82208843596097,"NFIB_HUMAN",11,4.36157186748918,0.00272027592494075,0.0113454753940255,0.274415493999999,"Non-significant",1.94517730174675,"NFIB","NFIB_HUMAN"
0.101561307499999,12.19882023375,4.00153486949077,0.00492664810199981,0.0180550942833724,-3.37894713387395,"PTCD3_HUMAN",27,4.35972108128536,0.00272679954708172,0.0113570854963797,0.101561307499999,"Non-significant",1.94473310482547,"PTCD3","PTCD3_HUMAN"
0.614742517750001,8.850825428875,4.52119295692397,0.00256531331392074,0.0112913973488449,-2.66656201809821,"MPV17_HUMAN",4,4.35965707073865,0.00272702547496842,0.0113570854963797,0.614742517750001,"Up in D1CM",1.94473310482547,"MPV17","MPV17_HUMAN"
0.357724425000004,10.9116271725,5.30041471282138,0.00103796822881631,0.0057825738272919,-1.67031221413286,"S43A3_HUMAN",4,4.35963544833836,0.00272710179673418,0.0113570854963797,0.357724425000004,"Non-significant",1.94473310482547,"SLC43A3","S43A3_HUMAN"
0.0611309974999941,18.21756291375,3.34158358440531,0.011956443591284,0.0345494902402925,-4.33496975371395,"AL4A1_HUMAN",46,4.35913856179199,0.00272885632519694,0.0113587802296716,0.0611309974999941,"Non-significant",1.94466830312896,"ALDH4A1","AL4A1_HUMAN"
0.139998909999996,16.91749692,4.03357287751576,0.00472683699594355,0.0174825614068963,-3.33393961856672,"CP2C9_HUMAN",38,4.3577806311578,0.00273365751012996,0.0113690621206322,0.139998909999996,"Non-significant",1.94427536052196,"CYP2C9","CP2C9_HUMAN"
-0.0750665700000006,16.36740732,-3.94180132165532,0.00532420521148253,0.0190661431951157,-3.46323183524998,"SERC_HUMAN",24,-4.35767706176622,0.00273402407385473,0.0113690621206322,-0.0750665700000006,"Non-significant",1.94427536052196,"PSAT1","SERC_HUMAN"
0.142776965000001,11.57414532,4.12074146810312,0.00422656090824683,0.016193491770733,-3.21219370449791,"MOCS1_HUMAN",26,4.35724196165365,0.00273556461082976,0.0113698590259783,0.142776965000001,"Non-significant",1.9442449200633,"MOCS1","MOCS1_HUMAN"
0.1404228225,13.63552784875,4.32010033842691,0.00328650854794289,0.0134802825063799,-2.93772387885297,"IDH3G_HUMAN",17,4.35609697039932,0.00273962314090007,0.0113811155518219,0.1404228225,"Non-significant",1.94381516726819,"IDH3G","IDH3G_HUMAN"
-0.105391982500002,14.76267766875,-3.87951381212925,0.00577625348524567,0.0201857548205372,-3.55162712619082,"VATA_HUMAN",41,-4.35571012952651,0.0027409958161338,0.0113812087360551,-0.105391982500002,"Non-significant",1.94381161144517,"ATP6V1A","VATA_HUMAN"
0.196956632499999,11.34667062625,4.10618462578186,0.00430591982634638,0.0164006318193735,-3.23245215996831,"XPO5_HUMAN",52,4.35531518417333,0.00274239802196375,0.0113814243855896,0.196956632499999,"Non-significant",1.94380338257267,"XPO5","XPO5_HUMAN"
0.114383457499997,11.06223070625,4.2111829134669,0.00376793216816905,0.0149037542212562,-3.08698730176736,"PDIP3_HUMAN",20,4.35421206283452,0.00274631865948971,0.0113920866047435,0.114383457499997,"Non-significant",1.94339672210792,"POLDIP3","PDIP3_HUMAN"
0.228202581000001,9.7089983225,4.19913189158685,0.00382577295392027,0.0150618590511882,-3.10360478648702,"CYLD_HUMAN",23,4.35163349270382,0.00275550705730076,0.0114245789404762,0.228202581000001,"Non-significant",1.94215979713973,"CYLD","CYLD_HUMAN"
0.20042467,10.6676802625,4.46345732886441,0.00275274107657785,0.0118321542756118,-2.74382502325818,"SMYD5_HUMAN",12,4.34428716001976,0.00278186873140551,0.0115282062620536,0.20042467,"Non-significant",1.93823826175077,"SMYD5","SMYD5_HUMAN"
0.314791441500002,9.7555264235,4.28802641642798,0.00342087705747699,0.0138827986121683,-2.98150513800389,"BACD2_HUMAN",13,4.34212045757164,0.00278969608127262,0.0115549622943719,0.314791441500002,"Non-significant",1.93723146735258,"TNFAIP1","BACD2_HUMAN"
0.0956807150000021,12.3414824,4.0058046552422,0.00489949498104531,0.0179790349130305,-3.37294082883582,"CCDC6_HUMAN",25,4.34156395237427,0.00279171035839861,0.0115576260368084,0.0956807150000021,"Non-significant",1.93713136184905,"CCDC6","CCDC6_HUMAN"
0.076628447500001,11.55592286625,3.61119006804426,0.00825979049720062,0.0264520418316505,-3.93810945928426,"ARHG1_HUMAN",42,4.33772093580309,0.00280566348542658,0.0116096895035153,0.076628447500001,"Non-significant",1.93517939513767,"ARHGEF1","ARHG1_HUMAN"
0.52043199825,10.230215073375,4.40896675419306,0.00294350982895295,0.0124477222670503,-2.81718213374833,"IL32_HUMAN",6,4.33724972776772,0.00280737955261418,0.0116110904067639,0.52043199825,"Up in D1CM",1.93512699340494,"IL32","IL32_HUMAN"
-0.0470099425000008,15.05874705375,-2.92381837584634,0.0216198705465697,0.0540592965995361,-4.96310558023116,"A0A6Q8PH20_HUMAN",52,-4.3362621159936,0.0028109799900482,0.0116202797136421,-0.0470099425000008,"Non-significant",1.93478341784679,"CAST","A0A6Q8PH20_HUMAN"
0.189661264250002,9.541375040875,4.72007419018457,0.00201963654054395,0.0094000642740171,-2.40406915861812,"INHBC_HUMAN",10,4.3354070643902,0.00281410122503854,0.0116274800126715,0.189661264250002,"Non-significant",1.93451439835645,"INHBC","INHBC_HUMAN"
-0.0517807000000019,17.6582713125,-3.18280626879033,0.0149362542697984,0.040875872480562,-4.57211563666726,"FAAA_HUMAN",39,-4.33468352079789,0.00281674535640026,0.0116327028951973,-0.0517807000000019,"Non-significant",1.93431936385413,"FAH","FAAA_HUMAN"
-0.139459132500001,11.52025294375,-4.40639545633318,0.00295286363546297,0.0124697833583754,-2.82065416440913,"FEN1_HUMAN",15,-4.33162531101174,0.00282795123840789,0.0116728436240128,-0.139459132500001,"Non-significant",1.93282333249109,"FEN1","FEN1_HUMAN"
1.78754067425,7.315044641375,4.22936043355784,0.00368248798505055,0.014669041222113,-3.06196030232929,"RNF26_HUMAN",5,4.3312758743466,0.00282923472818344,0.0116728436240128,1.78754067425,"Up in D1CM",1.93282333249109,"RNF26","RNF26_HUMAN"
0.245655775999998,10.114232422,4.20306646726857,0.00380678225824259,0.0150081233183942,-3.09817705799842,"INT14_HUMAN",20,4.33050580954019,0.00283206543412266,0.0116788060392465,0.245655775999998,"Non-significant",1.93260155423316,"INTS14","INT14_HUMAN"
0.270731925,11.62736988,4.51708581087163,0.00257817223968823,0.0113184446918396,-2.67204253507452,"ZNRF2_HUMAN",9,4.33005307687793,0.00283373108712528,0.0116799605542196,0.270731925,"Non-significant",1.93255862392856,"ZNRF2","ZNRF2_HUMAN"
0.161167860000001,10.9989928,4.24018522654281,0.00363261433301557,0.014539081772549,-3.04707863606831,"SCAF4_HUMAN",18,4.32761924975454,0.0028427036918803,0.0117112167247601,0.161167860000001,"Non-significant",1.93139798200717,"SCAF4","SCAF4_HUMAN"
0.0945367850000025,17.3265991225,3.79248719647151,0.00647911387855468,0.0219591680266737,-3.67598145187884,"DHSO_HUMAN",40,4.32714373952419,0.00284446032658115,0.0117127289168307,0.0945367850000025,"Non-significant",1.93134190804911,"SORD","DHSO_HUMAN"
0.285366775,13.2425256975,4.24713044814248,0.00360100480895225,0.0144537473974564,-3.03753918048938,"CMTD1_HUMAN",15,4.3256559691877,0.00284996409627837,0.0117296618005519,0.285366775,"Non-significant",1.93071450964675,"COMTD1","CMTD1_HUMAN"
-0.1194717875,14.67000472375,-4.0808834529527,0.00444775187608767,0.0167665923808332,-3.26773280437298,"EIF3H_HUMAN",24,-4.32405185561405,0.00285591124430926,0.0117474211122042,-0.1194717875,"Non-significant",1.93005746272548,"EIF3H","EIF3H_HUMAN"
-0.1771707525,13.66679787625,-4.5144750316417,0.0025863830721866,0.0113426758144958,-2.67552757638972,"GSTM2_HUMAN",12,-4.32374068011467,0.00285706647052065,0.0117474211122042,-0.1771707525,"Non-significant",1.93005746272548,"GSTM2","GSTM2_HUMAN"
0.349510909999996,15.692239165,5.30062965035069,0.00103772130380215,0.0057825738272919,-1.67004922175257,"RS27_HUMAN",4,4.32275271321213,0.00286073762795079,0.0117567808220367,0.349510909999996,"Non-significant",1.92971157814206,"RPS27","RS27_HUMAN"
-0.0906136025000013,10.78727686375,-3.83108351839495,0.00615655934005807,0.0211293317090185,-3.62070926951593,"PPWD1_HUMAN",32,-4.3190850585083,0.00287441111838469,0.0118069097684898,-0.0906136025000013,"Non-significant",1.92786375574025,"PPWD1","PPWD1_HUMAN"
-0.0967974675000036,16.35806584375,-4.38268160600752,0.00304068357125457,0.0126943644487889,-2.85271941449183,"PSA4_HUMAN",17,-4.31873047085637,0.00287573683173682,0.0118069097684898,-0.0967974675000036,"Non-significant",1.92786375574025,"PSMA4","PSA4_HUMAN"
0.123964547499996,11.94356596375,4.21337563367948,0.00375751107840616,0.014869512150181,-3.08396588561968,"TMOD1_HUMAN",19,4.31716957767315,0.00288158053017162,0.0118251423022476,0.123964547499996,"Non-significant",1.92719362431455,"TMOD1","TMOD1_HUMAN"
0.16679358475,9.806907773125,4.20371423850838,0.0038036656098358,0.0150028532640646,-3.09728366824265,"TRUB1_HUMAN",19,4.31611029737982,0.00288555363979607,0.0118356844914068,0.16679358475,"Non-significant",1.92680662051946,"TRUB1","TRUB1_HUMAN"
0.237036466999999,9.25570786,4.12562507612022,0.00420029608017199,0.016114836440496,-3.20540384991879,"TYK2_HUMAN",35,4.31455450253759,0.00289139986664385,0.0118538956595044,0.237036466999999,"Non-significant",1.92613889983202,"TYK2","TYK2_HUMAN"
0.326138973000004,8.43284225475,4.15474912130999,0.00404731755384519,0.0157211242679083,-3.16498027184015,"MTMRD_HUMAN",33,4.3105438491011,0.00290653025059055,0.0119101329519824,0.326138973000004,"Non-significant",1.92408339049119,"SBF2","MTMRD_HUMAN"
-1.39860689675,7.789613664375,-4.30043957950176,0.00336817311315824,0.0137550054122145,-2.9645437816594,"MXRA8_HUMAN",2,-4.30811961895627,0.00291571752565072,0.0119361940468641,-1.39860689675,"Up in D1BM",1.9231341294829,"MXRA8","MXRA8_HUMAN"
0.109135387499997,14.70536792375,4.51773905723317,0.00257612228197058,0.0113153385694268,-2.6711706910398,"KHDR1_HUMAN",15,4.30747534768966,0.00291816447553853,0.0119361940468641,0.109135387499997,"Non-significant",1.9231341294829,"KHDRBS1","KHDR1_HUMAN"
0.228230237749997,9.508549809375,4.63480496205459,0.00223613773635455,0.0101878206827155,-2.51591743419384,"MRM2_HUMAN",9,4.30743144697322,0.00291833129225026,0.0119361940468641,0.228230237749997,"Non-significant",1.9231341294829,"MRM2","MRM2_HUMAN"
0.127153160000001,12.70244968,4.02456645085377,0.00478209947407868,0.0176326843687704,-3.34657790814213,"LARP4_HUMAN",28,4.30737270868115,0.0029185545059422,0.0119361940468641,0.127153160000001,"Non-significant",1.9231341294829,"LARP4","LARP4_HUMAN"
0.191132547499997,11.36931228625,4.0737898182707,0.00448842644431398,0.0168671183678656,-3.2776401632873,"FGD4_HUMAN",39,4.30570688430382,0.00292489260863922,0.0119556955696691,0.191132547499997,"Non-significant",1.92242515202152,"FGD4","FGD4_HUMAN"
0.218360424249997,8.966127634125,4.88733838439208,0.00165899063528417,0.00814549143940694,-2.18769012716193,"B3GT6_HUMAN",8,4.30522638390544,0.00292672359004124,0.0119556955696691,0.218360424249997,"Non-significant",1.92242515202152,"B3GALT6","B3GT6_HUMAN"
0.11785388,11.3079189075,3.88151612910371,0.00576108943235796,0.0201574113818615,-3.54877757013432,"UBP19_HUMAN",47,4.3047261356425,0.00292863114683655,0.0119556955696691,0.11785388,"Non-significant",1.92242515202152,"USP19","UBP19_HUMAN"
-0.0853581399999968,17.27070403,-3.87268197368577,0.00582832005688113,0.0203003759336575,-3.56135367506511,"GLU2B_HUMAN",27,-4.30463036842156,0.0029289964825444,0.0119556955696691,-0.0853581399999968,"Non-significant",1.92242515202152,"PRKCSH","GLU2B_HUMAN"
0.0896375150000015,13.22523892,3.70577722477263,0.00727259272742293,0.0239268868459984,-3.80084494313131,"LIMA1_HUMAN",45,4.30046431702041,0.0029449373443808,0.012014945244814,0.0896375150000015,"Non-significant",1.92027820404687,"LIMA1","LIMA1_HUMAN"
-0.209459067499999,15.00550544375,-4.72510284300608,0.00200761016999868,0.00936659816997746,-2.3975055658836,"CLCA_HUMAN",9,-4.29938902604929,0.00294906711143729,0.0120259732376898,-0.209459067499999,"Non-significant",1.91987976695789,"CLTA","CLCA_HUMAN"
0.149924992499999,14.11853969125,4.02293028772069,0.00479221418746301,0.0176622533389268,-3.34887504205102,"ACSA_HUMAN",34,4.29864464172452,0.00295192968627355,0.0120318255926498,0.149924992499999,"Non-significant",1.91966847202327,"ACSS2","ACSA_HUMAN"
0.263112306749997,9.242738127625,4.22449319626614,0.00370515686249297,0.0147314939594119,-3.06865702385409,"TRI22_HUMAN",15,4.29523934772325,0.00296506353865999,0.0120795169489439,0.263112306749997,"Non-significant",1.91795043248663,"TRIM22","TRI22_HUMAN"
0.497039556750002,7.446925640125,4.15633081732479,0.00403918554817026,0.0157185110736506,-3.16278828105487,"TANC1_HUMAN",36,4.29415740703605,0.00296924976039451,0.0120851022358168,0.497039556750002,"Non-significant",1.91774967125854,"TANC1","TANC1_HUMAN"
0.205467940000002,11.65279472,4.33512131750985,0.00322557838272325,0.0132820714157178,-2.91727012956659,"RM47_HUMAN",13,4.29414391076477,0.00296930202045042,0.0120851022358168,0.205467940000002,"Non-significant",1.91774967125854,"MRPL47","RM47_HUMAN"
0.126188992499999,15.06798636875,4.18721364067303,0.00388393288508116,0.0152480998082669,-3.12005916185595,"CPPED_HUMAN",19,4.29127783697768,0.00298042268166036,0.012120138349004,0.126188992499999,"Non-significant",1.91649242275504,"CPPED1","CPPED_HUMAN"
0.0951480850000035,12.874298095,3.64414214356451,0.00790034865736646,0.0255337572212201,-3.89016692872243,"MY18A_HUMAN",121,4.29118434806321,0.00298078619023435,0.012120138349004,0.0951480850000035,"Non-significant",1.91649242275504,"MYO18A","MY18A_HUMAN"
-0.152430057249999,8.688924312625,-4.20715967998728,0.00378713524780625,0.0149586518293153,-3.09253278890719,"CNST_HUMAN",18,-4.29028082115634,0.00298430181729239,0.0121285824580316,-0.152430057249999,"Non-significant",1.91618995483249,"CNST","CNST_HUMAN"
0.141947747500003,13.93498015375,3.97738560633407,0.00508334065256455,0.0183973715588092,-3.41296424496151,"GLCNE_HUMAN",39,4.28957648051681,0.0029870455372626,0.0121338828113669,0.141947747500003,"Non-significant",1.91600020377325,"GNE","GLCNE_HUMAN"
0.459138392499996,13.62140893875,5.80372503407838,0.000604546245952722,0.00390031574418677,-1.07168955033521,"RL39_HUMAN;R39L5_HUMAN",2,4.28692079991272,0.00299741528978271,0.012170141366849,0.459138392499996,"Non-significant",1.91470437702993,"RPL39;RPL39P5","RL39_HUMAN;R39L5_HUMAN"
-0.0600261674999985,17.32333564875,-3.42067043368715,0.010715685682886,0.0319350925002366,-4.21774382053876,"AATC_HUMAN",34,-4.28545155301179,0.00300316913674937,0.0121876324764855,-0.0600261674999985,"Non-significant",1.91408065059647,"GOT1","AATC_HUMAN"
0.215136767500001,13.52537572375,4.15683953192125,0.00403657387980228,0.0157156033408099,-3.16208335369952,"CP3A7_HUMAN",20,4.28402029684657,0.00300878575464202,0.0122045501086995,0.215136767500001,"Non-significant",1.91347822517022,"CYP3A7","CP3A7_HUMAN"
1.834588647,7.87627714875,4.18572932307793,0.00389124365879665,0.0152696893854734,-3.12210980481693,"CAH5B_HUMAN",4,4.27984197465767,0.00302524801126437,0.0122654235146452,1.834588647,"Up in D1CM",1.91131745137949,"CA5B","CAH5B_HUMAN"
0.118510007500003,15.15008628375,3.9083313788246,0.00556212711006724,0.0196410429035428,-3.51066686153737,"CP4AB_HUMAN",36,4.27709297134831,0.00303613226198438,0.0123029780296772,0.118510007500003,"Non-significant",1.90998975154341,"CYP4A11","CP4AB_HUMAN"
-1.57223796875,7.698509454625,-4.15429292752617,0.00404966631515641,0.0157230020131061,-3.16561255185007,"ATL4_HUMAN",22,-4.27656179335018,0.00303824028256224,0.0123029780296772,-1.57223796875,"Up in D1BM",1.90998975154341,"ADAMTSL4","ATL4_HUMAN"
0.454942703000002,8.90506339075,4.51275628330666,0.00259180418107682,0.0113532453962457,-2.67782240804277,"TM242_HUMAN",5,4.27639826476769,0.00303888957857254,0.0123029780296772,0.454942703000002,"Non-significant",1.90998975154341,"TMEM242","TM242_HUMAN"
-0.0932559999999985,14.7528896325,-3.99885047132545,0.00494380308160953,0.0180943622122826,-3.38272453805341,"TXNL1_HUMAN",23,-4.27522455709701,0.00304355425571498,0.0123159475858961,-0.0932559999999985,"Non-significant",1.90953216803163,"TXNL1","TXNL1_HUMAN"
-0.30479145025,7.918851375625,-4.11896597080789,0.00423615423265599,0.0162007913008427,-3.21466305944335,"GRDN_HUMAN",31,-4.27468281049563,0.00304570994940661,0.0123187567963284,-0.30479145025,"Non-significant",1.90943311877367,"CCDC88A","GRDN_HUMAN"
0.195093157500001,16.03906345375,4.17571281664356,0.00394097349860307,0.0154360899719913,-3.13595603830454,"RS8_HUMAN",18,4.27400299498537,0.00304841738935585,0.0123237938488635,0.195093157500001,"Non-significant",1.90925557512707,"RPS8","RS8_HUMAN"
0.131061072500007,11.32472300625,4.0902217824538,0.00439481843268272,0.0166407911688598,-3.25470092352897,"NPC1_HUMAN",22,4.27333809756391,0.00305106794750505,0.0123285962269991,0.131061072500007,"Non-significant",1.90908637073397,"NPC1","NPC1_HUMAN"
0.255545852500001,11.23900330125,5.13966441830654,0.00124229053614785,0.00656917624165006,-1.86880121677003,"AR6P4_HUMAN",6,4.2707288369971,0.00306149378073998,0.0123647968748717,0.255545852500001,"Non-significant",1.90781301370195,"ARL6IP4","AR6P4_HUMAN"
0.118602990000003,12.2924162125,4.13070532566688,0.00417316272926468,0.0160399401025864,-3.1983441004197,"DDC_HUMAN",20,4.26897435079094,0.00306852596127024,0.012386614532696,0.118602990000003,"Non-significant",1.90704737729446,"DDC","DDC_HUMAN"
0.125258204999998,12.2482208,4.82606336557161,0.00178212337489005,0.0085690347558176,-2.26649369643003,"CSRP2_HUMAN",12,4.26832265047937,0.00307114252111355,0.012386614532696,0.125258204999998,"Non-significant",1.90704737729446,"CSRP2","CSRP2_HUMAN"
0.0890965475000023,10.15352606875,4.18266515592005,0.00390638337163735,0.0153219662352402,-3.12634404456563,"TRAD1_HUMAN",19,4.26812873120259,0.00307192157011555,0.012386614532696,0.0890965475000023,"Non-significant",1.90704737729446,"TRAFD1","TRAD1_HUMAN"
-0.274564981499999,8.80122983475,-4.19275295984567,0.00385678215524931,0.0151626943967334,-3.112409091605,"ACES_HUMAN",15,-4.26791663858031,0.00307277387446521,0.012386614532696,-0.274564981499999,"Non-significant",1.90704737729446,"ACHE","ACES_HUMAN"
-0.086205719999997,14.764630675,-4.00702352175709,0.00489177371477158,0.0179663445062351,-3.37122670289063,"EIF3M_HUMAN",22,-4.26572228858578,0.0030816070778664,0.0124162839671778,-0.086205719999997,"Non-significant",1.90600836342093,"EIF3M","EIF3M_HUMAN"
0.156034705000003,13.8976742025,4.24377544687393,0.00361623654778828,0.0145006080211178,-3.04214652180405,"SFXN2_HUMAN",16,4.26240457333799,0.00309501476575642,0.0124643475683521,0.156034705000003,"Non-significant",1.90433044920033,"SFXN2","SFXN2_HUMAN"
0.131406065,13.34795034,4.15507621838153,0.00404563437679898,0.0157211242679083,-3.16452693638543,"PPCS_HUMAN",19,4.26003932646946,0.00310461200903441,0.0124970270411418,0.131406065,"Non-significant",1.90319329044727,"PPCS","PPCS_HUMAN"
0.641291856749998,8.733526825875,4.50822384919681,0.00260615994056506,0.0113938392837256,-2.68387603239137,"AR6P6_HUMAN",3,4.25891524680174,0.00310918441765312,0.012506483293142,0.641291856749998,"Up in D1CM",1.90286479271203,"ARL6IP6","AR6P6_HUMAN"
0.162118673250003,9.783337950875,4.17115773092545,0.00396381800903752,0.0154895790441248,-3.1422573502895,"TF3C2_HUMAN",18,4.25873244354576,0.00310992869645576,0.012506483293142,0.162118673250003,"Non-significant",1.90286479271203,"GTF3C2","TF3C2_HUMAN"
-0.0610110749999961,15.2709249275,-3.15725889818161,0.0154855091694888,0.042086463903326,-4.6104760552926,"IQGA1_HUMAN",92,-4.25724970504518,0.00311597278843649,0.0125248138453654,-0.0610110749999961,"Non-significant",1.9022287202736,"IQGAP1","IQGA1_HUMAN"
-0.0938260549999992,14.4312134975,-3.650422254935,0.00783378179364281,0.0253769972093064,-3.88104463364654,"DDB1_HUMAN",66,-4.25497477128601,0.00312527094242671,0.0125562005594446,-0.0938260549999992,"Non-significant",1.90114175595667,"DDB1","DDB1_HUMAN"
0.297918796749995,9.650455474875,4.15054473328494,0.00406902077449367,0.0157836061243475,-3.17080860647156,"UD3A1_HUMAN",17,4.25394363466529,0.00312949535173004,0.0125637124253958,0.297918796749995,"Non-significant",1.90088201285719,"UGT3A1","UD3A1_HUMAN"
-0.0586090099999979,17.2534136775,-3.34413965235362,0.0119140197914528,0.0345146539631103,-4.33117122385711,"ANXA5_HUMAN",36,-4.2537908697919,0.00313012173369691,0.0125637124253958,-0.0586090099999979,"Non-significant",1.90088201285719,"ANXA5","ANXA5_HUMAN"
0.344283342499999,10.50353372125,4.45495155404811,0.00278160333756087,0.0119317730476265,-2.75524788749172,"SPNS1_HUMAN",7,4.25284054031508,0.00313402143206438,0.0125733777491055,0.344283342499999,"Non-significant",1.90054803649551,"SPNS1","SPNS1_HUMAN"
0.131566527500002,11.94936776375,3.88089416225307,0.00576579510765662,0.0201575640657145,-3.54966265305297,"VP35L_HUMAN",53,4.25236496598578,0.0031359749439735,0.0125752296873228,0.131566527500002,"Non-significant",1.90048407378489,"VPS35L","VP35L_HUMAN"
-0.152324677500001,16.53016757875,-4.23751003749444,0.00364487073101134,0.0145673852023208,-3.05075489111418,"1433Z_HUMAN",16,-4.25141306231582,0.00313988904537744,0.0125849380710825,-0.152324677500001,"Non-significant",1.90014891721958,"YWHAZ","1433Z_HUMAN"
0.130020377499999,10.29114782875,3.9818118015236,0.00505421978025961,0.0183156926510773,-3.40672353590729,"TRI33_HUMAN",28,4.25062028016212,0.00314315291224693,0.0125920322705938,0.130020377499999,"Non-significant",1.89990417198288,"TRIM33","TRI33_HUMAN"
0.0854577975000019,13.56049990625,3.80603521885973,0.00636384988465113,0.0216643338763023,-3.65655809650207,"NEUA_HUMAN",28,4.2457871109977,0.00316313088794202,0.0126660476268234,0.0854577975000019,"Non-significant",1.8973588832732,"CMAS","NEUA_HUMAN"
0.121221062499998,10.94211840625,4.07708586494135,0.00446947680918076,0.0168259133651562,-3.27303586462488,"UBAP2_HUMAN",21,4.24299633301943,0.00317472941617071,0.0127026341639261,0.121221062499998,"Non-significant",1.89610620941943,"UBAP2","UBAP2_HUMAN"
0.271194455,11.24038744,6.4820288210812,0.000306513772064335,0.00245356560753113,-0.316863072097298,"RBX2_HUMAN",4,4.24267098226416,0.00317608458511547,0.0127026341639261,0.271194455,"Non-significant",1.89610620941943,"RNF7","RBX2_HUMAN"
0.54373061675,8.194836676125,4.2104917900391,0.00377122334103388,0.014909775582352,-3.08793976140327,"NACC2_HUMAN",8,4.24217956594166,0.00317813265130141,0.0127026341639261,0.54373061675,"Up in D1CM",1.89610620941943,"NACC2","NACC2_HUMAN"
0.1747095585,9.370525241,4.07647562366254,0.00447297861366674,0.0168315788993736,-3.27388820763849,"STXB1_HUMAN",23,4.24214043020735,0.00317829581821333,0.0127026341639261,0.1747095585,"Non-significant",1.89610620941943,"STXBP1","STXB1_HUMAN"
0.288083315000002,8.88131344325,4.19838792050065,0.00382937545363689,0.0150690035941668,-3.10463133444973,"E41LB_HUMAN",13,4.24148663121639,0.0031810230204285,0.01270750854938,0.288083315000002,"Non-significant",1.89593958943975,"EPB41L4B","E41LB_HUMAN"
0.181411739999998,16.881690025,4.49952642989394,0.00263395304366495,0.0114754289476373,-2.69550073763902,"COX2_HUMAN",11,4.24022532585548,0.00318629151049251,0.0127173581431417,0.181411739999998,"Non-significant",1.8956030980445,"MT-CO2","COX2_HUMAN"
0.0940480249999993,11.2202723025,3.82026562153616,0.00624517126362172,0.0213779583359339,-3.63618179570319,"NXF1_HUMAN",30,4.24017398632871,0.00318650615711416,0.0127173581431417,0.0940480249999993,"Non-significant",1.8956030980445,"NXF1","NXF1_HUMAN"
-0.0891244374999971,14.88379991125,-3.73826296962672,0.00696362261483171,0.0231385635682712,-3.75395448293195,"IF2B_HUMAN",34,-4.239068321136,0.00319113267301404,0.0127297952204616,-0.0891244374999971,"Non-significant",1.89517858262591,"EIF2S2","IF2B_HUMAN"
0.140940189999998,11.4739696975,4.2981225891511,0.00337794269825977,0.0137748809886945,-2.96770806673086,"ABHDB_HUMAN",15,4.23795832643358,0.00319578464714117,0.0127423220391452,0.140940189999998,"Non-significant",1.89475142310766,"ABHD11","ABHDB_HUMAN"
0.251808882500001,9.92295968575,4.11987900468904,0.00423121798327073,0.0161961734523536,-3.21339316092063,"ABH15_HUMAN",19,4.23618863980822,0.00320321662622824,0.0127609883643273,0.251808882500001,"Non-significant",1.89411568732722,"ABHD15","ABH15_HUMAN"
-0.110110997500001,15.39225017875,-4.06090527905066,0.00456334773915618,0.0170834745898455,-3.29565307041282,"STML2_HUMAN",21,-4.23568890874362,0.00320531869597899,0.0127609883643273,-0.110110997500001,"Non-significant",1.89411568732722,"STOML2","STML2_HUMAN"
0.258960485000001,10.273948075,4.09931531414851,0.0043439327420447,0.0164784019274054,-3.24202219616472,"MEPCE_HUMAN",22,4.23554370012322,0.00320592978277579,0.0127609883643273,0.258960485000001,"Non-significant",1.89411568732722,"MEPCE","MEPCE_HUMAN"
0.194989680500003,9.8591163155,5.0075815643162,0.00144377136736664,0.00734876138619168,-2.03460325173927,"RAB30_HUMAN",8,4.23540302045856,0.00320652193091057,0.0127609883643273,0.194989680500003,"Non-significant",1.89411568732722,"RAB30","RAB30_HUMAN"
1.0609185695,7.71388494975,4.12998019549927,0.00417702387189531,0.0160474631796744,-3.19935155616575,"LZTS3_HUMAN",9,4.23349125756786,0.00321458070334331,0.0127858679023839,1.0609185695,"Up in D1CM",1.89326978680674,"LZTS3","LZTS3_HUMAN"
0.196933030000002,11.19604051,4.13497602096619,0.00415050125939189,0.0159966049910445,-3.1924121104228,"RAB12_HUMAN",18,4.23320072542484,0.003215807326261,0.0127858679023839,0.196933030000002,"Non-significant",1.89326978680674,"RAB12","RAB12_HUMAN"
0.204513548249999,9.932005166125,4.11742740070179,0.00424448663053725,0.0162179409831362,-3.21680324942634,"PAK4_HUMAN",19,4.23136079467941,0.00322358730614338,0.0128076648750856,0.204513548249999,"Non-significant",1.89253004467442,"PAK4","PAK4_HUMAN"
0.0695238124999999,10.85706114625,3.55357259849074,0.00893140777642515,0.0279542462218412,-4.02224531018225,"A0AAG2UWQ9_HUMAN",33,4.23118575907365,0.00322432849269564,0.0128076648750856,0.0695238124999999,"Non-significant",1.89253004467442,"NKRF","A0AAG2UWQ9_HUMAN"
0.316936493,8.6416294575,4.6597592892076,0.0021702428880447,0.00995807147704344,-2.48307681669146,"UBL3_HUMAN",6,4.23016427438693,0.00322865765387989,0.0128188202376607,0.316936493,"Non-significant",1.89215194266826,"UBL3","UBL3_HUMAN"
-1.616656661,7.68803507075,-4.11028879514225,0.00428338187248536,0.0163443303771748,-3.22673751018357,"PDE5A_HUMAN",15,-4.22949763457662,0.0032314863493622,0.0128240105643945,-1.616656661,"Up in D1BM",1.89197613288283,"PDE5A","PDE5A_HUMAN"
0.227726937500002,16.14543008625,4.53056213196778,0.00253624278033224,0.0112043974818765,-2.65406895960097,"ATP5L_HUMAN",9,4.2262975180826,0.0032451026593891,0.0128719860310545,0.227726937500002,"Non-significant",1.89035444021413,"ATP5MG","ATP5L_HUMAN"
0.26426005375,9.805789589875,4.52021604348381,0.00256836549553411,0.0112950059427761,-2.66786537863225,"RN167_HUMAN",8,4.22383872177595,0.00325560703211104,0.0129057420428709,0.26426005375,"Non-significant",1.88921701972458,"RNF167","RN167_HUMAN"
-0.176172970000001,12.9866007575,-4.8972613542687,0.00163994916151677,0.00809316831523704,-2.17497892880828,"CEAM1_HUMAN",9,-4.22316622665138,0.0032584864672545,0.0129057420428709,-0.176172970000001,"Non-significant",1.88921701972458,"CEACAM1","CEAM1_HUMAN"
0.53314137425,8.488358616875,4.34470218297886,0.00318736254147572,0.0131826687252693,-2.90424077141086,"RN115_HUMAN",5,4.22311013820363,0.00325872674717042,0.0129057420428709,0.53314137425,"Up in D1CM",1.88921701972458,"RNF115","RN115_HUMAN"
0.256447315250004,9.395752429875,4.06075310933441,0.00456424069003821,0.0170834745898455,-3.29586594335834,"MARF1_HUMAN",29,4.22244510872144,0.00326157716526619,0.0129057420428709,0.256447315250004,"Non-significant",1.88921701972458,"MARF1","MARF1_HUMAN"
0.277949335000002,13.4237432475,5.28733116726705,0.00105312238731214,0.00583230525798557,-1.68633296747498,"CD151_HUMAN",5,4.22222993382492,0.00326250001755513,0.0129057420428709,0.277949335000002,"Non-significant",1.88921701972458,"CD151","CD151_HUMAN"
0.147476192500003,13.32234430375,3.96737946706642,0.0051498488086121,0.0185981472184196,-3.42708210272074,"FXR2_HUMAN",31,4.22216013898452,0.00326279941788563,0.0129057420428709,0.147476192500003,"Non-significant",1.88921701972458,"FXR2","FXR2_HUMAN"
0.325596809499999,8.5288243295,4.86728423703165,0.00169822323187504,0.0082933508815033,-2.21342207257061,"STEA1_HUMAN",5,4.22144870896696,0.00326585295653902,0.0129117610556601,0.325596809499999,"Non-significant",1.88901451957743,"STEAP1","STEA1_HUMAN"
0.142098425,10.9782161725,3.93061855560822,0.00540244317176165,0.0192691949763372,-3.47906395987768,"CHD1L_HUMAN",36,4.22070011774521,0.00326906934687784,0.0129184179675731,0.142098425,"Non-significant",1.88879066823117,"CHD1L","CHD1L_HUMAN"
0.282663345000003,13.873502015,4.2906990803426,0.00340945357175398,0.013856453305841,-2.97785136923801,"MACD1_HUMAN",10,4.22022572326989,0.00327110940679825,0.0129204223007978,0.282663345000003,"Non-significant",1.88872329130155,"MACROD1","MACD1_HUMAN"
0.185327530249999,9.435072422125,3.98180669003927,0.00505425330482926,0.0183156926510773,-3.40673074131747,"ALS2_HUMAN",43,4.21852132552759,0.00327845032085263,0.0129433525782046,0.185327530249999,"Non-significant",1.88795321844079,"ALS2","ALS2_HUMAN"
-0.0836243625000037,17.94060254125,-3.84709866286357,0.00602787169897163,0.0208381604014767,-3.5978310795436,"AK1C3_HUMAN",25,-4.21737213057712,0.00328341005072239,0.0129568648490351,-0.0836243625000037,"Non-significant",1.88750007126482,"AKR1C3","AK1C3_HUMAN"
0.181738855000003,16.46746874,4.60604642892032,0.00231482422208274,0.0104396219197086,-2.55387518973397,"H14_HUMAN",10,4.21477330645524,0.0032946562102512,0.0129951601292501,0.181738855000003,"Non-significant",1.88621836465691,"H1-4","H14_HUMAN"
0.21201276775,9.379599094375,4.44949843811801,0.00280028192491409,0.0119790696901748,-2.7625766055363,"SEN34_HUMAN",10,4.21272028565692,0.00330357003562595,0.013019909275962,0.21201276775,"Non-significant",1.88539204196494,"TSEN34","SEN34_HUMAN"
0.17592048625,9.406983613875,4.38581906313298,0.00302890177208283,0.0126702794227723,-2.84847243327665,"ZTRF1_HUMAN",12,4.21261677285496,0.00330402016149991,0.013019909275962,0.17592048625,"Non-significant",1.88539204196494,"ZFTRAF1","ZTRF1_HUMAN"
0.231272697499998,9.41866898525,4.6551810687056,0.00218217022709117,0.0100019101925783,-2.48909520265617,"IFRD2_HUMAN",8,4.20985148223897,0.00331606972924925,0.0130612858634775,0.231272697499998,"Non-significant",1.88401406533331,"IFRD2","IFRD2_HUMAN"
-0.0631852124999988,18.53300213875,-3.25897946487184,0.0134182836084538,0.0376757869872275,-4.45806194801743,"PDIA4_HUMAN",55,-4.20842568166226,0.00332230119742486,0.0130797182592686,-0.0631852124999988,"Non-significant",1.88340161073368,"PDIA4","PDIA4_HUMAN"
-0.1095719375,13.47978401125,-4.06749135988937,0.00452488181710441,0.0169805225577349,-3.28644272252377,"NNRD_HUMAN",20,-4.20595664686098,0.00333312222129413,0.0131145748801726,-0.1095719375,"Non-significant",1.88224578286147,"NAXD","NNRD_HUMAN"
-0.185263633749997,9.575152158875,-4.06692679062648,0.00452816527619057,0.0169805225577349,-3.28723201524272,"ADDG_HUMAN",21,-4.20569602129581,0.00333426669453196,0.0131145748801726,-0.185263633749997,"Non-significant",1.88224578286147,"ADD3","ADDG_HUMAN"
0.164664029999997,11.7433336975,5.02056749991836,0.00142244041900452,0.00725771809430333,-2.01819301863725,"RM09_HUMAN",9,4.2041321608722,0.00334114297184746,0.0131354916556447,0.164664029999997,"Non-significant",1.88155366712326,"MRPL9","RM09_HUMAN"
-0.790205836250003,8.010388672375,-4.2281287756715,0.00368820998262564,0.0146848946355935,-3.06365459839911,"MPZL2_HUMAN",4,-4.19984846160553,0.00336005732692056,0.0132036938035494,-0.790205836250003,"Up in D1BM",1.8793045556058,"MPZL2","MPZL2_HUMAN"
0.164051777499999,10.78099858875,3.9401362617908,0.00533577593977868,0.0190896669763983,-3.46558810590647,"MMS19_HUMAN",40,4.19814233056229,0.0033676229656387,0.0132272572121941,0.164051777499999,"Non-significant",1.8785302012472,"MMS19","MMS19_HUMAN"
0.485026478749999,7.620193421875,4.22405404287695,0.00370720969180511,0.0147327065026993,-3.06926140849806,"GLD2_HUMAN",7,4.19613032139514,0.00337656875857361,0.0132562170777909,0.485026478749999,"Non-significant",1.87758039272128,"TENT2","GLD2_HUMAN"
0.285545347500001,11.03189969125,4.41740377858462,0.00291304552529048,0.0123511371894736,-2.8057962121995,"SC5A6_HUMAN",8,4.1954786474213,0.00337947175926344,0.0132614373644467,0.285545347500001,"Non-significant",1.87740940160117,"SLC5A6","SC5A6_HUMAN"
-0.089188575000005,17.80046177,-3.67082046175225,0.00762171695635303,0.0248909152363811,-3.85144770844627,"PGK1_HUMAN",38,-4.1939196109528,0.00338642777258987,0.0132825498814146,-0.089188575000005,"Non-significant",1.87671854446152,"PGK1","PGK1_HUMAN"
0.184020757749998,9.510410666375,4.33568860656615,0.00322330166176508,0.0132791836300185,-2.91649829058874,"PTPM1_HUMAN",12,4.1935273364287,0.00338818044540139,0.013283243243855,0.184020757749998,"Non-significant",1.8766958744452,"PTPMT1","PTPM1_HUMAN"
0.199241159999996,11.876981495,4.3688246487644,0.00309332411118699,0.0128579970212515,-2.87149346140526,"RBPMS_HUMAN",11,4.19180159018255,0.00339590274054055,0.0133073287773204,0.199241159999996,"Non-significant",1.87590911309759,"RBPMS","RBPMS_HUMAN"
0.134404662500003,10.42043256875,3.9593108641333,0.00520416876961817,0.0187301189406967,-3.43847604422692,"PPR18_HUMAN",26,4.19138966747703,0.00339774881773208,0.0133082532969706,0.134404662500003,"Non-significant",1.87587894176551,"PPP1R18","PPR18_HUMAN"
-0.498415112750001,8.190304934875,-4.06227878983048,0.00455529642391034,0.0170712884495308,-3.29373178498806,"NBEL2_HUMAN",27,-4.19104453650498,0.00339929639914317,0.0133082532969706,-0.498415112750001,"Non-significant",1.87587894176551,"NBEAL2","NBEL2_HUMAN"
-0.149362560000002,10.3884663575,-4.88634111232309,0.00166091779776724,0.00814549143940694,-2.18896839582065,"MSI2H_HUMAN",10,-4.1882606582943,0.00341180743667637,0.0133510329079597,-0.149362560000002,"Non-significant",1.87448513363467,"MSI2","MSI2H_HUMAN"
-0.0631327649999989,16.080024005,-3.34378964693338,0.0119198193957307,0.0345146539631103,-4.33169132319759,"WDR1_HUMAN",40,-4.18760427636864,0.00341476456123141,0.0133564039381065,-0.0631327649999989,"Non-significant",1.87431045503861,"WDR1","WDR1_HUMAN"
0.0968561124999994,17.98470497125,3.6519266160836,0.00781792626208229,0.0253451155627276,-3.87886015070983,"ECHA_HUMAN",54,4.18563969180283,0.00342363202282335,0.013384876771975,0.0968561124999994,"Non-significant",1.87338562279589,"HADHA","ECHA_HUMAN"
0.196255682500006,17.52166271125,3.98954244410556,0.00500379307874776,0.0182426348878741,-3.39583005621553,"ADT2_HUMAN",31,4.18431134371872,0.00342964189252316,0.013402156472915,0.196255682500006,"Non-significant",1.8728253158937,"SLC25A5","ADT2_HUMAN"
-0.0794959075000019,10.45064234875,-3.52909717138773,0.00923432036530245,0.0286583528568241,-4.05810137930012,"RABE1_HUMAN",45,-4.1831390715906,0.00343495513709342,0.0134166991893236,-0.0794959075000019,"Non-significant",1.87235431726596,"RABEP1","RABE1_HUMAN"
0.299071073750001,9.414708018375,4.15480763304341,0.00404701640780676,0.0157211242679083,-3.16489917725738,"MEAK7_HUMAN",12,4.18137277365486,0.00344297764273446,0.0134418057205228,0.299071073750001,"Non-significant",1.87154238591148,"MEAK7","MEAK7_HUMAN"
0.343908072750001,10.262931703625,4.49746113626511,0.00264060056870626,0.011496027480338,-2.69826273566612,"TM2D3_HUMAN",6,4.18097313035617,0.00344479563788301,0.0134426770517203,0.343908072750001,"Non-significant",1.87151423477803,"TM2D3","TM2D3_HUMAN"
0.348029375250002,9.055876851125,4.35824794184562,0.00313417616856377,0.0129881862953904,-2.88584163591025,"TBP_HUMAN",7,4.17910409237885,0.0034533118158997,0.0134684677431174,0.348029375250002,"Non-significant",1.87068180951536,"TBP","TBP_HUMAN"
-0.183797836249999,7.036404013625,-4.15892287468148,0.00402589753229458,0.0156812801754672,-3.15919683477988,"ELL2_HUMAN",15,-4.17882171103555,0.00345460045801634,0.0134684677431174,-0.183797836249999,"Non-significant",1.87068180951536,"ELL2","ELL2_HUMAN"
0.193115234499999,9.2299170495,3.99709296597837,0.00495506988375659,0.0181198629284964,-3.38519817440283,"EHMT1_HUMAN",27,4.17668482135334,0.00346436904910939,0.0135003082362196,0.193115234499999,"Non-significant",1.86965631567084,"EHMT1","EHMT1_HUMAN"
0.100217580000001,11.19977653,3.74456741375792,0.00690532464747835,0.0230241224104411,-3.74486979970376,"VP33B_HUMAN",36,4.17579534753657,0.00346844402776141,0.0135099421025882,0.100217580000001,"Non-significant",1.86934651216082,"VPS33B","VP33B_HUMAN"
-0.0978708300000015,16.8671937,-3.7884757109488,0.00651367581632649,0.0220260350401026,-3.68173709005399,"TXND5_HUMAN",30,-4.17379835592434,0.00347761187957354,0.0135387645475039,-0.0978708300000015,"Non-significant",1.86842096450478,"TXNDC5","TXND5_HUMAN"
0.176155329999999,15.38423717,3.9512085248543,0.00525934406199626,0.0188562361116829,-3.44992640496371,"PNCB_HUMAN",34,4.17348428518274,0.00347905611696447,0.0135387645475039,0.176155329999999,"Non-significant",1.86842096450478,"NAPRT","PNCB_HUMAN"
0.072454930000001,10.4648289675,3.34514541431958,0.0118973710853269,0.034491166609876,-4.32967675355848,"SMHD1_HUMAN",73,4.16945776047889,0.00349762964709468,0.0136035038420831,0.072454930000001,"Non-significant",1.86634921638758,"SMCHD1","SMHD1_HUMAN"
0.183854822499999,12.06581699875,6.76302428432328,0.000234890572825867,0.00204824310411126,-0.0204735544925914,"S19A3_HUMAN",6,4.16917889842472,0.00349891995843353,0.0136035038420831,0.183854822499999,"Non-significant",1.86634921638758,"SLC19A3","S19A3_HUMAN"
-0.234760047500002,15.83554208375,-4.80253568643147,0.00183205582793357,0.00875850305788319,-2.29689421704172,"PTMA_HUMAN",7,-4.16836652991354,0.00350268178083478,0.0136118509592699,-0.234760047500002,"Non-significant",1.86608281478641,"PTMA","PTMA_HUMAN"
0.185382127500002,12.43696463125,5.52334325610367,0.000813668855521114,0.00484009511869264,-1.40095207680401,"COXM2_HUMAN",7,4.16634765432011,0.00351204957558333,0.0136377480052533,0.185382127500002,"Non-significant",1.86525733859728,"CMC2","COXM2_HUMAN"
0.0770175475000023,14.94775879375,3.50239640362747,0.00957744111697426,0.0294306420616026,-4.09729466035443,"PAPS2_HUMAN",43,4.16600798496913,0.00351362834692191,0.0136377480052533,0.0770175475000023,"Non-significant",1.86525733859728,"PAPSS2","PAPS2_HUMAN"
0.392539977499998,13.82391762625,5.23640358551795,0.00111449142269756,0.00608374063755327,-1.74891967664947,"AR6P1_HUMAN",3,4.1658851157645,0.0035141996283557,0.0136377480052533,0.392539977499998,"Non-significant",1.86525733859728,"ARL6IP1","AR6P1_HUMAN"
0.165640832499996,11.77617120875,4.10110700761465,0.00433398280443065,0.016455468945291,-3.23952545695748,"LPP60_HUMAN",17,4.16500592319788,0.00351829038365109,0.0136473399189117,0.165640832499996,"Non-significant",1.8649519911961,"ASPG","LPP60_HUMAN"
0.1608674525,10.11224114875,3.85437195748915,0.00597039506639285,0.0207011353412692,-3.58745192606634,"BIRC6_HUMAN",119,4.16399179067797,0.00352301541301627,0.0136593822062163,0.1608674525,"Non-significant",1.86456894271149,"BIRC6","BIRC6_HUMAN"
0.117144107500003,16.09196591625,4.10116047425859,0.00433368626690521,0.016455468945291,-3.23945095755998,"TPP1_HUMAN",18,4.15882601978698,0.00354719078089365,0.0137467913067368,0.117144107500003,"Non-significant",1.86179866040819,"TPP1","TPP1_HUMAN"
-0.114585402500001,16.52204966625,-4.10156462534946,0.00433144547426254,0.016455468945291,-3.23888783391996,"PSA7_HUMAN",18,-4.15646157319945,0.00355831617953089,0.0137835694288906,-0.114585402500001,"Non-significant",1.86063830183814,"PSMA7","PSA7_HUMAN"
-0.10774755500001,16.817165615,-4.24271633636335,0.00362105955389171,0.0145066116823922,-3.04360130098387,"ESTD_HUMAN",16,-4.15378090583176,0.00357097529295046,0.013826252064437,-0.10774755500001,"Non-significant",1.85929552982042,"ESD","ESTD_HUMAN"
-0.135596277499999,14.23900794875,-4.74710594304285,0.00195590888875763,0.00917948553637978,-2.36882885254272,"RBM8A_HUMAN",11,-4.15255198233375,0.00357679505395874,0.0138424267721847,-0.135596277499999,"Non-significant",1.85878776527099,"RBM8A","RBM8A_HUMAN"
0.26308465,11.343066335,5.33860744918539,0.000995097802709852,0.00562931501949083,-1.62368073142949,"RM41_HUMAN",5,4.15071897661732,0.00358549466757629,0.0138697267338231,0.26308465,"Non-significant",1.85793209546326,"MRPL41","RM41_HUMAN"
0.42519032975,8.117809116875,4.10716502791229,0.00430052422407452,0.0163874858430037,-3.23108683566845,"TGFR2_HUMAN",10,4.14840526227385,0.0035965085532452,0.0139008561716455,0.42519032975,"Non-significant",1.85695845016532,"TGFBR2","TGFR2_HUMAN"
0.201085329249999,9.630463004125,3.98543511806374,0.00503051643930131,0.0182737472396708,-3.40161680900037,"GLE1_HUMAN",25,4.14812264722914,0.00359785638781287,0.0139008561716455,0.201085329249999,"Non-significant",1.85695845016532,"GLE1","GLE1_HUMAN"
0.329245328499999,9.02430188675,3.9955519767182,0.00496497168870856,0.0181403321907778,-3.3873674143254,"RFC1_HUMAN",39,4.14752103808874,0.00360072737906923,0.0139008561716455,0.329245328499999,"Non-significant",1.85695845016532,"RFC1","RFC1_HUMAN"
0.0922925499999998,13.948835015,3.8072555785875,0.00635357702645102,0.0216556007909242,-3.65480966137176,"IMA4_HUMAN",26,4.14709246139123,0.00360277414276233,0.0139008561716455,0.0922925499999998,"Non-significant",1.85695845016532,"KPNA3","IMA4_HUMAN"
0.272521492499997,14.96448540625,4.39438367029849,0.00299699411776602,0.0125867779863726,-2.83688618502112,"FKB11_HUMAN",8,4.14705896443021,0.00360293416813816,0.0139008561716455,0.272521492499997,"Non-significant",1.85695845016532,"FKBP11","FKB11_HUMAN"
0.0739114300000043,10.9966727475,3.3866135342272,0.0112321766477652,0.0330919318294346,-4.2681465190776,"CAMP3_HUMAN",58,4.14695371424719,0.00360343703108855,0.0139008561716455,0.0739114300000043,"Non-significant",1.85695845016532,"CAMSAP3","CAMP3_HUMAN"
-0.104676965000005,15.51906264,-4.1015687909515,0.00433142238490662,0.016455468945291,-3.23888202989851,"IF4H_HUMAN",18,-4.14386036462786,0.00361825044564091,0.0139516161968469,-0.104676965000005,"Non-significant",1.85537547950757,"EIF4H","IF4H_HUMAN"
0.0883705614999979,9.8588107825,3.76309146529912,0.00673706821724899,0.0225433695923746,-3.71820560757931,"I2BP2_HUMAN",27,4.14205112598513,0.0036269451190075,0.0139787473288131,0.0883705614999979,"Non-significant",1.85453174508242,"IRF2BP2","I2BP2_HUMAN"
0.172693492499999,12.15412103875,3.99057078093046,0.00499712667399234,0.018234104214321,-3.3943816034347,"ANO10_HUMAN",22,4.14103932000424,0.0036318174410032,0.0139911285238647,0.172693492499999,"Non-significant",1.85414725391987,"ANO10","ANO10_HUMAN"
0.123243809999998,10.541544435,3.76222750429915,0.0067448161404166,0.0225603393839569,-3.7194482625971,"PKHA5_HUMAN",52,4.13959809418914,0.00363876988242366,0.01401150814936,0.123243809999998,"Non-significant",1.8535151162707,"PLEKHA5","PKHA5_HUMAN"
0.346190929250001,8.780753135625,4.1382315942589,0.0041333165983274,0.0159536140702366,-3.18789182139815,"PGAP4_HUMAN",10,4.13916635698791,0.00364085538161257,0.0140131369916038,0.346190929250001,"Non-significant",1.85346463233447,"PGAP4","PGAP4_HUMAN"
-0.122100829999997,10.3875143525,-4.33810523826127,0.00321362262759644,0.0132522627827839,-2.91321079446304,"DAA10_HUMAN",14,-4.13248738761144,0.00367328369968987,0.0141314962595554,-0.122100829999997,"Non-significant",1.84981185210293,"DNAAF10","DAA10_HUMAN"
0.212702035,10.6729964,4.00636999687846,0.00489591200917353,0.0179737118141654,-3.37214574812096,"RBM5_HUMAN",20,4.12869337075156,0.00369184412731329,0.0141964206884688,0.212702035,"Non-significant",1.84782113950382,"RBM5","RBM5_HUMAN"
0.2245302225,10.18267703125,4.05473686739331,0.00459969793371253,0.0171628392577525,-3.30428471120595,"GTPB3_HUMAN",16,4.12814533359622,0.0036945335335707,0.0141967107583762,0.2245302225,"Non-significant",1.84781226582532,"GTPBP3","GTPB3_HUMAN"
-0.415941000250001,8.462254643375,-4.40167166518786,0.00297013286493046,0.0124908483895322,-2.82703516676599,"S10AC_HUMAN",5,-4.12788979489202,0.00369578827571448,0.0141967107583762,-0.415941000250001,"Non-significant",1.84781226582532,"S100A12","S10AC_HUMAN"
0.172490834999998,11.5262218725,4.78293979651219,0.00187482371042488,0.00890410060693201,-2.32227480124547,"LYRM1_HUMAN",9,4.1276487302776,0.00369697237093793,0.0141967107583762,0.172490834999998,"Non-significant",1.84781226582532,"LYRM1","LYRM1_HUMAN"
0.424016475750001,8.367404937625,4.56988315259844,0.00241812800996169,0.0108072115567164,-2.6017745216111,"ICMT_HUMAN",4,4.12634529044036,0.00370338191969117,0.0142148479968474,0.424016475750001,"Non-significant",1.84725777997518,"ICMT","ICMT_HUMAN"
0.117723704999998,13.984755635,4.11156089550701,0.00427642233521275,0.0163251647932556,-3.2249667083279,"KBL_HUMAN",17,4.12186402110449,0.00372551023961593,0.014289827167183,0.117723704999998,"Non-significant",1.84497302388871,"GCAT","KBL_HUMAN"
0.20055151025,9.266148805625,4.38127444547963,0.0030459840740562,0.0127101979010989,-2.85462465525933,"AL14E_HUMAN",10,4.12170324357056,0.00372630681142108,0.014289827167183,0.20055151025,"Non-significant",1.84497302388871,"ARL14EP","AL14E_HUMAN"
0.252467870000002,11.43403232,4.60482329552622,0.00231823776931335,0.0104438408110862,-2.55549220434964,"RM14_HUMAN",7,4.12073154683375,0.00373112501187033,0.0143016128297851,0.252467870000002,"Non-significant",1.84461498326368,"MRPL14","RM14_HUMAN"
0.576961636500002,7.19629663225,4.09999530532161,0.0043401535660591,0.0164714787970788,-3.24107457091652,"KMT2C_HUMAN",7,4.12039939560203,0.00373277354674662,0.0143016128297851,0.576961636500002,"Up in D1CM",1.84461498326368,"KMT2C","KMT2C_HUMAN"
-0.154586074999997,14.2535372975,-3.91705228791979,0.00549904002246541,0.0195163824628888,-3.49829288804414,"LIS1_HUMAN",26,-4.11586939883916,0.00375533584600523,0.0143815201481045,-0.154586074999997,"Non-significant",1.84219520595309,"PAFAH1B1","LIS1_HUMAN"
0.125709297499995,11.93322479875,4.04872199531029,0.00463544764118039,0.0172640925291008,-3.31270650961496,"MYD88_HUMAN",18,4.11496904809814,0.00375983775889149,0.0143898647195654,0.125709297499995,"Non-significant",1.84194328888636,"MYD88","MYD88_HUMAN"
0.120676750000001,13.6042968025,4.15546091738265,0.00404365577038055,0.0157211242679083,-3.16399378740138,"RAB32_HUMAN",16,4.11475094950552,0.00376092917038824,0.0143898647195654,0.120676750000001,"Non-significant",1.84194328888636,"RAB32","RAB32_HUMAN"
0.139186859500001,9.9795901775,3.96224811892566,0.00518432253191017,0.0186906136105521,-3.43432723866048,"SPTC2_HUMAN",21,4.11055699530788,0.00378198353832586,0.0144598357302867,0.139186859500001,"Non-significant",1.83983664077837,"SPTLC2","SPTC2_HUMAN"
-0.0962376574999961,12.84011769125,-4.37339895204108,0.00307583729179428,0.0128157353101997,-2.86529296552174,"MARE2_HUMAN",15,-4.11042510115625,0.00378264773819934,0.0144598357302867,-0.0962376574999961,"Non-significant",1.83983664077837,"MAPRE2","MARE2_HUMAN"
0.153841257499998,11.29616773125,4.02622518457656,0.00477186897949035,0.0176103693643276,-3.34424945713509,"RNF14_HUMAN",18,4.10960888414514,0.00378676090221695,0.0144689971191236,0.153841257499998,"Non-significant",1.83956156982945,"RNF14","RNF14_HUMAN"
0.123377797500002,11.12578272875,3.91014090053358,0.00554897259769539,0.0196311540991246,-3.50809852892235,"BCAR1_HUMAN",23,4.10758883632791,0.00379696139264852,0.0145013989934909,0.123377797500002,"Non-significant",1.83859009805157,"BCAR1","BCAR1_HUMAN"
0.616194724999998,9.583843708,4.02470047734834,0.00478127195790782,0.0176326843687704,-3.34638975427303,"PNO1_HUMAN",10,4.10668995539966,0.003801509977972,0.0145121954729737,0.616194724999998,"Up in D1CM",1.83826688048643,"PNO1","PNO1_HUMAN"
0.111185786249997,10.091084836875,3.73093404438026,0.00703206492939445,0.0233193274058458,-3.76452169384655,"EF2K_HUMAN",38,4.10589545683545,0.00380553527671909,0.0145209854447556,0.111185786249997,"Non-significant",1.83800390989644,"EEF2K","EF2K_HUMAN"
0.416749000499998,9.155437708,3.97521758831595,0.00509767112483122,0.0184413175584559,-3.41602200168751,"NEBU_HUMAN",27,4.10472927217082,0.00381145207863101,0.0145362677552605,0.416749000499998,"Non-significant",1.83754708600539,"NEB","NEBU_HUMAN"
0.132168289999997,15.40290904,4.17520202332542,0.00394352803264621,0.0154389214060264,-3.13666250411559,"ARF6_HUMAN",15,4.10442658336671,0.0038129894420312,0.0145362677552605,0.132168289999997,"Non-significant",1.83754708600539,"ARF6","ARF6_HUMAN"
0.368781566500001,8.70050048825,4.12034450192103,0.00422870372528482,0.0161943406180944,-3.21274576573281,"TAF5L_HUMAN",9,4.10274810788555,0.00382152666223312,0.0145622279547753,0.368781566500001,"Non-significant",1.83677217485521,"TAF5L","TAF5L_HUMAN"
-0.163239957500002,10.91801500375,-4.41955742016003,0.00290532474492695,0.0123308067849896,-2.80289145790132,"DNJB9_HUMAN",11,-4.10179081539352,0.0038264050081122,0.0145732967677149,-0.163239957500002,"Non-significant",1.83644219112175,"DNAJB9","DNJB9_HUMAN"
0.105124237500004,12.20123326875,3.66266529970728,0.00770574609449428,0.0250778895098426,-3.8632744501426,"PP6R2_HUMAN",47,4.10149980762465,0.00382788931589995,0.0145732967677149,0.105124237500004,"Non-significant",1.83644219112175,"PPP6R2","PP6R2_HUMAN"
0.39210510225,9.867980718375,5.09433638843999,0.00130769329797488,0.00682933507350081,-1.92542390975165,"TM208_HUMAN",3,4.09548216522343,0.00385872304222444,0.0146840526062798,0.39210510225,"Non-significant",1.83315406828572,"TMEM208","TM208_HUMAN"
0.258121490500001,8.87652611725,4.04036524966686,0.0046856202906526,0.0173735271579143,-3.32441551200973,"KTU_HUMAN",14,4.09281729733981,0.00387246341418751,0.0147296904865463,0.258121490500001,"Non-significant",1.83180637884626,"DNAAF2","KTU_HUMAN"
0.163504602499998,13.43375348875,4.05764769187666,0.00458250536386395,0.0171442244616109,-3.30021085980661,"CPSF5_HUMAN",16,4.09188636024134,0.00387727592234965,0.0147330769469079,0.163504602499998,"Non-significant",1.83170654293926,"NUDT21","CPSF5_HUMAN"
0.169238329999999,10.522778155,3.91524945734772,0.00551201762103679,0.0195469201686891,-3.50085007243512,"TRM5_HUMAN",25,4.09176481294863,0.00387790474295892,0.0147330769469079,0.169238329999999,"Non-significant",1.83170654293926,"TRMT5","TRM5_HUMAN"
-0.101729629999998,10.591673015,-3.75223889765957,0.00683509755880957,0.0228149799314263,-3.73382194567834,"WDR48_HUMAN",29,-4.09163094519251,0.00387859743091572,0.0147330769469079,-0.101729629999998,"Non-significant",1.83170654293926,"WDR48","WDR48_HUMAN"
0.151430844749999,9.987043976625,3.92062018162541,0.00547345454240583,0.0194419504163248,-3.49323336035177,"DCAF5_HUMAN",23,4.09042006802952,0.0038848691115767,0.0147502530367027,0.151430844749999,"Non-significant",1.83120052941456,"DCAF5","DCAF5_HUMAN"
0.126515390000002,13.1949322225,3.91451716302142,0.00551729851940927,0.0195482594451874,-3.50188890186051,"PHKG2_HUMAN",22,4.0887123924162,0.00389373261779386,0.0147772499934194,0.126515390000002,"Non-significant",1.83040637945983,"PHKG2","PHKG2_HUMAN"
0.140217065,10.9623950725,3.92463972645209,0.00544478525685947,0.0193891402323906,-3.4875353832523,"WDR13_HUMAN",22,4.08826902238542,0.00389603746316372,0.0147793428339365,0.140217065,"Non-significant",1.83034487649195,"WDR13","WDR13_HUMAN"
0.0990979675000005,11.98931849125,3.66408476914468,0.00769104847436881,0.0250494001508712,-3.86121533317557,"SAMH1_HUMAN",37,4.08739380624621,0.00390059158712484,0.0147899624326924,0.0990979675000005,"Non-significant",1.83003292913327,"SAMHD1","SAMH1_HUMAN"
0.287666085000001,13.2101925625,4.02131766227549,0.00480220621385177,0.0176913444827607,-3.35113948558168,"CNO6L_HUMAN",14,4.08657270354854,0.0039048693794843,0.0147937406576034,0.287666085000001,"Non-significant",1.82992199898811,"CNOT6L","CNO6L_HUMAN"
0.446059346250001,7.715299069875,4.74533125111532,0.00196002402217902,0.00918856645325194,-2.37113924444985,"MAGIX_HUMAN",3,4.08652880460103,0.00390509822792354,0.0147937406576034,0.446059346250001,"Non-significant",1.82992199898811,"MAGIX","MAGIX_HUMAN"
-2.073999524,7.90161961325,-3.96851771178028,0.00514223565547271,0.0185786130904327,-3.42547545278247,"LAMA3_HUMAN",46,-4.08583394803716,0.00390872250209541,0.0148008184951313,-2.073999524,"Up in D1BM",1.82971426716653,"LAMA3","LAMA3_HUMAN"
0.336967468000001,8.45517516125,4.26509871206971,0.00352061491235488,0.0141851162027913,-3.01289075243384,"IN80C_HUMAN",7,4.08395276129991,0.00391855280736234,0.0148262829700836,0.336967468000001,"Non-significant",1.82896771531821,"INO80C","IN80C_HUMAN"
0.108947989999999,15.433749795,4.08990337567054,0.00439661192704362,0.0166407911688598,-3.25514507095597,"ISOC1_HUMAN",17,4.08387393728776,0.0039189652933143,0.0148262829700836,0.108947989999999,"Non-significant",1.82896771531821,"ISOC1","ISOC1_HUMAN"
0.496501923249999,9.956242323375,6.49209300377607,0.000303561019279532,0.00243687222048303,-0.306088271648972,"MMP24_HUMAN",1,4.08348083802311,0.00392102308358772,0.0148271698309068,0.496501923249999,"Non-significant",1.82894173798839,"MMP24","MMP24_HUMAN"
0.0735220899999973,13.9214606275,4.11792220614434,0.00424180497357133,0.0162150449533935,-3.2161149268278,"ATAD1_HUMAN",18,4.08315725570961,0.00392271784587997,0.0148271698309068,0.0735220899999973,"Non-significant",1.82894173798839,"ATAD1","ATAD1_HUMAN"
0.315125944749999,9.970984460125,3.96879826323717,0.00514036106912967,0.0185786130904327,-3.42507947680813,"TMCC1_HUMAN",19,4.08260740623566,0.00392559950251268,0.0148288721601896,0.315125944749999,"Non-significant",1.82889187885918,"TMCC1","TMCC1_HUMAN"
0.428254127499999,8.24592208875,3.94918916968408,0.00527319436309308,0.0188978551388229,-3.45278155884153,"TBCD1_HUMAN",34,4.08240006088964,0.00392668675543281,0.0148288721601896,0.428254127499999,"Non-significant",1.82889187885918,"TBC1D1","TBCD1_HUMAN"
0.122155905,10.5958021875,3.90245864516543,0.00560505371008159,0.019776055974164,-3.5190052704277,"RBP1_HUMAN",22,4.08012193452532,0.00393865402892021,0.0148674047513517,0.122155905,"Non-significant",1.82776483514547,"RALBP1","RBP1_HUMAN"
0.078017237500001,11.38308238875,3.36988761646329,0.0114955543613985,0.0336444540667458,-4.29294363014389,"NU214_HUMAN",71,4.07812749293133,0.00394916351020227,0.0149004025190219,0.078017237500001,"Non-significant",1.82680199941129,"NUP214","NU214_HUMAN"
0.291967395000002,11.60654378,4.37147776874802,0.00308316842157267,0.0128272589464146,-2.86789677893926,"RN216_HUMAN",7,4.07764641313535,0.00395170304955492,0.0149033132012074,0.291967395000002,"Non-significant",1.82671717151751,"RNF216","RN216_HUMAN"
0.196891067500001,10.94394409875,3.90127646258207,0.00561373832049365,0.019786592432238,-3.5206843450581,"STRP1_HUMAN",28,4.07606846165666,0.00396004521418669,0.0149180708114972,0.196891067500001,"Non-significant",1.82628733571677,"STRIP1","STRP1_HUMAN"
0.114520312499998,14.15824592125,3.89010991500034,0.00569649605621457,0.0199855201461255,-3.53655348443021,"PAI1_HUMAN",22,4.07566459323808,0.00396218341205322,0.0149180708114972,0.114520312499998,"Non-significant",1.82628733571677,"SERPINE1","PAI1_HUMAN"
0.221936464499999,8.038701892,3.91313665239809,0.00552726896189523,0.0195753571763928,-3.50384748125045,"DAPK1_HUMAN",28,4.07562466019062,0.00396239489724406,0.0149180708114972,0.221936464499999,"Non-significant",1.82628733571677,"DAPK1","DAPK1_HUMAN"
0.0777213575000069,14.00372660125,4.20970843500328,0.00377495752923188,0.0149175419661958,-3.08901940927753,"SDSL_HUMAN",17,4.07556789978817,0.0039626955210514,0.0149180708114972,0.0777213575000069,"Non-significant",1.82628733571677,"SDSL","SDSL_HUMAN"
0.122211935000001,12.239592075,3.73058315165783,0.00703536001815944,0.0233193274058458,-3.76502779687793,"UBP4_HUMAN",42,4.07374385092484,0.00397236951477666,0.0149478136785948,0.122211935000001,"Non-significant",1.82542232417953,"USP4","UBP4_HUMAN"
-0.0697863075000029,14.39619457875,-3.20489745857147,0.0144780202487626,0.0398417344684362,-4.53898768987691,"FLNA_HUMAN",152,-4.07309654145937,0.00397580872088787,0.0149540792986898,-0.0697863075000029,"Non-significant",1.8252403207007,"FLNA","FLNA_HUMAN"
0.2470369325,12.79319977875,3.93134767018585,0.00539730413406045,0.019268901544259,-3.47803120022249,"CP4FC_HUMAN",24,4.07158738363837,0.00398383952579135,0.0149776018567775,0.2470369325,"Non-significant",1.82455771826165,"CYP4F12","CP4FC_HUMAN"
0.0809204575000031,15.41286933625,3.9223033353611,0.00546142956466842,0.0194319923176826,-3.49084711479469,"RAB2A_HUMAN",20,4.06902632889359,0.00399750810900944,0.0150222897239592,0.0809204575000031,"Non-significant",1.82326386635372,"RAB2A","RAB2A_HUMAN"
0.218715548749999,7.725680053125,4.11428151338408,0.0042615795034879,0.0162758738717261,-3.22118027673584,"NOM1_HUMAN",12,4.06659700068622,0.00401052060371294,0.0150644733372087,0.218715548749999,"Non-significant",1.8220460469141,"NOM1","NOM1_HUMAN"
-0.0499465449999956,12.99201262,-2.83359103801744,0.024637427162758,0.0600199056517015,-5.10017974406145,"UBP7_HUMAN",76,-4.06232758020338,0.00403350068177489,0.0151440433170069,-0.0499465449999956,"Non-significant",1.81975815681564,"USP7","UBP7_HUMAN"
0.262893914999999,15.970553755,3.95675523909091,0.00522150372961418,0.018760466725029,-3.44208674707114,"STOM_HUMAN",18,4.06141479267111,0.00403843222156833,0.0151558081903826,0.262893914999999,"Non-significant",1.81942089972757,"STOM","STOM_HUMAN"
0.124134777499997,14.15660178625,3.77734557246893,0.00661062140203484,0.0222297081973203,-3.69771723597738,"LPP_HUMAN",31,4.0592200758086,0.00405031641467504,0.0151936435510885,0.124134777499997,"Non-significant",1.81833806653323,"LPP","LPP_HUMAN"
-0.0568697475000004,15.64433157375,-3.41339688942531,0.0108238132502166,0.0322153678976256,-4.22849824776312,"GSHR_HUMAN",27,-4.05519768283945,0.00407219572480688,0.0152684689823222,-0.0568697475000004,"Non-significant",1.81620450884171,"GSR","GSHR_HUMAN"
-0.168755767500004,14.03523767125,-5.74122694901377,0.000645377898973141,0.0040963029446119,-1.14418060765656,"TPD52_HUMAN",7,-4.05488787327479,0.00407388619542563,0.0152684689823222,-0.168755767500004,"Non-significant",1.81620450884171,"TPD52","TPD52_HUMAN"
0.126341822500002,10.92579650875,4.13760392912602,0.00413662369368053,0.0159577121803355,-3.18876320573601,"MSTO1_HUMAN",15,4.05417168228188,0.00407779698845024,0.0152763336958432,0.126341822500002,"Non-significant",1.81598086347753,"MSTO1","MSTO1_HUMAN"
0.120107412500001,11.29152309875,3.85506374678776,0.00596495933247959,0.020699317502458,-3.58646508605344,"NRBP2_HUMAN",23,4.05189355786736,0.00409026384024291,0.0153148029697189,0.120107412500001,"Non-significant",1.81488858617143,"NRBP2","NRBP2_HUMAN"
0.405708314249999,10.000341892875,4.90695572991491,0.00162157929598114,0.00802129805506165,-2.16257410031354,"CA053_HUMAN",3,4.05163167002748,0.00409169964263935,0.0153148029697189,0.405708314249999,"Non-significant",1.81488858617143,"C1orf53","CA053_HUMAN"
0.217757697499998,10.77499914125,3.87564890074548,0.00580564623830526,0.0202501258339488,-3.55712888295975,"EFR3A_HUMAN",32,4.04944373097048,0.00410371638133542,0.0153529628842771,0.217757697499998,"Non-significant",1.81380779998346,"EFR3A","EFR3A_HUMAN"
0.202615023000003,9.49081146725,3.98475845111457,0.00503493391036578,0.0182771136651478,-3.40257037362834,"P4HTM_HUMAN",16,4.04874475241978,0.00410756340413772,0.0153605376812231,0.202615023000003,"Non-significant",1.81359358196719,"P4HTM","P4HTM_HUMAN"
0.399214267499998,8.9544119835,4.94226536791816,0.00155656868694735,0.00778192020301259,-2.11750530000532,"MFSD1_HUMAN",3,4.04651222240609,0.00411987692530754,0.0153997528174799,0.399214267499998,"Non-significant",1.81248624999899,"MFSD1","MFSD1_HUMAN"
0.183737280000003,11.793126345,4.16436549543841,0.0039981514913595,0.0155876128217711,-3.15165880845696,"RPE_HUMAN",12,4.04552669004187,0.00412532533796576,0.0154132833660077,0.183737280000003,"Non-significant",1.81210483721608,"RPE","RPE_HUMAN"
0.508171319999998,7.477499962,4.88300819052888,0.00166737641631866,0.00816636595766996,-2.19324144740619,"GIMA5_HUMAN",2,4.04459084627686,0.00413050627273043,0.0154258030008174,0.508171319999998,"Up in D1CM",1.8117522192074,"GIMAP5","GIMA5_HUMAN"
0.156715867499999,13.64693546375,3.83133886532191,0.00615448428897578,0.0211293317090185,-3.62034423683832,"TIM44_HUMAN",29,4.04161822295473,0.00414700981621624,0.0154687073517881,0.156715867499999,"Non-significant",1.81054597676225,"TIMM44","TIM44_HUMAN"
0.502541302499999,10.79998314375,6.20164314779046,0.000403231857124091,0.00293256369603017,-0.621941957938225,"IIGP5_HUMAN",1,4.04161191747409,0.00414704489903459,0.0154687073517881,0.502541302499999,"Up in D1CM",1.81054597676225,"IRGC","IIGP5_HUMAN"
-0.083476067500003,12.91908383625,-3.96134727190077,0.00519040053854058,0.018704525925335,-3.43559954162034,"DDI2_HUMAN",19,-4.04153010304388,0.00414750013228628,0.0154687073517881,-0.083476067500003,"Non-significant",1.81054597676225,"DDI2","DDI2_HUMAN"
0.279605150250003,8.689670443625,3.93310269400979,0.00538495594692527,0.0192329634223022,-3.47554557409581,"IRAK1_HUMAN",18,4.03856071093893,0.00416405913641066,0.0155235977270259,0.279605150250003,"Non-significant",1.8090076199385,"IRAK1","IRAK1_HUMAN"
0.0939824599999994,12.43454778,3.76607910053522,0.00671034963725534,0.0224896767763122,-3.71390915028461,"PAFA2_HUMAN",24,4.03605462877763,0.00417809014748147,0.0155690193868794,0.0939824599999994,"Non-significant",1.80773874056474,"PAFAH2","PAFA2_HUMAN"
-0.137875079999999,13.902985095,-6.11674698097974,0.000438924426889643,0.00310377012940671,-0.716214309296076,"CDD_HUMAN",8,-4.03432359944811,0.00418781168010305,0.0155983493820542,-0.137875079999999,"Non-significant",1.8069213562733,"CDA","CDD_HUMAN"
0.18806791325,9.941409110875,4.08099161837054,0.00444713478234741,0.0167665923808332,-3.267581788111,"SGK2_HUMAN",13,4.03381350271969,0.00419068107223547,0.0156021425608979,0.18806791325,"Non-significant",1.80681575815313,"SGK2","SGK2_HUMAN"
0.1173892025,14.38470816625,3.93509415186286,0.00537098144448334,0.0191911838048114,-3.47272558509426,"BCKD_HUMAN",19,4.0325328165304,0.00419789455937632,0.0156220985611404,0.1173892025,"Non-significant",1.80626062652111,"BCKDK","BCKD_HUMAN"
0.074712277499998,12.02442526875,3.40477189308534,0.0109535511008243,0.0324901456162259,-4.24125802885277,"UBE4A_HUMAN",41,4.0318995823179,0.00420146622570687,0.015628490210275,0.074712277499998,"Non-significant",1.80608297495695,"UBE4A","UBE4A_HUMAN"
0.1214659175,11.21786940125,3.7209034958399,0.0071269200559213,0.0235672064148139,-3.778995104903,"DDX27_HUMAN",35,4.03004114855623,0.00421196745532528,0.0156606412355257,0.1214659175,"Non-significant",1.80519045943331,"DDX27","DDX27_HUMAN"
0.191501378999998,9.08441293225,4.07028570421951,0.00450866848442231,0.0169280920513121,-3.28253674924868,"DUS11_HUMAN",13,4.02960402816634,0.00421444156310913,0.0156629311884686,0.191501378999998,"Non-significant",1.80512696003962,"DUSP11","DUS11_HUMAN"
0.253033159999996,11.069937945,12.7732890578481,3.40920889440963e-06,0.00017464208926765,4.7048664681903,"CHCH1_HUMAN",3,4.02848166479664,0.00422080136207479,0.0156796538919914,0.253033159999996,"Non-significant",1.80466352803278,"CHCHD1","CHCH1_HUMAN"
0.18889117,11.000504375,4.20158049752725,0.00381394232366249,0.0150293220412114,-3.10022669175819,"S2546_HUMAN",11,4.0236826490888,0.00424811204617608,0.0157741570208009,0.18889117,"Non-significant",1.80205384038789,"SLC25A46","S2546_HUMAN"
-0.0649118374999986,17.22683382125,-3.27223085483922,0.0131714577507584,0.0371311763816531,-4.43827266536165,"SDHA_HUMAN",41,-4.0232241954921,0.00425073104484247,0.0157765201850164,-0.0649118374999986,"Non-significant",1.80198878256528,"SDHA","SDHA_HUMAN"
0.0962500575000025,12.90050053625,3.66070930109645,0.00772604886702074,0.0251245624614652,-3.8661122696609,"SYSM_HUMAN",30,4.02291613857795,0.00425249185672763,0.0157765201850164,0.0962500575000025,"Non-significant",1.80198878256528,"SARS2","SYSM_HUMAN"
-0.0667054625000016,14.18688476125,-3.29029335519581,0.0128428001448742,0.036473033160763,-4.41132444567487,"OSBP1_HUMAN",42,-4.02239324838618,0.00425548243364888,0.0157792139439416,-0.0667054625000016,"Non-significant",1.80191463536688,"OSBP","OSBP1_HUMAN"
0.796308875000001,7.693604648,3.91883416393022,0.00548624591096932,0.0194791772466556,-3.49576584969304,"FAKD3_HUMAN",12,4.02213470315596,0.00425696197752084,0.0157792139439416,0.796308875000001,"Up in D1CM",1.80191463536688,"FASTKD3","FAKD3_HUMAN"
0.23881053925,8.659039020375,3.86273050550954,0.00590507634261657,0.020508400697122,-3.57553260471826,"PIEZ1_HUMAN",30,4.02086259232214,0.00426424983495749,0.015799279937959,0.23881053925,"Non-significant",1.80136270583653,"PIEZO1","PIEZ1_HUMAN"
0.1147108075,11.04140829875,3.64783033081669,0.00786118149521435,0.0254559734241881,-3.88480900678886,"ZN598_HUMAN",46,4.0203184277249,0.00426737144719403,0.0158038989140591,0.1147108075,"Non-significant",1.80123575684473,"ZNF598","ZN598_HUMAN"
0.213665485500002,9.079670429,3.83873508473901,0.00609470791778204,0.020976844850545,-3.60977459194799,"OBSL1_HUMAN",35,4.01877536897182,0.00427623669097248,0.0158294596197431,0.213665485500002,"Non-significant",1.80053391066951,"OBSL1","OBSL1_HUMAN"
-0.197721004999996,11.012577535,-3.84819166300176,0.00601919612236141,0.0208189594236292,-3.59627090452421,"ECE1_HUMAN",28,-4.01846377239108,0.00427802930522895,0.0158294596197431,-0.197721004999996,"Non-significant",1.80053391066951,"ECE1","ECE1_HUMAN"
0.210416557500004,10.93400919375,4.02741555518126,0.00476454189077424,0.0175940464717658,-3.34257870243829,"PTBP3_HUMAN",13,4.01571097062078,0.0042939015299534,0.0158812180763393,0.210416557500004,"Non-significant",1.79911619060256,"PTBP3","PTBP3_HUMAN"
0.0721499925000018,14.99571883625,3.21147874979483,0.0143444193040314,0.0395904094019911,-4.52912626725109,"MYH14_HUMAN",140,4.01430597044805,0.00430202708725606,0.0158974954520926,0.0721499925000018,"Non-significant",1.79867129058598,"MYH14","MYH14_HUMAN"
0.147803306249997,8.625532150125,4.03803362932032,0.00469972442719581,0.0174127372293773,-3.32768414722175,"IFT88_HUMAN",15,4.01429775678992,0.0043020746382991,0.0158974954520926,0.147803306249997,"Non-significant",1.79867129058598,"IFT88","IFT88_HUMAN"
0.114320757500003,12.21368718375,4.58720191006516,0.00236803581176979,0.0106227641604085,-2.57881193296433,"RT02_HUMAN",12,4.01288169871564,0.0043102810787194,0.0159183134743679,0.114320757500003,"Non-significant",1.79810294712444,"MRPS2","RT02_HUMAN"
-0.0764646499999984,17.41990614,-3.67469280585544,0.00758216445858384,0.024780947739978,-3.84583480769309,"PRDX2_HUMAN",24,-4.01267414895208,0.00431148530810082,0.0159183134743679,-0.0764646499999984,"Non-significant",1.79810294712444,"PRDX2","PRDX2_HUMAN"
0.601193428,6.92165124425,4.05547794943907,0.00459531412165295,0.0171593991733881,-3.30324741809108,"TXNIP_HUMAN",5,4.01091459976262,0.00432170906364276,0.0159490742983559,0.601193428,"Up in D1CM",1.79726451880008,"TXNIP","TXNIP_HUMAN"
0.141931772000003,9.0306288005,4.04571303474932,0.00465344517187682,0.0172944838420413,-3.31692139798507,"NSE3_HUMAN",15,4.01001013424125,0.00432697460883394,0.0159615181522369,0.141931772000003,"Non-significant",1.79692580385102,"NSMCE3","NSE3_HUMAN"
1.8140741585,7.937146604,3.98291099824156,0.00504701612757043,0.0183130860694323,-3.40517413366236,"TECT2_HUMAN",1,4.00603559194587,0.00435019567158537,0.0160401571810119,1.8140741585,"Up in D1CM",1.7947913802843,"TCTN2","TECT2_HUMAN"
0.1768209925,11.96549642125,3.87343354645944,0.00582256731041256,0.0202887225545546,-3.56028335471812,"RL1D1_HUMAN",21,4.00552192490235,0.00435320656770824,0.0160442405593409,0.1768209925,"Non-significant",1.79468083504672,"RSL1D1","RL1D1_HUMAN"
0.108442067499997,12.37843286875,3.9541401674438,0.00523930700264397,0.0188083980942445,-3.44578234423274,"RM45_HUMAN",18,4.00474532710543,0.00435776293193738,0.0160540138781906,0.108442067499997,"Non-significant",1.79441636592515,"MRPL45","RM45_HUMAN"
0.1382644175,10.90571725375,3.87873756783573,0.00578214384154626,0.0201924258590142,-3.5527319637944,"RINT1_HUMAN",20,4.00289706179174,0.00436862761838144,0.0160870083859053,0.1382644175,"Non-significant",1.79352471179235,"RINT1","RINT1_HUMAN"
0.273993730000001,10.854842065,4.5391415408341,0.00250994021281646,0.0111290300125355,-2.64264001295556,"S66A2_HUMAN",6,4.00251798955333,0.00437085954299481,0.016088198728342,0.273993730000001,"Non-significant",1.79349257778617,"SLC66A2","S66A2_HUMAN"
0.176124334999997,13.0343951,3.95321421931365,0.00524562663989893,0.0188230680918297,-3.44709110576161,"RM46_HUMAN",16,4.00122162279718,0.00437850169534663,0.016109293230064,0.176124334999997,"Non-significant",1.79292351315102,"MRPL46","RM46_HUMAN"
0.260088205750002,8.750085473125,4.07868515612253,0.00446031363227204,0.0168064298642919,-3.2708023273732,"PANK3_HUMAN",10,4.00001431170885,0.00438563185676399,0.0161250284670119,0.260088205750002,"Non-significant",1.79249950999159,"PANK3","PANK3_HUMAN"
0.240678072249999,9.320068478625,4.0552367829892,0.00459674022226959,0.0171593991733881,-3.30358497071498,"KS6B2_HUMAN",11,3.99978028201304,0.00438701544635373,0.0161250284670119,0.240678072249999,"Non-significant",1.79249950999159,"RPS6KB2","KS6B2_HUMAN"
-0.0979645275000003,12.32278549625,-3.56460512192906,0.00879838384613659,0.0276510791250079,-4.006105246513,"NEK9_HUMAN",42,-3.99952627886549,0.00438851765373417,0.0161250284670119,-0.0979645275000003,"Non-significant",1.79249950999159,"NEK9","NEK9_HUMAN"
0.521878719250002,7.548343062375,3.96530104200901,0.00516378204195936,0.0186404791570345,-3.43001628046839,"CABL1_HUMAN",8,3.99826503713332,0.00439598504355548,0.0161454282928667,0.521878719250002,"Up in D1CM",1.79195042988116,"CABLES1","CABL1_HUMAN"
0.265532732499997,10.58616983875,4.13168085332839,0.00416797442963327,0.0160346218472747,-3.19698887114104,"GPAA1_HUMAN",9,3.99529396533134,0.00441363013048907,0.0162031743771308,0.265532732499997,"Non-significant",1.79039989413516,"GPAA1","GPAA1_HUMAN"
0.309899092000002,9.4491022825,3.86383527097726,0.00589650127819495,0.0204870607064737,-3.57395788724942,"APBA1_HUMAN",25,3.9945397623434,0.00441812149315521,0.0162126016829801,0.309899092000002,"Non-significant",1.79014728707017,"APBA1","APBA1_HUMAN"
-0.0675368325000001,15.47894048625,-3.23333824021577,0.0139100203475159,0.0387339152656795,-4.49639849860172,"LMNB1_HUMAN",51,-3.99081515091373,0.00444037455658446,0.0162855667345553,-0.0675368325000001,"Non-significant",1.78819712347262,"LMNB1","LMNB1_HUMAN"
0.144493582500001,14.53760290125,3.81124127760041,0.00632015096981566,0.0215749390037628,-3.64910059839495,"IDH3A_HUMAN",24,3.99056566014787,0.00444186948899544,0.0162855667345553,0.144493582500001,"Non-significant",1.78819712347262,"IDH3A","IDH3A_HUMAN"
0.489983085000002,10.5715949525,4.43652736688994,0.00284526773301152,0.0121247531453762,-2.78002613793833,"BSCL2_HUMAN",3,3.98908903530858,0.00445072847795326,0.0163064156635876,0.489983085000002,"Non-significant",1.78764149135692,"BSCL2","BSCL2_HUMAN"
-1.74918174725,7.726380825125,-3.90009441770891,0.0056224365479698,0.0198042280245873,-3.52236340861406,"PXDC2_HUMAN",4,-3.98897305105992,0.00445142513250861,0.0163064156635876,-1.74918174725,"Up in D1BM",1.78764149135692,"PLXDC2","PXDC2_HUMAN"
-0.124807122499998,12.08081471875,-3.96017773101493,0.00519830299559296,0.018716999551411,-3.43725149418739,"ACL6A_HUMAN",17,-3.98804701982368,0.00445699153090107,0.0163136794866608,-0.124807122499998,"Non-significant",1.78744807448821,"ACTL6A","ACL6A_HUMAN"
-0.272769925250001,10.018432377375,-4.10890459167899,0.00429096876712102,0.0163658713746892,-3.22866461673259,"NQO1_HUMAN",9,-3.98799924659016,0.0044572789011484,0.0163136794866608,-0.272769925250001,"Non-significant",1.78744807448821,"NQO1","NQO1_HUMAN"
0.339722394750001,7.796002268875,4.01845845342404,0.00481997809334096,0.0177413080125637,-3.35515524596143,"PDLI3_HUMAN",9,3.98586435195497,0.00447014140217236,0.0163536553293884,0.339722394750001,"Non-significant",1.78638515970377,"PDLIM3","PDLI3_HUMAN"
0.57877635975,7.561620116375,3.95839456687585,0.00521037685509482,0.0187364618223525,-3.43977052988541,"SCML2_HUMAN",7,3.98496612572671,0.00447556510363893,0.0163600041798773,0.57877635975,"Up in D1CM",1.7862165897052,"SCML2","SCML2_HUMAN"
0.321362494999999,11.0520751475,4.89391124515057,0.00164635064653773,0.00810577663531923,-2.17926880757447,"KCT2_HUMAN",4,3.98491755555087,0.00447585858448445,0.0163600041798773,0.321362494999999,"Non-significant",1.7862165897052,"KCT2","KCT2_HUMAN"
0.585470438,8.702293992,4.23782538403779,0.00364342361823979,0.0145673852023208,-3.05032148841697,"URM1_HUMAN",3,3.98461295727842,0.00447769956613796,0.0163600041798773,0.585470438,"Up in D1CM",1.7862165897052,"URM1","URM1_HUMAN"
-0.073446989999999,14.6368662125,-3.31561661395681,0.0123967081486477,0.035541446593521,-4.37359483428026,"AMPN_HUMAN",49,-3.9830373474155,0.00448723557763221,0.0163877420640649,-0.073446989999999,"Non-significant",1.78548088027142,"ANPEP","AMPN_HUMAN"
0.32439494125,8.189056038875,3.86727126335914,0.00586991783844215,0.0204138994470022,-3.56906129059306,"GPTC8_HUMAN",20,3.98254408975539,0.00449022541544202,0.0163915591280904,0.32439494125,"Non-significant",1.78537973535432,"GPATCH8","GPTC8_HUMAN"
-0.169683932499998,15.73169756125,-4.90639967462321,0.0016226267954266,0.0080217719992087,-2.16328526147217,"TXD17_HUMAN",8,-3.98039106383223,0.00450330103148914,0.0164321750625203,-0.169683932499998,"Non-significant",1.78430494690396,"TXNDC17","TXD17_HUMAN"
0.2318196275,10.79861664875,4.20089392826611,0.00381725549462193,0.0150353488617609,-3.10117379754995,"RM16_HUMAN",9,3.97979755362738,0.00450691273200759,0.0164352307838315,0.2318196275,"Non-significant",1.78422419316795,"MRPL16","RM16_HUMAN"
0.399571060999999,8.12037318925,3.87839375178302,0.00578475489828476,0.0201924258590142,-3.55322134648157,"NB5R4_HUMAN",16,3.97940424662278,0.00450930785665231,0.0164352307838315,0.399571060999999,"Non-significant",1.78422419316795,"CYB5R4","NB5R4_HUMAN"
0.45847416,14.934973,7.03217212290774,0.000183455105437592,0.00176141069384958,0.255012450036224,"RS27L_HUMAN",1,3.9791992286275,0.00451055690181945,0.0164352307838315,0.45847416,"Non-significant",1.78422419316795,"RPS27L","RS27L_HUMAN"
0.105174302500002,10.78118908375,4.05627782062993,0.00459058766008456,0.017159229883305,-3.30212792204361,"CDK6_HUMAN",16,3.97897263354559,0.0045119378376778,0.0164352307838315,0.105174302500002,"Non-significant",1.78422419316795,"CDK6","CDK6_HUMAN"
-0.106232882500001,10.34411275375,-3.61856998187728,0.00817778241722231,0.0262192955476481,-3.92736106282027,"STAG2_HUMAN",36,-3.97734522191653,0.00452186919233823,0.0164619631854092,-0.106232882500001,"Non-significant",1.78351837387774,"STAG2","STAG2_HUMAN"
0.434985399249999,8.075148701625,4.02094828328716,0.00480449812666127,0.0176920553558881,-3.35165821611602,"ST17A_HUMAN",7,3.97713027664521,0.00452318267142101,0.0164619631854092,0.434985399249999,"Non-significant",1.78351837387774,"STK17A","ST17A_HUMAN"
0.325352430500001,8.785754323,3.92600726685356,0.0054350685875338,0.0193627189874566,-3.48559729140031,"MTEF3_HUMAN",12,3.97265474427671,0.00455062548064364,0.0165546923506022,0.325352430500001,"Non-significant",1.78107888568674,"MTERF3","MTEF3_HUMAN"
0.226382731999998,8.6515357495,3.80244271752884,0.00639419591543206,0.0217422630800906,-3.66170625786221,"DHX57_HUMAN",35,3.97217322395244,0.00455358874464995,0.0165583259398854,0.226382731999998,"Non-significant",1.78098357285433,"DHX57","DHX57_HUMAN"
0.350248217250001,6.846677601375,4.10777897029341,0.00429714917664949,0.0163820309407411,-3.23023191684063,"E2F3_HUMAN",7,3.97130369639184,0.00455894508035345,0.0165706546279859,0.350248217250001,"Non-significant",1.78066033432622,"E2F3","E2F3_HUMAN"
-0.119239330000001,12.031849145,-4.00178606964069,0.0049250460978015,0.0180550942833724,-3.37859370246855,"HNF4A_HUMAN",16,-3.97000430320863,0.00456696210681613,0.0165926394820488,-0.119239330000001,"Non-significant",1.78008452287806,"HNF4A","HNF4A_HUMAN"
0.317473650250001,9.298468232375,4.08247154605947,0.00443870103525832,0.016751962511422,-3.26551573328714,"ZMIZ2_HUMAN",8,3.9696066079777,0.00456941886059292,0.016594412570417,0.317473650250001,"Non-significant",1.7800381166776,"ZMIZ2","ZMIZ2_HUMAN"
-0.0701961499999939,19.3203935625,-3.24005429896339,0.0137793910751359,0.0384591017789141,-4.48635161142934,"DHE3_HUMAN",56,-3.96919182415895,0.00457198270056272,0.0165965728609144,-0.0701961499999939,"Non-significant",1.77998158311998,"GLUD1","DHE3_HUMAN"
0.184791564999998,10.2101111425,3.82807455312593,0.00618106867499597,0.021187567247475,-3.62501138833721,"GSDME_HUMAN",22,3.96605428465804,0.00459142672793511,0.0166599810115218,0.184791564999998,"Non-significant",1.77832549792299,"GSDME","GSDME_HUMAN"
0.21010446575,9.067165136375,3.94173337611165,0.00532467683963725,0.0190661431951157,-3.46332797956299,"ABCG8_HUMAN",14,3.96573293444789,0.00459342324598368,0.0166600535888109,0.21010446575,"Non-significant",1.7783236059732,"ABCG8","ABCG8_HUMAN"
0.104162215000002,11.1001410475,3.59903647992873,0.00839678640838766,0.0267282902705059,-3.95582444919996,"RBM27_HUMAN",36,3.9639329333984,0.00460462383980268,0.0166934943422352,0.104162215000002,"Non-significant",1.77745274572294,"RBM27","RBM27_HUMAN"
0.243350266749999,8.708622574875,3.89707174977387,0.00564474594447769,0.0198579146769626,-3.52665786741268,"PI51A_HUMAN",15,3.96258377266816,0.00461303840864862,0.0167132429088779,0.243350266749999,"Non-significant",1.77693927477526,"PIP5K1A","PI51A_HUMAN"
0.316283583749999,7.707319319125,3.84097803112703,0.00607670516475562,0.0209355755140898,-3.60657068688068,"NVL_HUMAN",22,3.96242386964418,0.00461403680732694,0.0167132429088779,0.316283583749999,"Non-significant",1.77693927477526,"NVL","NVL_HUMAN"
-0.107637166749999,9.982848286625,-3.71775665971464,0.00715696325908261,0.0236294725071709,-3.78353835938329,"TXD11_HUMAN",25,-3.96120779624518,0.00462163734211361,0.0167335829710806,-0.107637166749999,"Non-significant",1.77641105856145,"TXNDC11","TXD11_HUMAN"
-0.1691398625,8.91462802875,-4.54587573674724,0.00248950477160716,0.0110599249197639,-2.63367652438777,"ABI2_HUMAN",9,-3.95881520566411,0.00463663070627992,0.0167806613238443,-0.1691398625,"Non-significant",1.77519092767676,"ABI2","ABI2_HUMAN"
0.0639240750000027,15.0690146675,3.34203935283385,0.0119488672364923,0.0345494902402925,-4.33429239695277,"ODPA_HUMAN",31,3.9554334703716,0.00465791233842484,0.0168504476826536,0.0639240750000027,"Non-significant",1.77338855630461,"PDHA1","ODPA_HUMAN"
0.0608050774999995,13.18083488875,3.02920914215909,0.0185811462253541,0.0482503023824737,-4.80347981797466,"TENS1_HUMAN",81,3.95494061610318,0.0046610227261098,0.0168544661340109,0.0608050774999995,"Non-significant",1.77328499922281,"TNS1","TENS1_HUMAN"
0.213420867750001,8.551085949125,3.82986226830339,0.00616649421294208,0.0211462081858783,-3.62245523127695,"ZBT21_HUMAN",21,3.95441828422576,0.00466432159564926,0.0168591624055436,0.213420867750001,"Non-significant",1.77316400573064,"ZBTB21","ZBT21_HUMAN"
0.217645883499999,9.7986131905,3.84613497517265,0.00603553213523937,0.0208381604014767,-3.59920679966329,"SMRCD_HUMAN",19,3.95401784104481,0.00466685236613082,0.0168610795517003,0.217645883499999,"Non-significant",1.77311462257386,"SMARCAD1","SMRCD_HUMAN"
0.165679217499999,15.58884036625,4.575393752387,0.00240206398954932,0.0107525211725498,-2.59446346822983,"RAC1_HUMAN",9,3.95330337951397,0.00467137139429632,0.0168682673097732,0.165679217499999,"Non-significant",1.7729295253807,"RAC1","RAC1_HUMAN"
-0.0947866450000028,13.2843194,-4.34266334860849,0.00319545320772387,0.0131902424524508,-2.90701236411784,"BAG2_HUMAN",14,-3.9530706816107,0.00467284424822877,0.0168682673097732,-0.0947866450000028,"Non-significant",1.7729295253807,"BAG2","BAG2_HUMAN"
0.144126889999997,11.8056218625,3.7347775926618,0.00699608096121382,0.0232165222134139,-3.75897903634231,"RAF1_HUMAN",29,3.95204465204648,0.00467934445536384,0.0168845010335025,0.144126889999997,"Non-significant",1.77251176899945,"RAF1","RAF1_HUMAN"
0.0732436149999955,17.8323376175,3.22163751623395,0.0141407685978355,0.039220973514694,-4.51391157187214,"EF2_HUMAN",81,3.94944757938239,0.0046958413932551,0.0169295524727374,0.0732436149999955,"Non-significant",1.77135452217397,"EEF2","EF2_HUMAN"
0.101000784999998,11.88567996,3.78482735145876,0.00654528279291053,0.0220713719203123,-3.68697350084546,"NELFD_HUMAN",21,3.94944671111128,0.0046958469191197,0.0169295524727374,0.101000784999998,"Non-significant",1.77135452217397,"NELFCD","NELFD_HUMAN"
0.409939051000004,8.23327958575,3.86677517817207,0.00587374787448881,0.0204164209625015,-3.56976816104241,"OASL_HUMAN",13,3.94878740221516,0.00470004493169557,0.0169374428085771,0.409939051000004,"Non-significant",1.77115215822942,"OASL","OASL_HUMAN"
0.261992454250001,8.686771631125,3.77378435042729,0.00664196975831785,0.0223226328121456,-3.70283360255239,"HERC1_HUMAN",89,3.9484614666342,0.00470212175628363,0.0169376855913311,0.261992454250001,"Non-significant",1.77114593305978,"HERC1","HERC1_HUMAN"
0.259154320000004,11.4052033425,3.78475814996951,0.00654588391367288,0.0220713719203123,-3.68707284062423,"HTR5A_HUMAN",44,3.94793756153597,0.00470546209796262,0.0169424775838218,0.259154320000004,"Non-significant",1.77102308029198,"HEATR5A","HTR5A_HUMAN"
0.0648822800000008,12.0088198175,3.15692273543747,0.015492878160844,0.042086463903326,-4.61098116381266,"GAPD1_HUMAN",54,3.94689115703826,0.00471214149445894,0.0169592829448311,0.0648822800000008,"Non-significant",1.77059251408912,"GAPVD1","GAPD1_HUMAN"
0.311681031999999,8.9539119005,3.83387170671884,0.00613394247232743,0.0210774566242348,-3.61672385566749,"PAXI1_HUMAN",19,3.94392605672631,0.00473112397934165,0.0170188643673024,0.311681031999999,"Non-significant",1.76906942283361,"PAXIP1","PAXI1_HUMAN"
-0.330255389500001,7.82231050725,-3.91489105747365,0.00551460151395689,0.0195469201686891,-3.5013584879986,"DAB2_HUMAN",11,-3.94367510088033,0.00473273437856885,0.0170188643673024,-0.330255389500001,"Non-significant",1.76906942283361,"DAB2","DAB2_HUMAN"
0.355284929000002,8.797549367,4.31465805175908,0.0033088947075677,0.0135523194801206,-2.94514241121866,"TPC6A_HUMAN",5,3.94154058401447,0.00474645566550506,0.0170609274219796,0.355284929000002,"Non-significant",1.76799736453423,"TRAPPC6A","TPC6A_HUMAN"
0.327375531249998,7.948862254625,3.81153899154406,0.00631766186133168,0.0215749390037628,-3.64867423876519,"KLD7A_HUMAN",26,3.94013790367982,0.00475549588983687,0.0170767691714132,0.327375531249998,"Non-significant",1.76759429194626,"KLHDC7A","KLD7A_HUMAN"
0.0749976624999995,15.38719928125,3.34227781261911,0.0119449053072513,0.0345494902402925,-4.33393800941332,"CALD1_HUMAN",42,3.94005124752978,0.00475605499524001,0.0170767691714132,0.0749976624999995,"Non-significant",1.76759429194626,"CALD1","CALD1_HUMAN"
-0.095515967499999,16.06764185375,-3.85202304065422,0.0059888918594561,0.0207396752191271,-3.59080312990829,"RAB7A_HUMAN",19,-3.93961856553093,0.00475884772160542,0.0170767691714132,-0.095515967499999,"Non-significant",1.76759429194626,"RAB7A","RAB7A_HUMAN"
0.419430972500001,14.78442204125,3.84869764116777,0.00601518456445172,0.0208136250795417,-3.59554871157065,"YBOX1_HUMAN",14,3.93960012946669,0.00475896675568272,0.0170767691714132,0.419430972500001,"Non-significant",1.76759429194626,"YBX1","YBOX1_HUMAN"
0.065712447500001,11.12727355875,3.54750524605595,0.00900548702947869,0.0280848224932628,-4.03112751270893,"ZN326_HUMAN",24,3.93903592782763,0.00476261112897132,0.017082574130255,0.065712447500001,"Non-significant",1.76744668596949,"ZNF326","ZN326_HUMAN"
-0.196687220000001,13.1847784525,-4.49510987429468,0.00264819098924313,0.0115045934564353,-2.70140791286576,"SRSF6_HUMAN",8,-3.93731816316796,0.00477372533576062,0.0171074903325029,-0.196687220000001,"Non-significant",1.76681369675277,"SRSF6","SRSF6_HUMAN"
-0.387470841750003,7.932385981125,-4.21922839911722,0.00372984939077414,0.0147947767128637,-3.075904479678,"PGRP1_HUMAN",5,-3.93717208818135,0.00477467175536255,0.0171074903325029,-0.387470841750003,"Non-significant",1.76681369675277,"PGLYRP1","PGRP1_HUMAN"
-0.0765776625000019,13.54224681875,-3.51082306644916,0.0094676943406188,0.0291611770729718,-4.08491679162922,"SF3A3_HUMAN",28,-3.93702166666437,0.00477564654791544,0.0171074903325029,-0.0765776625000019,"Non-significant",1.76681369675277,"SF3A3","SF3A3_HUMAN"
0.107062812500001,11.08747029375,3.84084768069553,0.00607774982595535,0.0209355755140898,-3.60675686625014,"ECSIT_HUMAN",19,3.93342579369711,0.00479901336514152,0.0171838928015199,0.107062812500001,"Non-significant",1.76487844523645,"ECSIT","ECSIT_HUMAN"
-0.0481021399999975,15.18976462,-2.97382738587906,0.020117328446239,0.0511674597083127,-4.88728624592995,"2AAA_HUMAN",35,-3.9330875897474,0.00480121743724921,0.0171844848316661,-0.0481021399999975,"Non-significant",1.764863482911,"PPP2R1A","2AAA_HUMAN"
0.208028793250005,8.736265897875,3.88421264004941,0.00574073639186748,0.0201033099489202,-3.54494091832623,"KIN17_HUMAN",15,3.9324687785848,0.00480525305455778,0.0171916290309285,0.208028793250005,"Non-significant",1.76468296882646,"KIN","KIN17_HUMAN"
0.376189231500003,9.50628590575,3.85472089483508,0.00596765261934674,0.0207001415343513,-3.58695415784727,"LYAR_HUMAN",13,3.93092293199303,0.00481535040804619,0.0172204448830808,0.376189231500003,"Non-significant",1.76395563291887,"LYAR","LYAR_HUMAN"
-0.0845663575000035,13.41919314875,-3.35477842546596,0.0117391690349039,0.0341558356214031,-4.31536802831223,"MA2A1_HUMAN",65,-3.92997226160259,0.00482157149210348,0.0172353800283886,-0.0845663575000035,"Non-significant",1.76357913625298,"MAN2A1","MA2A1_HUMAN"
0.296553850250003,9.443477034625,3.89439649746389,0.0056645714607066,0.0199083489256779,-3.53045974041851,"CCD61_HUMAN",12,3.92851930328416,0.00483109626884217,0.0172621070157145,0.296553850250003,"Non-significant",1.76290619532711,"CCDC61","CCD61_HUMAN"
0.27500867825,9.252991199625,3.78707682001012,0.00652577527723763,0.0220368277682643,-3.68374468715986,"BAZ1A_HUMAN",27,3.92396175615699,0.0048611050347056,0.017361972176921,0.27500867825,"Non-significant",1.76040094408428,"BAZ1A","BAZ1A_HUMAN"
0.100943325000001,13.6786240325,3.57015472025602,0.00873227871650129,0.02751565506594,-3.99799174593609,"ACAD9_HUMAN",33,3.91958228159493,0.00489013099335488,0.0174582440249844,0.100943325000001,"Non-significant",1.7579994403905,"ACAD9","ACAD9_HUMAN"
0.107518197500003,16.95929193625,3.61898544977978,0.00817319181017519,0.0262145486179477,-3.92675615105218,"HIBCH_HUMAN",30,3.91811418011647,0.00489990300068671,0.0174857249757783,0.107518197500003,"Non-significant",1.75731635669458,"HIBCH","HIBCH_HUMAN"
0.30693495225,8.182032287125,3.81306685657603,0.00630490450530466,0.0215668880506074,-3.64648634462498,"PSD4_HUMAN",18,3.91740683933227,0.00490461874072658,0.0174891214072563,0.30693495225,"Non-significant",1.75723200742039,"PSD4","PSD4_HUMAN"
-0.136234759999999,11.996231795,-3.65394838490327,0.00779667200290886,0.0252859362495263,-3.87592477015582,"ELP2_HUMAN",37,-3.91734900822916,0.00490500450904661,0.0174891214072563,-0.136234759999999,"Non-significant",1.75723200742039,"ELP2","ELP2_HUMAN"
0.244617700250002,9.770578265375,4.08586285779508,0.00441944052787887,0.0166972049347786,-3.26078242368949,"DVL3_HUMAN",9,3.91611374834819,0.00491325226412954,0.0175111219172718,0.244617700250002,"Non-significant",1.75668602828141,"DVL3","DVL3_HUMAN"
0.256146669500003,8.4533993005,4.51907792235803,0.00257192637630151,0.0113027984493459,-2.66938398852588,"RBM38_HUMAN",6,3.91556151240342,0.0049169443516005,0.0175168740235167,0.256146669500003,"Non-significant",1.75654339334287,"RBM38","RBM38_HUMAN"
-0.113326787500002,11.09166824875,-4.72910280409838,0.00199810036277509,0.00933875679882906,-2.39228724754481,"SUMF1_HUMAN",11,-3.9143540625244,0.00492502744481484,0.017538257850589,-0.113326787500002,"Non-significant",1.7560135491372,"SUMF1","SUMF1_HUMAN"
-0.1660478125,12.53675091375,-3.80951696247672,0.00633458846141975,0.021599614134833,-3.65157023433,"PCP_HUMAN",19,-3.91305631688933,0.00493373100575064,0.0175618321991014,-0.1660478125,"Non-significant",1.75543017678696,"PRCP","PCP_HUMAN"
-0.0604028700000008,18.328139305,-3.40077835846588,0.0110141864330743,0.0326372973654071,-4.24716865638954,"TPIS_HUMAN",26,-3.91210146253297,0.00494014550757283,0.0175772420782319,-0.0604028700000008,"Non-significant",1.75504926601798,"TPI1","TPIS_HUMAN"
-0.493473411000001,7.19857198,-3.95733975198855,0.00521753340652987,0.0187541957712752,-3.44126084359685,"SPRC_HUMAN",6,-3.91061429721665,0.00495015389308816,0.0176054207446583,-0.493473411000001,"Non-significant",1.75435359144583,"SPARC","SPRC_HUMAN"
-0.113220689999995,18.3652350925,-3.52651498075757,0.00926691767306743,0.0287383550648585,-4.0618882061036,"HS90B_HUMAN",61,-3.90940292339738,0.00495832242050561,0.0176270348723922,-0.113220689999995,"Non-significant",1.75382073630309,"HSP90AB1","HS90B_HUMAN"
0.692631363750001,6.732077181375,3.83765402774295,0.00610340557093065,0.0209982063499487,-3.6113190455425,"S2535_HUMAN",8,3.90669142462379,0.00497665935899747,0.0176847646445994,0.692631363750001,"Up in D1CM",1.75240071556265,"SLC25A35","S2535_HUMAN"
0.0966789749999979,10.986816525,3.66116929412309,0.00772126906068072,0.0251187097307904,-3.86544485673696,"RFC5_HUMAN",24,3.9061213985199,0.00498052355365245,0.0176862572253126,0.0966789749999979,"Non-significant",1.75236406298472,"RFC5","RFC5_HUMAN"
-0.0582821399999993,13.3952890625,-3.33668425063015,0.0120382120753224,0.0347381340578202,-4.34225235900913,"SAE2_HUMAN",27,-3.90598806980324,0.00498142785336991,0.0176862572253126,-0.0582821399999993,"Non-significant",1.75236406298472,"UBA2","SAE2_HUMAN"
-1.9473615885,6.942178309,-3.79615580648331,0.00644768012842273,0.0218884646887367,-3.67071956706209,"CHRD_HUMAN",12,-3.90570119558475,0.00498337417370002,0.0176862572253126,-1.9473615885,"Up in D1BM",1.75236406298472,"CHRD","CHRD_HUMAN"
0.126233577500001,10.47422361625,3.78228262072545,0.00656742709109845,0.0221073653957144,-3.69062690116315,"ARMD3_HUMAN",20,3.90479142202513,0.00498955203342956,0.0177007298357651,0.126233577500001,"Non-significant",1.75200882645679,"ARMH3","ARMD3_HUMAN"
0.347201108750003,8.451406836375,3.88996001782097,0.00569761595813734,0.0199855201461255,-3.5367666198964,"POGK_HUMAN",10,3.90408345863681,0.00499436521050015,0.017710351013591,0.347201108750003,"Non-significant",1.75177283114449,"POGK","POGK_HUMAN"
-0.1056113275,11.25574302625,-3.67940620079448,0.00753432061740641,0.0246724119984921,-3.83900528439013,"CCZ1B_HUMAN;CCZ1_HUMAN",24,-3.90334699855984,0.0049993774439084,0.0177206696697662,-0.1056113275,"Non-significant",1.75151987001168,"CCZ1B;CCZ1","CCZ1B_HUMAN;CCZ1_HUMAN"
0.130738495000003,11.2763654,3.59849191576104,0.00840298189245577,0.0267379140700301,-3.95661860949194,"HERC4_HUMAN",49,3.90181182819061,0.0050098430372906,0.0177503013708795,0.130738495000003,"Non-significant",1.75079426894134,"HERC4","HERC4_HUMAN"
0.72029411775,6.981922686125,3.78770908557029,0.00652030359198476,0.0220279114135629,-3.68283726993324,"DEN5B_HUMAN",23,3.90092185194075,0.00501592102526602,0.0177643690428434,0.72029411775,"Up in D1CM",1.75045021322828,"DENND5B","DEN5B_HUMAN"
0.178977489249998,7.836268782625,4.61629987394822,0.00228642532173955,0.0103421359261417,-2.54032829674103,"CI072_HUMAN",8,3.89895808201151,0.00502936053071447,0.0177990205101941,0.178977489249998,"Non-significant",1.74960389649572,"C9orf72","CI072_HUMAN"
-0.0595302575000005,16.51225566875,-3.11719368797737,0.0163905911590899,0.0438591405968154,-4.6707382023019,"GDIB_HUMAN",41,-3.89887522370195,0.00502992844409566,0.0177990205101941,-0.0595302575000005,"Non-significant",1.74960389649572,"GDI2","GDIB_HUMAN"
0.942012786999999,6.8377126455,3.84408002349502,0.0060519024495532,0.0208721300111636,-3.60214076552783,"HYAL2_HUMAN",5,3.89792126193065,0.00503647191432817,0.017814696502674,0.942012786999999,"Up in D1CM",1.74922157204082,"HYAL2","HYAL2_HUMAN"
0.115338325000003,16.572584155,3.67583535334632,0.00757053681261384,0.0247621477662096,-3.84417905253926,"ADHX_HUMAN",25,3.89589951073867,0.00505037001073721,0.0178563627602785,0.115338325000003,"Non-significant",1.74820699975938,"ADH5","ADHX_HUMAN"
0.0984418349999991,15.2893530125,3.5129500463279,0.00944020755375701,0.0291150784744302,-4.08179373667788,"LACTB_HUMAN",37,3.89558363103079,0.00505254519375004,0.0178565632864231,0.0984418349999991,"Non-significant",1.74820212267941,"LACTB","LACTB_HUMAN"
0.178794384999998,14.7520694725,4.61193318832779,0.00229847253958355,0.0103769818083287,-2.54609573748683,"EWS_HUMAN",8,3.89517169343813,0.00505538336098088,0.0178591057626605,0.178794384999998,"Non-significant",1.74814029080385,"EWSR1","EWS_HUMAN"
0.164803267500004,11.43042504875,4.04473818123607,0.00465929240656508,0.0173009519967793,-3.31828721728287,"VAMP7_HUMAN",12,3.89277960915923,0.0050718983762322,0.0179099419410395,0.164803267500004,"Non-significant",1.74690582200843,"VAMP7","VAMP7_HUMAN"
0.243421554499998,8.7316617965,3.75885758661898,0.00677512966791755,0.0226347871466021,-3.72429619387167,"KIFC3_HUMAN",24,3.89153676959841,0.00508050194627036,0.0179328102617726,0.243421554499998,"Non-significant",1.746351646548,"KIFC3","KIFC3_HUMAN"
0.109018327500001,14.91581082375,3.47372320386556,0.00996124609092733,0.0302788832673734,-4.13947134055848,"SYVC_HUMAN",82,3.89012124854224,0.00509032009034075,0.0179599447641198,0.109018327500001,"Non-significant",1.74569500334103,"VARS1","SYVC_HUMAN"
0.146542070000002,10.4159247875,3.83396114930229,0.00613321843809412,0.0210774566242348,-3.61659602381897,"INT11_HUMAN",17,3.88768979655478,0.00510723260978693,0.0180120768484912,0.146542070000002,"Non-significant",1.74443620878858,"INTS11","INT11_HUMAN"
0.222137451000002,9.35747766475,3.78822372046156,0.00651585356611236,0.0220260350401026,-3.68209871195261,"MET16_HUMAN",18,3.88535309172628,0.00512354323067323,0.0180620434510015,0.222137451000002,"Non-significant",1.74323311729545,"METTL16","MET16_HUMAN"
0.155325175,11.557468055,3.99012156067231,0.00500003764588799,0.0182368313791388,-3.39501433024657,"ALKMO_HUMAN",13,3.88375868816102,0.00513470470347471,0.0180926004082724,0.155325175,"Non-significant",1.74249900849671,"AGMO","ALKMO_HUMAN"
0.298001050749999,9.507978320125,3.80240919818046,0.00639447979304125,0.0217422630800906,-3.66175429987718,"MANEA_HUMAN",15,3.8835020011968,0.00513650406655545,0.0180926004082724,0.298001050749999,"Non-significant",1.74249900849671,"MANEA","MANEA_HUMAN"
0.347731590000002,12.488574505,4.52007285649503,0.00256881319163623,0.0112950059427761,-2.6680564247098,"AIG1_HUMAN",4,3.88298874151694,0.00514010403203293,0.0180977179974961,0.347731590000002,"Non-significant",1.74237618333941,"AIG1","AIG1_HUMAN"
0.155553817499998,11.74485206625,3.79949143151119,0.0064192430205397,0.0218176610565037,-3.66593677611822,"TRIM4_HUMAN",18,3.88235374070806,0.00514456164787654,0.018105849741107,0.155553817499998,"Non-significant",1.7421810881232,"TRIM4","TRIM4_HUMAN"
0.134805440000001,10.8683794725,3.63116636908414,0.00803983096418606,0.0258853075619268,-3.90903013798283,"AT11C_HUMAN",34,3.88119447966939,0.0051527102555069,0.0181194586755508,0.134805440000001,"Non-significant",1.74185478114778,"ATP11C","AT11C_HUMAN"
-0.0877134800000015,15.29032886,-3.79859928035046,0.00642683550079995,0.0218346620057407,-3.66721584892497,"SNAA_HUMAN",19,-3.88119198888813,0.00515272777853782,0.0181194586755508,-0.0877134800000015,"Non-significant",1.74185478114778,"NAPA","SNAA_HUMAN"
-0.0807487949999999,14.6611207725,-3.53530484190401,0.00915645959901166,0.0284586275663972,-4.04900080778345,"GALE_HUMAN",26,-3.88037009977513,0.00515851340699375,0.0181322391607799,-0.0807487949999999,"Non-significant",1.7415485613141,"GALE","GALE_HUMAN"
0.29991412,10.971184135,4.46879321109634,0.00273480307405771,0.0117850997501188,-2.7366644531077,"DOPP1_HUMAN",5,3.87948417299816,0.00516475767242918,0.0181466204338914,0.29991412,"Non-significant",1.74120424465409,"DOLPP1","DOPP1_HUMAN"
0.151133536500001,9.8712542055,3.69683013766143,0.00736027146664299,0.0241996900757877,-3.81378229322767,"UTP25_HUMAN",26,3.87891406303118,0.00516878028176692,0.0181531870812556,0.151133536500001,"Non-significant",1.74104711661727,"UTP25","UTP25_HUMAN"
0.0536568125000016,14.94412243375,2.86388193931612,0.0235778418214327,0.0578229935155241,-5.05412694160741,"ACLY_HUMAN",71,3.87827032024855,0.00517332649576317,0.0181615864359799,0.0536568125000016,"Non-significant",1.74084621802311,"ACLY","ACLY_HUMAN"
0.0908651350000014,11.5438613875,3.59680545078221,0.00842220004896489,0.0267687497031392,-3.95907827161946,"NUP50_HUMAN",25,3.87600725541898,0.00518934288343678,0.018210229460653,0.0908651350000014,"Non-significant",1.73968458177962,"NUP50","NUP50_HUMAN"
0.0861163124999962,14.85501956875,4.03406694840339,0.00472382563875946,0.0174825614068963,-3.33324663185217,"YBOX3_HUMAN",16,3.87358293581592,0.00520655987252355,0.0182569925914862,0.0861163124999962,"Non-significant",1.73857076067308,"YBX3","YBOX3_HUMAN"
0.262108802500002,10.50396847875,3.76625493569485,0.00670878071641106,0.0224896767763122,-3.71365632050364,"JMY_HUMAN",19,3.87352095508896,0.00520700085299951,0.0182569925914862,0.262108802500002,"Non-significant",1.73857076067308,"JMY","JMY_HUMAN"
0.0904512400000002,14.50030899,3.48112365557466,0.0098606287268799,0.0300657134370153,-4.1285770421742,"CN37_HUMAN",33,3.87119804388891,0.00522355698063134,0.0183074269396015,0.0904512400000002,"Non-significant",1.73737269034917,"CNP","CN37_HUMAN"
0.213587999249999,9.487812399875,3.69673058604142,0.00736125345287932,0.0241996900757877,-3.81392629883784,"DPOD1_HUMAN",38,3.87011580135292,0.00523128984631627,0.0183269086095594,0.213587999249999,"Non-significant",1.73691078583082,"POLD1","DPOD1_HUMAN"
0.437146425749997,9.200417160875,3.76521764339956,0.00671804189203695,0.0224992675650134,-3.71514787840928,"MPP8_HUMAN",17,3.86925347180513,0.00523746022169662,0.0183301086326507,0.437146425749997,"Non-significant",1.7368349612014,"MPHOSPH8","MPP8_HUMAN"
0.236475702499998,12.83877575375,4.32722176468318,0.00325746580148515,0.0133741740091176,-2.92802279864903,"TR112_HUMAN",7,3.8692246891167,0.0052376663107435,0.0183301086326507,0.236475702499998,"Non-significant",1.7368349612014,"TRMT112","TR112_HUMAN"
0.379333019250002,8.945603847375,3.76031964044756,0.00676195991592481,0.0226087108811306,-3.72219272115783,"GCP6_HUMAN",19,3.86907654103394,0.00523872721509734,0.0183301086326507,0.379333019250002,"Non-significant",1.7368349612014,"TUBGCP6","GCP6_HUMAN"
0.483646393000003,8.7280733585,3.79429534871727,0.0064636003677911,0.0219242203219763,-3.67338780540838,"TRI35_HUMAN",11,3.86837900382797,0.00524372546918286,0.0183399842239595,0.483646393000003,"Non-significant",1.73660104224562,"TRIM35","TRI35_HUMAN"
0.273607134999999,8.29125481825,3.82038697781585,0.00624416956314774,0.0213779583359339,-3.6360081395466,"PIAS2_HUMAN",13,3.86542577411988,0.00526494410145278,0.0184065590340711,0.273607134999999,"Non-significant",1.73502739195168,"PIAS2","PIAS2_HUMAN"
0.288788079999998,8.613329053,3.81126962597356,0.00631991391064812,0.0215749390037628,-3.6490599998666,"PHF8_HUMAN",13,3.86316608049755,0.00528124227344081,0.0184500100881167,0.288788079999998,"Non-significant",1.73400339204084,"PHF8","PHF8_HUMAN"
-0.0853400224999987,17.13267779375,-3.61659703532993,0.00819962002004242,0.0262693261683533,-3.93023390750978,"PGAM1_HUMAN",23,-3.86301303581913,0.00528234808241725,0.0184500100881167,-0.0853400224999987,"Non-significant",1.73400339204084,"PGAM1","PGAM1_HUMAN"
0.0854201324999995,12.79628586875,3.84570747981994,0.00603893371667973,0.0208381604014767,-3.59981711274421,"IN35_HUMAN",18,3.86279287099877,0.00528393929917117,0.0184500100881167,0.0854201324999995,"Non-significant",1.73400339204084,"IFI35","IN35_HUMAN"
0.100362539999999,13.372160315,4.33264503666893,0.00323553719083527,0.0133035819422198,-2.92063982807961,"MBNL1_HUMAN",13,3.8609772183914,0.00529708144900106,0.0184882399725176,0.100362539999999,"Non-significant",1.73310443046362,"MBNL1","MBNL1_HUMAN"
0.145836829750001,9.788451671625,3.72693298924227,0.00706973651546008,0.023396469999534,-3.77029344597417,"SMCA4_HUMAN",21,3.86051363371701,0.00530044263649926,0.0184923141486143,0.145836829750001,"Non-significant",1.73300873734888,"SMARCA4","SMCA4_HUMAN"
-0.0718035675000017,14.15299582375,-3.39731777822923,0.0110670209817354,0.0327082467934949,-4.25229181562201,"SRP54_HUMAN",29,-3.8600997424353,0.00530344546866415,0.0184935302478777,-0.0718035675000017,"Non-significant",1.73298017803337,"SRP54","SRP54_HUMAN"
0.130211830249998,10.013184547375,3.55444310608003,0.00892083330993926,0.0279322823066412,-4.02097129039451,"UBR3_HUMAN",54,3.85958842093036,0.00530715770195118,0.0184935302478777,0.130211830249998,"Non-significant",1.73298017803337,"UBR3","UBR3_HUMAN"
-0.481095075749998,8.373347163125,-3.7410202551571,0.00693806032918222,0.0230768677146676,-3.74998063060904,"NEO1_HUMAN",28,-3.85947221291549,0.00530800177168417,0.0184935302478777,-0.481095075749998,"Non-significant",1.73298017803337,"NEO1","NEO1_HUMAN"
-0.113878247500001,14.26567053875,-5.04550401828255,0.00138245012014311,0.00712186159019323,-1.98674779589577,"RANG_HUMAN",10,-3.85925672322477,0.00530956735079653,0.0184935302478777,-0.113878247500001,"Non-significant",1.73298017803337,"RANBP1","RANG_HUMAN"
0.176824570250002,8.980182886125,3.74077732326324,0.00694030841816138,0.0230768677146676,-3.7503307104109,"DCA10_HUMAN",20,3.85617634210825,0.00533200149083673,0.0185639985816864,0.176824570250002,"Non-significant",1.73132847343367,"DCAF10","DCA10_HUMAN"
0.106623410000001,12.0160969525,3.73065911267817,0.00703464655779481,0.0233193274058458,-3.76491823473097,"RT29_HUMAN",20,3.85568164950717,0.00533561380647681,0.0185689053570574,0.106623410000001,"Non-significant",1.73121369730501,"DAP3","RT29_HUMAN"
-0.0577304324999961,14.35103428125,-3.29594758158237,0.0127417281916211,0.0362592933582626,-4.40289487428058,"RMD3_HUMAN",27,-3.8551748940223,0.00533931694276088,0.0185741240241566,-0.0577304324999961,"Non-significant",1.73109165888344,"RMDN3","RMD3_HUMAN"
0.300872087,8.548455596,3.70920198000562,0.00723933084444376,0.0238546988615389,-3.79589541557631,"BPTF_HUMAN",44,3.85421117454748,0.00534636700915087,0.0185909766997247,0.300872087,"Non-significant",1.73069779343636,"BPTF","BPTF_HUMAN"
0.0991883249999983,12.42995882,3.4303505760859,0.010573576935822,0.0316157076949428,-4.20343967855044,"KI21A_HUMAN",52,3.85316322736638,0.00535404463217619,0.0186099967854075,0.0991883249999983,"Non-significant",1.73025370188696,"KIF21A","KI21A_HUMAN"
0.226944209999997,13.658656,3.81068648347929,0.00632479229781682,0.0215749390037628,-3.64989515595507,"AUHM_HUMAN",14,3.85102500675467,0.00536974686600171,0.0186568822479507,0.226944209999997,"Non-significant",1.7291609294877,"AUH","AUHM_HUMAN"
0.0967235550000005,11.4403436175,3.81174306906969,0.00631595623689803,0.0215749390037628,-3.64838198352911,"TTC4_HUMAN",18,3.85023288402283,0.00537557649268572,0.0186694413913671,0.0967235550000005,"Non-significant",1.72886867638816,"TTC4","TTC4_HUMAN"
-0.125402687499998,13.30994951625,-3.67480793849192,0.00758099188530153,0.024780947739978,-3.84566795275021,"HABP2_HUMAN",23,-3.84878908264728,0.00538621970490409,0.018698700944249,-0.125402687499998,"Non-significant",1.72818856417694,"HABP2","HABP2_HUMAN"
0.0619776225000024,10.56746590125,3.14530009052319,0.0157499645351053,0.0426869617576856,-4.62845044941421,"VIP2_HUMAN",39,3.84842203327301,0.00538892908770704,0.0187004048086796,0.0619776225000024,"Non-significant",1.72814899216548,"PPIP5K2","VIP2_HUMAN"
-0.109332562500004,19.27899241375,-3.4896472463933,0.00974609369524581,0.0297860129649119,-4.11603678957239,"CALR_HUMAN",46,-3.84806929861845,0.00539153419034618,0.0187017455516164,-0.109332562500004,"Non-significant",1.72811785613433,"CALR","CALR_HUMAN"
0.473901867999998,7.9685906765,3.7868000933618,0.00652817166180519,0.0220368277682643,-3.68414185676822,"2A5B_HUMAN",10,3.84743044443429,0.00539625586946984,0.0187104239916747,0.473901867999998,"Non-significant",1.72791637096293,"PPP2R5B","2A5B_HUMAN"
1.50151371975,8.076764941125,3.73818429215529,0.00696435351437941,0.0231385635682712,-3.75406788837148,"DEN2B_HUMAN",14,3.84621949558712,0.00540521805314005,0.0187337923396042,1.50151371975,"Up in D1CM",1.72737429814801,"DENND2B","DEN2B_HUMAN"
0.215319872249999,8.513812899625,4.08949355075569,0.00439892152949287,0.0166409566940809,-3.25571675858559,"CDK4_HUMAN",9,3.84542024699134,0.00541114204775045,0.0187461598126491,0.215319872249999,"Non-significant",1.7270876848956,"CDK4","CDK4_HUMAN"
0.177406072250001,9.222645401875,3.6285310863973,0.00806848244996496,0.0259676359567601,-3.91286357592933,"E2AK4_HUMAN",53,3.84513817447535,0.00541323442685822,0.0187461598126491,0.177406072250001,"Non-significant",1.7270876848956,"EIF2AK4","E2AK4_HUMAN"
0.301857471999998,9.51109147075,4.79469218402079,0.00184904361559155,0.00881039493262929,-2.30704652608242,"MAFG_HUMAN",4,3.84144657664212,0.00544069877597888,0.0188335318204213,0.301857471999998,"Non-significant",1.72506822983512,"MAFG","MAFG_HUMAN"
0.334697961749999,8.451139569375,3.78807548010371,0.00651713505635495,0.0220260350401026,-3.68231144979658,"CLOCK_HUMAN",12,3.84085486636422,0.00544511486497645,0.0188410809511028,0.334697961749999,"Non-significant",1.72489418447137,"CLOCK","CLOCK_HUMAN"
-0.0652644649999967,13.2191485175,-3.25145758166047,0.0135605828399613,0.0379615253264808,-4.46930197223115,"EI2BG_HUMAN",33,-3.83916918426396,0.00545771674384232,0.018871544872078,-0.0652644649999967,"Non-significant",1.72419254594233,"EIF2B3","EI2BG_HUMAN"
-1.27860796475,7.421736061625,-3.75905866248106,0.00677331678827472,0.0226347871466021,-3.72400688784619,"ACE_HUMAN",5,-3.83907833994422,0.00545839677282313,0.018871544872078,-1.27860796475,"Up in D1BM",1.72419254594233,"ACE","ACE_HUMAN"
0.123193982500002,14.83169066875,3.77036413820839,0.00667222859596654,0.0224064600937856,-3.70774889669817,"GHC1_HUMAN",18,3.83671625726624,0.00547611059391084,0.0189250250906414,0.123193982500002,"Non-significant",1.72296353604348,"SLC25A22","GHC1_HUMAN"
0.0876383775000011,13.98430395125,3.48285619144307,0.00983723122000865,0.0300101418579272,-4.12602741945233,"HACL1_HUMAN",29,3.83581088962537,0.00548291657537276,0.0189407802515643,0.0876383775000011,"Non-significant",1.72260213452127,"HACL1","HACL1_HUMAN"
0.121388912500002,10.76243615125,3.69219986208035,0.00740609529185016,0.0243376129493197,-3.82048147217894,"WRIP1_HUMAN",21,3.83469742655875,0.00549129938748031,0.0189486902092696,0.121388912500002,"Non-significant",1.72242080440546,"WRNIP1","WRIP1_HUMAN"
-0.1842622775,10.84950828375,-3.86991894099388,0.00584952221672866,0.020357399985469,-3.56528916630279,"KCMF1_HUMAN",13,-3.83463314575269,0.00549178375308301,0.0189486902092696,-0.1842622775,"Non-significant",1.72242080440546,"KCMF1","KCMF1_HUMAN"
0.239269255,10.4593660825,3.87551260352914,0.0058066857445313,0.0202501258339488,-3.55732293976513,"ZN330_HUMAN",11,3.83443404153171,0.00549328432568002,0.0189486902092696,0.239269255,"Non-significant",1.72242080440546,"ZNF330","ZN330_HUMAN"
0.098652602500005,10.31387984625,3.4780691092714,0.00990202559275227,0.0301460666138827,-4.13307295328578,"MCM3_HUMAN",35,3.83431277706826,0.00549419846618282,0.0189486902092696,0.098652602500005,"Non-significant",1.72242080440546,"MCM3","MCM3_HUMAN"
0.188589811499998,9.0705610515,3.79613412171485,0.00644786544336615,0.0218884646887367,-3.67075066445638,"SETMR_HUMAN",15,3.83318393029009,0.00550271603854736,0.0189703040854461,0.188589811499998,"Non-significant",1.72192570751024,"SETMAR","SETMR_HUMAN"
0.315631985749999,8.150551021125,3.99842108773489,0.00494655314312138,0.0180965696368794,-3.38332884410135,"TAZ_HUMAN",7,3.82816620281317,0.00554074922545958,0.0190936121101385,0.315631985749999,"Non-significant",1.71911190444513,"TAFAZZIN","TAZ_HUMAN"
0.0954515924999981,11.13786184625,3.44377215881946,0.0103798806935695,0.0312464775064976,-4.18362327056584,"NAA25_HUMAN",37,3.82568546784539,0.00555965714911497,0.0191509399713486,0.0954515924999981,"Non-significant",1.71780990501904,"NAA25","NAA25_HUMAN"
0.0528025599999999,11.6610541325,2.93583977635544,0.0212481940388339,0.0533958706128375,-4.94486844082797,"C2D1A_HUMAN",43,3.82381209696324,0.00557398186689434,0.0191924400147273,0.0528025599999999,"Non-significant",1.71686980809059,"CC2D1A","C2D1A_HUMAN"
-0.067271707499998,12.39411449375,-3.20973767616054,0.0143796349812066,0.0396486566099413,-4.53173473999845,"CCD22_HUMAN",38,-3.82279962323979,0.00558174028729293,0.0192113061990984,-0.067271707499998,"Non-significant",1.71644310594646,"CCDC22","CCD22_HUMAN"
0.108691212500002,16.52820682625,3.7663436618725,0.00670798919205033,0.0224896767763122,-3.71352874443185,"RS7_HUMAN",18,3.82044492021379,0.00559982901552071,0.0192656974578874,0.108691212500002,"Non-significant",1.71521526401257,"RPS7","RS7_HUMAN"
0.16625666575,9.306712985125,3.60869523114848,0.00828771440246854,0.0265050811220401,-3.94174449575916,"MINT_HUMAN",40,3.82005531307166,0.00560282804450438,0.0192681507903417,0.16625666575,"Non-significant",1.71515996360542,"SPEN","MINT_HUMAN"
-0.1348426325,12.35528624125,-3.57738405825189,0.00864696709275943,0.0273080875327348,-3.98742781538038,"CADH2_HUMAN",34,-3.81923574423661,0.00560914238359534,0.019281998838224,-0.1348426325,"Non-significant",1.71484794764195,"CDH2","CADH2_HUMAN"
0.106770279999999,13.57095921,4.19086120828403,0.0038660310843902,0.0151919701679837,-3.11502121100335,"GLCTK_HUMAN",13,3.81842750014516,0.00561537697927288,0.0192903587460902,0.106770279999999,"Non-significant",1.7146596956325,"GLYCTK","GLCTK_HUMAN"
-0.133399010000002,12.2243564125,-3.60655329175426,0.00831176974484657,0.02656803457691,-3.94486593878277,"F1142_HUMAN",28,-3.81832716957726,0.00561615142518749,0.0192903587460902,-0.133399010000002,"Non-significant",1.7146596956325,"FAM114A2","F1142_HUMAN"
0.136054515000001,12.580170155,3.84662331878939,0.00603164892958744,0.0208381604014767,-3.59850964571572,"RT07_HUMAN",15,3.81492741721535,0.00564246203534286,0.0193728360472118,0.136054515000001,"Non-significant",1.71280679696311,"MRPS7","RT07_HUMAN"
0.0986914624999997,11.31907606125,3.45049063788234,0.010284356247887,0.0310149691640214,-4.17371091846177,"CPSF2_HUMAN",37,3.81405105415828,0.0056492656906162,0.0193882982517117,0.0986914624999997,"Non-significant",1.71246030811184,"CPSF2","CPSF2_HUMAN"
0.215807676500001,9.76555788525,4.04439658502934,0.00466134321801943,0.0173009519967793,-3.31876584161032,"SREK1_HUMAN",9,3.81133258290846,0.00567042684844207,0.0194516989960064,0.215807676500001,"Non-significant",1.7110424595123,"SREK1","SREK1_HUMAN"
0.106406211749999,8.775882959375,3.41104937903536,0.0108589605405312,0.0323085698539136,-4.23197037873303,"ATM_HUMAN",69,3.81108548923215,0.00567235450613165,0.0194516989960064,0.106406211749999,"Non-significant",1.7110424595123,"ATM","ATM_HUMAN"
-0.0866835125000005,12.19079553875,-3.95423700728425,0.00523864654522207,0.0188083980942445,-3.44564547466481,"DEK_HUMAN",16,-3.80973468245123,0.00568290506881382,0.0194677960336882,-0.0866835125000005,"Non-significant",1.71068321255735,"DEK","DEK_HUMAN"
0.174343586000001,9.4840726855,3.78415228045254,0.00655114937392873,0.0220713719203123,-3.68794260147524,"NOCT_HUMAN",15,3.80943273551793,0.00568526633339932,0.0194677960336882,0.174343586000001,"Non-significant",1.71068321255735,"NOCT","NOCT_HUMAN"
0.336289167499999,13.00180327875,5.03005722678752,0.00140707294442856,0.00720985887452179,-2.0062160076991,"RBX1_HUMAN",3,3.8093066789819,0.00568625242462961,0.0194677960336882,0.336289167499999,"Non-significant",1.71068321255735,"RBX1","RBX1_HUMAN"
0.101721285000004,14.097711085,3.40657689647949,0.0109262626710044,0.0324629778124414,-4.23858707625336,"IPO5_HUMAN",54,3.80918323629638,0.00568721824722356,0.0194677960336882,0.101721285000004,"Non-significant",1.71068321255735,"IPO5","IPO5_HUMAN"
-0.0803554025000004,10.98872506625,-3.22179259928858,0.0141376836724489,0.039220973514694,-4.51367937378786,"LAMB2_HUMAN",76,-3.80900709335283,0.00568859670553731,0.0194677960336882,-0.0803554025000004,"Non-significant",1.71068321255735,"LAMB2","LAMB2_HUMAN"
0.20981287975,8.620422244125,3.64668149062596,0.00787335920016993,0.0254856162435608,-3.88647778017266,"ADCY9_HUMAN",32,3.80752896520433,0.00570017841921291,0.0194995145679974,0.20981287975,"Non-significant",1.70997620007667,"ADCY9","ADCY9_HUMAN"
0.0858006475000028,11.05464792125,3.43704185095029,0.0104765296726371,0.0314076612150453,-4.19355790072868,"F91A1_HUMAN",30,3.80632855358281,0.0057096027992069,0.0195238304237383,0.0858006475000028,"Non-significant",1.70943497310907,"FAM91A1","F91A1_HUMAN"
-0.181499007499998,11.68527507625,-3.96436849383932,0.00517004694142207,0.0186551051666296,-3.43133297634745,"PPIL3_HUMAN",11,-3.80566353038386,0.00571483108911019,0.0195337839619261,-0.181499007499998,"Non-significant",1.70921361976366,"PPIL3","PPIL3_HUMAN"
-0.155082705000005,17.4599251725,-4.07732976604422,0.00446807804554855,0.0168259133651562,-3.27269521465318,"ATP5H_HUMAN",11,-3.80449404768203,0.00572403785515801,0.0195466708931053,-0.155082705000005,"Non-significant",1.70892719918215,"ATP5PD","ATP5H_HUMAN"
-0.100208282499999,15.25344014125,-3.54733225197345,0.00900760888310976,0.0280848224932628,-4.0313808263124,"3HAO_HUMAN",26,-3.80433877388768,0.00572526145042943,0.0195466708931053,-0.100208282499999,"Non-significant",1.70892719918215,"HAAO","3HAO_HUMAN"
0.490080116000001,10.0826183545,4.17255995743713,0.00395677022618013,0.0154763880447667,-3.14031726168587,"TM128_HUMAN",3,3.80430111633058,0.00572555824357303,0.0195466708931053,0.490080116000001,"Non-significant",1.70892719918215,"TMEM128","TM128_HUMAN"
0.1490421325,10.19221329625,3.67020896910639,0.0076279831709753,0.0249017312734899,-3.85233422417095,"KTNA1_HUMAN",21,3.80003152546333,0.00575931612732825,0.0196539577478744,0.1490421325,"Non-significant",1.70654998193031,"KATNA1","KTNA1_HUMAN"
0.274593115000002,8.67381608475,3.75200954964299,0.00683718582355947,0.0228149799314263,-3.73415212693221,"SESD1_HUMAN",13,3.79896313350696,0.00576779693932307,0.0196681578077567,0.274593115000002,"Non-significant",1.70623631579966,"SESTD1","SESD1_HUMAN"
-0.116539714999998,13.1805497425,-4.45838985950399,0.00276989645763329,0.0118877073530504,-2.75062915741886,"DCTN3_HUMAN",11,-3.79891944283179,0.00576814403853062,0.0196681578077567,-0.116539714999998,"Non-significant",1.70623631579966,"DCTN3","DCTN3_HUMAN"
0.229838371000001,8.635437727,3.77722464104067,0.00661168328991364,0.0222297081973203,-3.6978909503495,"ZBED1_HUMAN",13,3.79712458388061,0.00578242269583588,0.0197088721808333,0.229838371000001,"Non-significant",1.70533822704753,"ZBED1","ZBED1_HUMAN"
0.100976227499999,10.88733852125,3.37200891351385,0.0114617874311569,0.0335689389357963,-4.28979712339437,"UBR2_HUMAN",69,3.79638480263862,0.00578831895436736,0.0197188668198384,0.100976227499999,"Non-significant",1.70511804619154,"UBR2","UBR2_HUMAN"
-0.0624387250000034,15.7047837975,-3.08442997118137,0.0171724781709377,0.0455035581587029,-4.72010652376264,"TCPH_HUMAN",44,-3.79616979260323,0.00579003385681577,0.0197188668198384,-0.0624387250000034,"Non-significant",1.70511804619154,"CCT7","TCPH_HUMAN"
-0.789272307749997,9.443302630875,-3.69101221142503,0.0074178986250942,0.0243582005080898,-3.82220021448845,"ALS_HUMAN",15,-3.79524094502972,0.00579744855693633,0.0197361445421714,-0.789272307749997,"Up in D1BM",1.70473768285164,"IGFALS","ALS_HUMAN"
0.143434999999997,15.626432895,4.14089592808042,0.00411931064737818,0.0159273713058489,-3.18419354836491,"LAMP1_HUMAN",11,3.79484784514539,0.00580058962844676,0.0197388655543713,0.143434999999997,"Non-significant",1.70467781101969,"LAMP1","LAMP1_HUMAN"
-0.088453770000001,13.891088725,-3.56377003615026,0.00880837774871276,0.0276623755752235,-4.00732644782481,"EHD1_HUMAN",23,-3.79260226889219,0.00581856810558393,0.0197920543026501,-0.088453770000001,"Non-significant",1.70350912615731,"EHD1","EHD1_HUMAN"
0.309812070250002,9.957415819875,5.40303047328569,0.000927167694735617,0.0053345368593355,-1.54547863881325,"CRLS1_HUMAN",3,3.79115563822554,0.0058301818467254,0.0198235590101042,0.309812070250002,"Non-significant",1.7028183720661,"CRLS1","CRLS1_HUMAN"
0.321836232500001,11.05080211125,4.04776367649057,0.00464117139292235,0.0172640925291008,-3.31404876819896,"YIF1A_HUMAN",6,3.78922787883575,0.00584569694888882,0.0198682982186225,0.321836232500001,"Non-significant",1.70183932996682,"YIF1A","YIF1A_HUMAN"
-0.0948047650000046,15.132106305,-3.88485280965314,0.00573591593135251,0.0200957928207539,-3.5440302120549,"CAZA2_HUMAN",16,-3.78846789555783,0.00585182569805687,0.0198811119745753,-0.0948047650000046,"Non-significant",1.70155932864512,"CAPZA2","CAZA2_HUMAN"
0.225508212750004,9.607398271625,3.65560901737827,0.00777926097362894,0.0252391804259886,-3.87351408811829,"CK5P1_HUMAN",24,3.78689385933508,0.00586454123874859,0.0199092932058501,0.225508212750004,"Non-significant",1.70094415746368,"CDK5RAP1","CK5P1_HUMAN"
0.0600664599999998,15.925439955,2.90706855317857,0.0221491957234223,0.0550399677926671,-4.98852711644465,"IQGA2_HUMAN",117,3.78685635312829,0.00586484458774774,0.0199092932058501,0.0600664599999998,"Non-significant",1.70094415746368,"IQGAP2","IQGA2_HUMAN"
0.0747976325000046,17.88232517375,3.48097927268866,0.00986258128524703,0.0300657134370153,-4.12878953278304,"DECR_HUMAN",24,3.78639925526768,0.005868542938037,0.0199138278682423,0.0747976325000046,"Non-significant",1.70084525115953,"DECR1","DECR_HUMAN"
0.0788190374999989,11.85713493875,3.28641607422122,0.0129126034975351,0.0366095980089887,-4.41710658859723,"SPG7_HUMAN",40,3.7846336958313,0.00588285155885937,0.019954348406288,0.0788190374999989,"Non-significant",1.69996244919661,"SPG7","SPG7_HUMAN"
-0.111909867500003,17.13088798625,-3.44352835651106,0.0103833649894056,0.0312464775064976,-4.18398306380339,"TKT_HUMAN",48,-3.78332774860749,0.00589345950196956,0.019982288874538,-0.111909867500003,"Non-significant",1.69935476692846,"TKT","TKT_HUMAN"
0.141959902499998,10.59288036875,3.53325870753186,0.00918204517473181,0.0285066146511287,-4.05200000060245,"DPOG1_HUMAN",43,3.78190840724493,0.00590501187224306,0.0200134077487482,0.141959902499998,"Non-significant",1.69867895631779,"POLG","DPOG1_HUMAN"
-0.125801325000001,15.9726432575,-3.90109368628231,0.00561508234641279,0.019786592432238,-3.52094396191197,"1433G_HUMAN",14,-3.78138667981972,0.00590926446428617,0.0200149750662837,-0.125801325000001,"Non-significant",1.69864494658222,"YWHAG","1433G_HUMAN"
0.1207077525,12.31866490875,4.16258771131991,0.00400719143882549,0.0156156341367823,-3.15412058507295,"CATF_HUMAN",12,3.78125939622389,0.00591030245092244,0.0200149750662837,0.1207077525,"Non-significant",1.69864494658222,"CTSF","CATF_HUMAN"
0.174050570000004,11.569764255,4.47053369616448,0.0027289797712139,0.0117660207117964,-2.73432966179889,"LAT3_HUMAN",8,3.78097799797286,0.00591259792561945,0.0200149750662837,0.174050570000004,"Non-significant",1.69864494658222,"SLC43A1","LAT3_HUMAN"
0.295125722999999,7.953412652,3.76516079769897,0.00671854982336443,0.0224992675650134,-3.71522962271119,"YJU2B_HUMAN",11,3.78022972859034,0.00591870651815123,0.0200203753216534,0.295125722999999,"Non-significant",1.69852778506873,"YJU2B","YJU2B_HUMAN"
0.35713172,8.27866423125,3.70783215607362,0.00725261504107204,0.0238798016332798,-3.79787493959413,"ULK1_HUMAN",13,3.78020070850673,0.00591894356407168,0.0200203753216534,0.35713172,"Non-significant",1.69852778506873,"ULK1","ULK1_HUMAN"
0.18010044075,9.687481880125,4.75424629470433,0.00193944796268556,0.00912764203097521,-2.35953770482103,"NOPC1_HUMAN",7,3.77922844811769,0.00592689122577497,0.0200392162623575,0.18010044075,"Non-significant",1.69811926781424,"NOPCHAP1","NOPC1_HUMAN"
-0.0683190849999988,15.2016974675,-3.35082967786894,0.0118037447453425,0.0342963683069603,-4.32123232876076,"5MP2_HUMAN",27,-3.7778715575183,0.00593800221834178,0.0200627185613053,-0.0683190849999988,"Non-significant",1.69761021906342,"BZW1","5MP2_HUMAN"
0.206255194999997,10.95654118,4.81252423742788,0.00181067107247,0.00866674984091403,-2.28397817525029,"MBNL2_HUMAN",6,3.77779829422085,0.00593860277737058,0.0200627185613053,0.206255194999997,"Non-significant",1.69761021906342,"MBNL2","MBNL2_HUMAN"
0.258911848,8.14921391,3.62097167558672,0.0081512839263043,0.0261542338084579,-3.92386453495915,"BD1L1_HUMAN",51,3.77654402740214,0.00594889448532742,0.0200894357439202,0.258911848,"Non-significant",1.69703226119815,"BOD1L1","BD1L1_HUMAN"
0.1948862075,8.875168562,3.63257206409868,0.00802459283557667,0.0258559988574449,-3.90698567014513,"CSKI2_HUMAN",25,3.77595837351293,0.00595370655640748,0.0200976341866074,0.1948862075,"Non-significant",1.69685506298615,"CASKIN2","CSKI2_HUMAN"
0.140014412499998,11.81787192875,3.52210219158275,0.00932291145637516,0.0288589132081477,-4.06836137677353,"OGT1_HUMAN",44,3.77548367639603,0.0059576100158006,0.0201027601373832,0.140014412499998,"Non-significant",1.69674430923928,"OGT","OGT1_HUMAN"
-0.10475420925,9.882910132375,-4.3575015265183,0.00313708143642183,0.01299383755656,-2.88685481000409,"EKI1_HUMAN",12,-3.77300660108492,0.00597802386327722,0.0201635706856998,-0.10475420925,"Non-significant",1.69543255795163,"ETNK1","EKI1_HUMAN"
-0.244190692499998,8.840176344,-4.14614629264433,0.00409186189246373,0.0158430426695346,-3.17690857479896,"CDN1A_HUMAN",7,-3.77222106986088,0.00598451321966199,0.0201773847714124,-0.244190692499998,"Non-significant",1.69513512417178,"CDKN1A","CDN1A_HUMAN"
0.112317084999997,9.3134868145,3.55996122823493,0.00885411517189026,0.0277543089564385,-4.01289733913976,"TAF6_HUMAN",25,3.77184878135077,0.00598759138125202,0.0201796912245395,0.112317084999997,"Non-significant",1.69508548331737,"TAF6","TAF6_HUMAN"
0.291339159250004,8.570670008625,3.89418151961406,0.00566616788144517,0.0199083489256779,-3.53076529217903,"RHOF_HUMAN",8,3.77023476949732,0.00600095609391717,0.0202166502460543,0.291339159250004,"Non-significant",1.69429080226485,"RHOF","RHOF_HUMAN"
0.159151077500001,12.12840437875,3.55647848678086,0.00889616120364561,0.0278653819344217,-4.01799277524753,"LONP2_HUMAN",39,3.76912555207041,0.00601015949732014,0.0202395662816266,0.159151077500001,"Non-significant",1.69379879832999,"LONP2","LONP2_HUMAN"
0.138613222499997,13.14077877875,3.59153163348012,0.0084826046532667,0.0269201335174642,-3.96677214008624,"4F2_HUMAN",25,3.76827102330261,0.00601726005243108,0.0202497101961077,0.138613222499997,"Non-significant",1.69358118781385,"SLC3A2","4F2_HUMAN"
0.138071057499998,11.13228702375,3.71940674435133,0.00714119265294854,0.0236051423026287,-3.78115589109351,"RCC1L_HUMAN",17,3.76818485966994,0.00601797651456281,0.0202497101961077,0.138071057499998,"Non-significant",1.69358118781385,"RCC1L","RCC1L_HUMAN"
-0.0910954474999954,16.86880230875,-3.47118784127233,0.0099959706113702,0.0303297466822316,-4.14320505358419,"GPDA_HUMAN",27,-3.76726815408903,0.00602560472895047,0.020267287414335,-0.0910954474999954,"Non-significant",1.69320437364634,"GPD1","GPDA_HUMAN"
0.116809845000002,10.908057215,3.60559361129106,0.00832257200467483,0.0265824022081865,-3.94626465439528,"MTMR1_HUMAN",22,3.76577521580299,0.00603805024322183,0.0202999775787089,0.116809845000002,"Non-significant",1.69250444176405,"MTMR1","MTMR1_HUMAN"
0.201589584000001,10.02816820125,3.77129680328192,0.00666396245832615,0.0223876203910845,-3.70640838742716,"PDD2L_HUMAN",13,3.76552480481681,0.00604014043983887,0.0202999775787089,0.201589584000001,"Non-significant",1.69250444176405,"PDCD2L","PDD2L_HUMAN"
0.427335264999998,14.480180265,6.89094681000487,0.000208664493020808,0.0019174228461177,0.111464927853644,"TM258_HUMAN",1,3.76350002267242,0.00605707004649059,0.0203487618261734,0.427335264999998,"Non-significant",1.69146201142255,"TMEM258","TM258_HUMAN"
0.1630365825,10.54962599125,3.57322863173493,0.00869589384491087,0.0274317699171983,-3.99349922678447,"LRCH3_HUMAN",31,3.75936347318753,0.00609181542894625,0.0204522889123644,0.1630365825,"Non-significant",1.68925808098758,"LRCH3","LRCH3_HUMAN"
-0.132134194999999,11.9266401525,-3.7948099805326,0.00645919231870015,0.0219180885886971,-3.67264968454062,"PPIH_HUMAN",15,-3.75925385957735,0.0060927390507708,0.0204522889123644,-0.132134194999999,"Non-significant",1.68925808098758,"PPIH","PPIH_HUMAN"
0.133387565,10.654620885,3.66277641994627,0.00770459442693108,0.0250778895098426,-3.86311324759893,"NELFE_HUMAN",19,3.75894487466235,0.00609534341792603,0.0204528860150074,0.133387565,"Non-significant",1.68924540198628,"NELFE","NELFE_HUMAN"
-2.9725459815,8.07183367025,-3.65614273238827,0.0077736741239513,0.0252307659571758,-3.87273938348029,"PCDGK_HUMAN",5,-3.75816130898194,0.00610195329387311,0.0204669177533054,-2.9725459815,"Up in D1BM",1.68894755565311,"PCDHGC3","PCDGK_HUMAN"
0.176985263500001,8.999434948,3.72764751220722,0.00706299299148749,0.0233833338276701,-3.76926255907207,"SNTA1_HUMAN",15,3.7573267268952,0.00610900200538472,0.0204824096672187,0.176985263500001,"Non-significant",1.68861895181655,"SNTA1","SNTA1_HUMAN"
0.119194269999999,10.208678125,3.55755244545522,0.00888317273721212,0.0278350420081639,-4.01642136793108,"C2D1B_HUMAN",25,3.7566523385453,0.00611470415037575,0.0204839321038751,0.119194269999999,"Non-significant",1.68858667234952,"CC2D1B","C2D1B_HUMAN"
-0.127846237499998,11.36689376625,-4.48071788208406,0.00269517748765471,0.0116560549222379,-2.72067665860747,"CBX5_HUMAN",10,-3.75646753445421,0.00611626772051567,0.0204839321038751,-0.127846237499998,"Non-significant",1.68858667234952,"CBX5","CBX5_HUMAN"
0.209848164999999,10.49596703,4.13370035566565,0.00415725617460504,0.0160080001351055,-3.1941837431103,"IOD1_HUMAN",8,3.75641094389814,0.00611674660166729,0.0204839321038751,0.209848164999999,"Non-significant",1.68858667234952,"DIO1","IOD1_HUMAN"
-0.126063110000004,12.7552014575,-3.71874325215748,0.00714752942166915,0.0236075726862262,-3.7821138310615,"TTC1_HUMAN",17,-3.75584473141329,0.00612154023127999,0.0204918437686493,-0.126063110000004,"Non-significant",1.68841896387671,"TTC1","TTC1_HUMAN"
-0.204484707499999,11.70381987125,-4.79316970310496,0.00185236117421673,0.00881935598180219,-2.30901818254235,"NPM3_HUMAN",6,-3.7553650391533,0.00612560453074411,0.0204973086898143,-0.204484707499999,"Non-significant",1.68830315835366,"NPM3","NPM3_HUMAN"
0.250799417250001,9.836375594125,3.71909493490573,0.00714416987193483,0.0236057263232217,-3.78160607003048,"PAR16_HUMAN",13,3.75483851873087,0.00613006893341418,0.0204985507343218,0.250799417250001,"Non-significant",1.68827684286308,"PARP16","PAR16_HUMAN"
0.108999255000002,11.71684885,3.56923860899306,0.00874315414860712,0.0275293411724353,-3.99933085334199,"CHERP_HUMAN",23,3.75474767820401,0.00613083953033874,0.0204985507343218,0.108999255000002,"Non-significant",1.68827684286308,"CHERP","CHERP_HUMAN"
0.237455606999999,8.248713851,3.78967751515483,0.00650330044820008,0.0220057484856999,-3.68001253828477,"SCC4_HUMAN",11,3.75367173687996,0.00613997463069095,0.0205209540690302,0.237455606999999,"Non-significant",1.68780245168483,"MAU2","SCC4_HUMAN"
-0.103631972500001,13.06839013125,-4.13319444119463,0.00415993842271695,0.0160110141393065,-3.19488641510406,"FAM3C_HUMAN",13,-3.75271949420656,0.00614807169962906,0.0205337441834746,-0.103631972500001,"Non-significant",1.68753185287192,"FAM3C","FAM3C_HUMAN"
0.107085227500001,16.89295148625,3.96337790461659,0.00517671082776057,0.0186711577095395,-3.43273175012316,"ACS2B_HUMAN",14,3.75264875495729,0.00614867366462095,0.0205337441834746,0.107085227500001,"Non-significant",1.68753185287192,"ACSM2B","ACS2B_HUMAN"
0.162141084999998,14.883588195,4.09753231516095,0.00435385915621444,0.0165012045088721,-3.24450725874123,"OCAD2_HUMAN",10,3.75171714816945,0.00615660721241369,0.0205520959181921,0.162141084999998,"Non-significant",1.68714388185166,"OCIAD2","OCAD2_HUMAN"
0.0785057524999999,14.46162784125,3.39887788423167,0.0110431684203955,0.0326562690831725,-4.24998202961917,"NCLN_HUMAN",27,3.75023841055745,0.00616922273034697,0.0205860563713755,0.0785057524999999,"Non-significant",1.68642684231779,"NCLN","NCLN_HUMAN"
-0.0740480450000049,16.93889904,-3.21886461553847,0.0141960486952553,0.0393484033055926,-4.51806364561307,"AL9A1_HUMAN",40,-3.74806452350046,0.00618781925778737,0.0206399400569409,-0.0740480450000049,"Non-significant",1.6852915683325,"ALDH9A1","AL9A1_HUMAN"
0.204652787499999,10.54569482625,3.66471773573681,0.007684504316949,0.0250377606832482,-3.86029721521194,"INP5K_HUMAN",17,3.74558278288651,0.0062091230357753,0.0206997582563926,0.204652787499999,"Non-significant",1.68403472645264,"INPP5K","INP5K_HUMAN"
0.0823821999999961,10.9086415775,4.51264354833171,0.00259216019505687,0.0113532453962457,-2.67797294385431,"RING1_HUMAN",13,3.74540360210662,0.00621066421051333,0.0206997582563926,0.0823821999999961,"Non-significant",1.68403472645264,"RING1","RING1_HUMAN"
0.24379038725,9.865324377625,3.66590706816176,0.00767222424270912,0.0250074161414521,-3.85857222020999,"LENG9_HUMAN",16,3.7447448166009,0.00621633411194289,0.0207104664938999,0.24379038725,"Non-significant",1.6838101187094,"LENG9","LENG9_HUMAN"
0.383363724999997,12.842634915,3.6448925571335,0.00789236249419016,0.0255177305191902,-3.8890766515525,"ZBT40_HUMAN",17,3.74425961190299,0.00622051363226807,0.0207162028472491,0.383363724999997,"Non-significant",1.68368984514354,"ZBTB40","ZBT40_HUMAN"
0.0750029075,12.73471033625,3.47808699889995,0.00990178259941583,0.0301460666138827,-4.1330466190141,"H1BP3_HUMAN",23,3.74355923336162,0.00622655197466309,0.0207281226676284,0.0750029075,"Non-significant",1.68344002988925,"HS1BP3","H1BP3_HUMAN"
2.1939778325,7.5012168885,3.66605743576778,0.00767067318099445,0.0250074161414521,-3.85835414087524,"SL2A8_HUMAN",2,3.74288264398623,0.0062323912028428,0.0207393704890493,2.1939778325,"Up in D1CM",1.6832044300724,"SLC2A8","SL2A8_HUMAN"
-0.281748533249999,8.289625287125,-4.35643738040929,0.00314122851388205,0.0130046243337484,-2.88829940435742,"TWSG1_HUMAN",5,-3.74068161462947,0.0062514277034388,0.0207945083316044,-0.281748533249999,"Non-significant",1.68205134369989,"TWSG1","TWSG1_HUMAN"
0.0732929675000005,12.82606661375,3.27609444864242,0.0131004093469042,0.0370086876187267,-4.4325058808437,"EPB41_HUMAN",32,3.73757220938173,0.00627842727406675,0.0208760802734156,0.0732929675000005,"Non-significant",1.68035104184942,"EPB41","EPB41_HUMAN"
0.145249364999998,15.3110167975,3.8527131803294,0.00598345083398353,0.0207293493956626,-3.58981843185282,"CBR4_HUMAN",13,3.73695842699543,0.00628377166610756,0.0208844923894399,0.145249364999998,"Non-significant",1.68017607606773,"CBR4","CBR4_HUMAN"
0.0834903717500026,9.415640354125,3.35831618588821,0.0116816357457842,0.034047201833062,-4.31011539911916,"DHX32_HUMAN",31,3.73671270812402,0.00628591258654753,0.0208844923894399,0.0834903717500026,"Non-significant",1.68017607606773,"DHX32","DHX32_HUMAN"
0.0562567699999992,14.5623550425,2.91243050632284,0.0219782790186257,0.0547443598841595,-4.9803878042656,"PUR2_HUMAN",51,3.73589871553659,0.00629301041400546,0.0208998363986021,0.0562567699999992,"Non-significant",1.67985711348045,"GART","PUR2_HUMAN"
0.114489317499999,11.02352607125,3.71202892918657,0.00721199900076353,0.0237832314465711,-3.79181094313832,"P66B_HUMAN",17,3.73462624108811,0.00630412336416884,0.0209284977694286,0.114489317499999,"Non-significant",1.67926194384774,"GATAD2B","P66B_HUMAN"
0.0965740699999991,10.3517564525,3.35190846611585,0.0117860651276906,0.0342621803886003,-4.31963006298861,"WDR33_HUMAN",43,3.734149217317,0.00630829480907966,0.0209341011597372,0.0965740699999991,"Non-significant",1.67914568152444,"WDR33","WDR33_HUMAN"
0.0720639225000035,13.43916296875,3.27523550518635,0.0131161691619579,0.0370248459029281,-4.43378781833209,"RBM14_HUMAN",31,3.73231280149811,0.00632438149164148,0.0209732972213841,0.0720639225000035,"Non-significant",1.67833328853862,"RBM14","RBM14_HUMAN"
-0.0977659224999989,15.73301100875,-4.17751827043887,0.00393195871124288,0.0154079404821322,-3.13345925058445,"COF2_HUMAN",13,-3.73223287484831,0.00632508263575258,0.0209732972213841,-0.0977659224999989,"Non-significant",1.67833328853862,"CFL2","COF2_HUMAN"
-0.141967532499999,11.05296361375,-3.62789692181917,0.00807539370278711,0.0259799593590811,-3.91378619292334,"PROC_HUMAN",19,-3.72463477782152,0.00639211876899772,0.0211872469932685,-0.141967532499999,"Non-significant",1.67392547053348,"PROC","PROC_HUMAN"
-0.121943952499999,11.64087891625,-4.53574879351978,0.00252030559682343,0.011157382287618,-2.64715835711142,"MPZL1_HUMAN",10,-3.7242517169164,0.00639551857744897,0.0211901832112097,-0.121943952499999,"Non-significant",1.67386528834473,"MPZL1","MPZL1_HUMAN"
0.338243725000002,10.97225678,3.92684587207749,0.00542911944750289,0.0193497030964067,-3.48440893468646,"HIKES_HUMAN",6,3.72396572594854,0.00639805812098649,0.021190267937837,0.338243725000002,"Non-significant",1.67386355186927,"HIKESHI","HIKES_HUMAN"
1.11237800125,7.436774909375,3.61785105411014,0.00818573260481222,0.0262348061315445,-3.92840785361827,"MYO1F_HUMAN",17,3.72306449869365,0.0064060679323612,0.0212082538693723,1.11237800125,"Up in D1CM",1.67349508660429,"MYO1F","MYO1F_HUMAN"
0.198155642499998,10.22362244125,4.83389578882854,0.00176583556061778,0.00851987861502422,-2.25639083261202,"FAM3A_HUMAN",6,3.72278874502179,0.00640852089278576,0.0212082538693723,0.198155642499998,"Non-significant",1.67349508660429,"FAM3A","FAM3A_HUMAN"
0.0801508425000019,13.60566818625,4.03356804399799,0.00472686646652231,0.0174825614068963,-3.3339463982512,"MECR_HUMAN",15,3.72164733083871,0.00641868505729807,0.0212273562484912,0.0801508425000019,"Non-significant",1.67310409147638,"MECR","MECR_HUMAN"
0.0889427662500015,9.679826617125,3.27148287078728,0.0131852600782567,0.0371452397057574,-4.43938926089695,"TP53B_HUMAN",52,3.72157499054662,0.00641932982292135,0.0212273562484912,0.0889427662500015,"Non-significant",1.67310409147638,"TP53BP1","TP53B_HUMAN"
0.22490239125,9.213951230125,3.63389826540106,0.00801024503655993,0.0258196387813245,-3.90505703592024,"UBP30_HUMAN",17,3.7189423331189,0.00644284199401967,0.0212900664286038,0.22490239125,"Non-significant",1.67182298348741,"USP30","UBP30_HUMAN"
0.732030510999999,8.0283741355,3.64547184161481,0.00788620351213143,0.0255076014596147,-3.88823505444157,"XAF1_HUMAN",8,3.71888606534518,0.00644334552845751,0.0212900664286038,0.732030510999999,"Up in D1CM",1.67182298348741,"XAF1","XAF1_HUMAN"
0.0656662024999974,16.02585792625,3.03086397438063,0.0185371987522562,0.0481658595199652,-4.8009784559733,"ACOHC_HUMAN",57,3.71789380372942,0.0064522321254273,0.0213110754644305,0.0656662024999974,"Non-significant",1.67139463304121,"ACO1","ACOHC_HUMAN"
0.243463635499999,7.955833614,3.74178169091065,0.00693101912026983,0.0230732860050373,-3.74888340277879,"TCAM1_HUMAN",11,3.7162342451983,0.00646712441251245,0.0213518964641862,0.243463635499999,"Non-significant",1.6705635451189,"TICAM1","TCAM1_HUMAN"
0.133186101999996,9.66867148875,3.74406241089124,0.00690997493887146,0.0230305175008887,-3.74559732355278,"TEFM_HUMAN",15,3.71472479042419,0.00648070179673372,0.0213883459062915,0.133186101999996,"Non-significant",1.66982280082105,"TEFM","TEFM_HUMAN"
0.246234892500002,14.67867398375,4.26190759338587,0.0035347472629299,0.0142216633313776,-3.01726493253938,"H10_HUMAN",6,3.7130979787102,0.00649536909140795,0.0214258750415779,0.246234892500002,"Non-significant",1.66906143227672,"H1-0","H10_HUMAN"
0.151081561750001,9.771909236875,3.52278539067336,0.00931421857419847,0.0288425967530929,-4.06735904082509,"MLH1_HUMAN",30,3.71270074791742,0.00649895592925326,0.0214258750415779,0.151081561750001,"Non-significant",1.66906143227672,"MLH1","MLH1_HUMAN"
0.19002461,11.0296713125,6.17280437651493,0.000414979348407905,0.00297943860965096,-0.653865237643691,"RAB8B_HUMAN",5,3.71261848978404,0.00649969895376849,0.0214258750415779,0.19002461,"Non-significant",1.66906143227672,"RAB8B","RAB8B_HUMAN"
0.174707650000004,10.54392302,3.65971805274276,0.00773635984474037,0.0251439599334355,-3.86755057851063,"COIL_HUMAN",16,3.71209646528674,0.00650441644516029,0.0214330438687475,0.174707650000004,"Non-significant",1.66891614713236,"COIL","COIL_HUMAN"
0.133914945000001,11.14400363,3.44949702857382,0.0102984238344771,0.0310357520468233,-4.17517657182949,"CHAP1_HUMAN",47,3.71143838673597,0.00651036868766502,0.0214442741962987,0.133914945000001,"Non-significant",1.66868864832333,"CHAMP1","CHAP1_HUMAN"
0.2715046405,7.8021787405,3.79154122286972,0.0064872461893648,0.0219778931391302,-3.67733854000366,"FHI2B_HUMAN",9,3.70899313400943,0.00653253702848724,0.0215034307748689,0.2715046405,"Non-significant",1.66749224484118,"FHIP2B","FHI2B_HUMAN"
0.111302855,12.018897295,3.65088551012747,0.00782889551823477,0.0253709190016151,-3.88037191166325,"RM38_HUMAN",18,3.7088947607256,0.00653343056287095,0.0215034307748689,0.111302855,"Non-significant",1.66749224484118,"MRPL38","RM38_HUMAN"
0.0551836474999998,13.26879274625,3.01475853016477,0.0189696288853465,0.0488512032118644,-4.8253298053207,"BCLF1_HUMAN",34,3.70542195535025,0.00656505868103592,0.0215990943100905,0.0551836474999998,"Non-significant",1.66556445923687,"BCLAF1","BCLF1_HUMAN"
-0.126086950000005,10.525543095,-3.49443139722136,0.00968243480972667,0.02964520269204,-4.10900165565368,"CDC23_HUMAN",28,-3.70508092576152,0.0065681734198804,0.0216009105564463,-0.126086950000005,"Non-significant",1.66552794138124,"CDC23","CDC23_HUMAN"
0.214451074500003,9.7620636225,4.54225094185737,0.00250048165843081,0.0110929262625859,-2.63850046689766,"RN149_HUMAN",6,3.70460843725409,0.00657249144092053,0.0216066811058967,0.214451074500003,"Non-significant",1.66541193779472,"RNF149","RN149_HUMAN"
0.316105364,9.890167474,5.04042900627987,0.00139048689917254,0.00714659394702766,-1.99314031833163,"RN121_HUMAN",3,3.70303371482883,0.00658690468721965,0.0216456216797561,0.316105364,"Non-significant",1.66462993638303,"RNF121","RN121_HUMAN"
0.150820254999999,10.505857945,3.9685445784898,0.00514205610549927,0.0185786130904327,-3.4254375321101,"TFCP2_HUMAN",11,3.70244210588548,0.00659232838317855,0.0216550023155931,0.150820254999999,"Non-significant",1.66444176549455,"TFCP2","TFCP2_HUMAN"
-0.106220719999996,12.2093198275,-3.90511084995601,0.0055856230459166,0.0197157523676847,-3.51523896926764,"LZIC_HUMAN",14,-3.7012743803499,0.00660304782848157,0.0216817647628637,-0.106220719999996,"Non-significant",1.66390537178395,"LZIC","LZIC_HUMAN"
0.18468094,10.4830734725,3.55207816539932,0.00894959287679738,0.0279911385374861,-4.02443267032489,"RAD21_HUMAN",26,3.69952623134153,0.00661913043045316,0.0217261099681814,0.18468094,"Non-significant",1.66301802658276,"RAD21","RAD21_HUMAN"
-4.256976248,8.5362398035,-3.59710875597498,0.00841874023164454,0.0267678466286427,-3.9586358848256,"LUM_HUMAN",4,-3.69918529365161,0.00662227188492431,0.0217279601860751,-4.256976248,"Up in D1BM",1.66298104319229,"LUM","LUM_HUMAN"
0.257221458000002,10.0660091635,3.59038927719554,0.00849575032602781,0.026951704741471,-3.96843913052489,"SRPK1_HUMAN",20,3.69805368556913,0.00663271018541809,0.0217483112796574,0.257221458000002,"Non-significant",1.66257445964724,"SRPK1","SRPK1_HUMAN"
0.260881900999999,8.6251986025,3.5791476644714,0.00862629188052963,0.0272734487100466,-3.98485165127004,"ZMYM4_HUMAN",23,3.69795353370731,0.00663363486771849,0.0217483112796574,0.260881900999999,"Non-significant",1.66257445964724,"ZMYM4","ZMYM4_HUMAN"
0.097910165,13.1195343725,3.31030662184349,0.0124888564051847,0.0356842612336615,-4.381501271224,"CCAR2_HUMAN",50,3.69695422575256,0.00664286886610041,0.0217701172909644,0.097910165,"Non-significant",1.66213923110216,"CCAR2","CCAR2_HUMAN"
0.126512047499999,12.25972700125,3.49464459358997,0.00967960840710433,0.02964520269204,-4.10868820740032,"TF65_HUMAN",27,3.69603228189166,0.0066514002326951,0.0217896045710793,0.126512047499999,"Non-significant",1.66175065108263,"RELA","TF65_HUMAN"
0.24920416,15.0317215925,3.65833949665897,0.00775072433640184,0.02517566683296,-3.8695510715866,"DHCR7_HUMAN",13,3.69489955910681,0.00666189819060221,0.0218155166466923,0.24920416,"Non-significant",1.66123449736198,"DHCR7","DHCR7_HUMAN"
0.255701067499999,16.16811036875,3.87419457279424,0.0058167484894478,0.0202768292049444,-3.55919964689959,"RS25_HUMAN",8,3.69076346986296,0.00670038239557969,0.0219330187232393,0.255701067499999,"Non-significant",1.65890159063797,"RPS25","RS25_HUMAN"
0.255249738750001,8.567147374125,3.57798536271121,0.00863991184670371,0.0273018205940763,-3.9865494273541,"LENG8_HUMAN",21,3.68987558787314,0.006708674767065,0.0219516380479778,0.255249738750001,"Non-significant",1.65853306682711,"LENG8","LENG8_HUMAN"
0.643090605749999,8.160577356875,3.58427056317601,0.00856653661465955,0.0271252205578382,-3.97737049798649,"HMCN1_HUMAN",19,3.68891944382871,0.00671761699581582,0.0219723685128954,0.643090605749999,"Up in D1CM",1.65812312575413,"HMCN1","HMCN1_HUMAN"
-0.313362598250002,9.412693262375,-3.6253561374829,0.00810314786921234,0.0260493643743672,-3.91748314455358,"SRC_HUMAN",13,-3.68767324308239,0.00672929116186342,0.0220020152068839,-0.313362598250002,"Non-significant",1.65753753948925,"SRC","SRC_HUMAN"
0.146603110000001,11.8091204175,3.51505952953523,0.00941303170512491,0.0290631663891934,-4.07869687179809,"ACO12_HUMAN",26,3.68536864708783,0.00675093759497618,0.0220642314804398,0.146603110000001,"Non-significant",1.65631119487062,"ACOT12","ACO12_HUMAN"
-0.120655534999997,15.5957562925,-3.74214300032297,0.00692768069935614,0.0230712843203765,-3.74836278185974,"CNPY2_HUMAN",15,-3.68455355888986,0.00675861137855904,0.0220807501201063,-0.120655534999997,"Non-significant",1.65598617698046,"CNPY2","CNPY2_HUMAN"
-0.184929129999997,12.5804168,-4.4821004211358,0.00269062428193892,0.0116423367928456,-2.71882435805802,"SF3B6_HUMAN",7,-3.68145457261439,0.00678787289620483,0.0221677569322397,-0.184929129999997,"Non-significant",1.65427824920552,"SF3B6","SF3B6_HUMAN"
0.147400375000002,13.43265581,3.46436265771869,0.0100900972145878,0.0305713261760461,-4.15325966110017,"AP1G1_HUMAN",38,3.6807521875334,0.00679452390489401,0.0221808838088116,0.147400375000002,"Non-significant",1.65402115315337,"AP1G1","AP1G1_HUMAN"
0.912418126999999,9.06595552,3.87831551882299,0.00578534920506812,0.0201924258590142,-3.55333270428672,"CSRP3_HUMAN",1,3.67914776202096,0.0068097427492911,0.0222219595949573,0.912418126999999,"Up in D1CM",1.65321764639641,"CSRP3","CSRP3_HUMAN"
-0.161742922499998,10.98403656625,-3.99924440102312,0.00494128155569407,0.0180943622122826,-3.38217015104535,"COMD1_HUMAN",10,-3.6781553577994,0.00681917455378234,0.022242066914758,-0.161742922499998,"Non-significant",1.65282485701965,"COMMD1","COMD1_HUMAN"
0.360217809999998,12.61642754,3.56973435042057,0.0087372672411048,0.0275210857904605,-3.99860620112477,"STRBP_HUMAN",21,3.67788292023924,0.00682176625131725,0.022242066914758,0.360217809999998,"Non-significant",1.65282485701965,"STRBP","STRBP_HUMAN"
-0.131282567499998,10.13229811125,-4.28878363085218,0.00341763632497953,0.0138763278339366,-2.98046985628692,"PEDF_HUMAN",10,-3.67766703235443,0.00682382074285968,0.022242066914758,-0.131282567499998,"Non-significant",1.65282485701965,"SERPINF1","PEDF_HUMAN"
0.083226680000001,10.44947052,3.18360281857466,0.0149194658394414,0.0408564579469302,-4.57092043107879,"METH_HUMAN",59,3.67683288638341,0.00683176511438041,0.0222593537491737,0.083226680000001,"Non-significant",1.65248744859259,"MTR","METH_HUMAN"
0.05604911,12.7476707725,2.89276059099972,0.0226121547443333,0.0559101942915767,-5.01025232741025,"OGDHL_HUMAN",48,3.6762281041862,0.00683753124271713,0.02226953278395,0.05604911,"Non-significant",1.65228889439303,"OGDHL","OGDHL_HUMAN"
0.122658017499999,10.71584713375,3.56053195887916,0.00884724537354903,0.0277430919842428,-4.01206246281242,"TRIM5_HUMAN",20,3.67518498769972,0.00684748882604447,0.0222933500636264,0.122658017499999,"Non-significant",1.65182466436744,"TRIM5","TRIM5_HUMAN"
0.207692384500001,9.01637351525,3.66738695763783,0.00765697372756178,0.0249770245935055,-3.85642604422815,"P33MX_HUMAN",13,3.6736273061208,0.00686238743020518,0.0223332292081851,0.207692384500001,"Non-significant",1.65104847684344,"KIAA1191","P33MX_HUMAN"
0.22710943325,9.789794683875,3.83695870253633,0.00610900693597968,0.0210089022698379,-3.61231250293236,"RN170_HUMAN",9,3.67191927701273,0.00687876404805314,0.022377885820548,0.22710943325,"Non-significant",1.65018094639754,"RNF170","RN170_HUMAN"
-0.0916416675000029,15.26780879625,-4.46464736778285,0.00274872927062339,0.0118209382765737,-2.74222767965768,"ARPC3_HUMAN",12,-3.67142440767799,0.00688351669820309,0.0223847076578526,-0.0916416675000029,"Non-significant",1.65004857308802,"ARPC3","ARPC3_HUMAN"
0.0533189775000018,16.25506067375,3.01555127226026,0.0189480960356404,0.0488271175433853,-4.82413081367912,"STBD1_HUMAN",31,3.6710899187375,0.00688673107523653,0.0223865238076239,0.0533189775000018,"Non-significant",1.6500133386842,"STBD1","STBD1_HUMAN"
-0.0963702200000007,13.1192946425,-3.67649688916194,0.00756381321254117,0.0247593714829163,-3.84322044190272,"CSN5_HUMAN",17,-3.66753860831307,0.00692095802721721,0.0224891114924494,-0.0963702200000007,"Non-significant",1.64802770248117,"COPS5","CSN5_HUMAN"
-0.164666889999999,12.1595836875,-3.64245940493848,0.0079182887083498,0.0255721285527511,-3.89261202862928,"CADM1_HUMAN",15,-3.66371720402625,0.00695799209575397,0.0226007381021619,-0.164666889999999,"Non-significant",1.64587737729235,"CADM1","CADM1_HUMAN"
-0.0720760825000024,13.48116767375,-3.21272505442748,0.0143192674887707,0.0395468891424797,-4.52725921424911,"TXLNA_HUMAN",32,-3.66294881238435,0.00696546439290739,0.0226162940553992,-0.0720760825000024,"Non-significant",1.64557855781678,"TXLNA","TXLNA_HUMAN"
-0.0743730049999982,12.7489601375,-4.02931095636151,0.00475290042543156,0.0175711393359485,-3.33991879391011,"CCD25_HUMAN",15,-3.6609836310551,0.00698461418146133,0.0226697392897719,-0.0743730049999982,"Non-significant",1.6445534743889,"CCDC25","CCD25_HUMAN"
0.219346522500002,10.98526454125,3.58753444223826,0.00852869855216051,0.027025714321865,-3.97260573326758,"SMG5_HUMAN",16,3.65962171161918,0.00699791859392252,0.022704178532784,0.219346522500002,"Non-significant",1.64389420682766,"SMG5","SMG5_HUMAN"
0.0714006424999969,13.84641528125,3.89769033961103,0.00564017250030146,0.0198501102317499,-3.52577890711007,"KFA_HUMAN",16,3.65861650036659,0.00700775580981558,0.022727346564423,0.0714006424999969,"Non-significant",1.64345126553753,"AFMID","KFA_HUMAN"
-0.1078414925,10.86929822125,-3.60185446275799,0.00836480499086352,0.0266517777857274,-3.95171542611547,"DPOLB_HUMAN",18,-3.6573396921439,0.00702027232788161,0.0227501133465166,-0.1078414925,"Non-significant",1.64301643524229,"POLB","DPOLB_HUMAN"
0.0743629925000029,15.97887241875,3.11882040605038,0.0163527687802849,0.0437984073387921,-4.66828909290759,"CPT2_HUMAN",49,3.6571209458008,0.00702241909801983,0.0227501133465166,0.0743629925000029,"Non-significant",1.64301643524229,"CPT2","CPT2_HUMAN"
0.284865856250001,9.177098035625,3.98609028391373,0.00502624335533234,0.0182737472396708,-3.40069360271535,"HEMK2_HUMAN",6,3.65707472360132,0.00702287281144101,0.0227501133465166,0.284865856250001,"Non-significant",1.64301643524229,"HEMK2","HEMK2_HUMAN"
0.391358375499999,8.58825325975,3.85309994939216,0.00598040391420402,0.0207273127437606,-3.58926661308179,"T161A_HUMAN",5,3.65543259180858,0.00703901226807334,0.0227936359614253,0.391358375499999,"Non-significant",1.64218639215037,"TMEM161A","T161A_HUMAN"
-0.121429204999998,10.856487395,-3.39911738423251,0.0110395115750414,0.0326562690831725,-4.24962746451849,"P85A_HUMAN",36,-3.65386329473036,0.00705447306463785,0.022834928364759,-0.121429204999998,"Non-significant",1.64140034647602,"PIK3R1","P85A_HUMAN"
-0.429589748749998,8.134035587375,-3.79251526237225,0.00647887277159075,0.0219591680266737,-3.6759411904494,"GAPR1_HUMAN",5,-3.65222300982723,0.00707067218123586,0.0228785780482292,-0.429589748749998,"Non-significant",1.6405709713562,"GLIPR2","GAPR1_HUMAN"
0.266770482,7.423514545,3.88481431613535,0.00573620566220595,0.0200957928207539,-3.54408497147084,"FA50B_HUMAN",7,3.64132396106543,0.00717932744487901,0.0232212398437779,0.266770482,"Non-significant",1.63411459584051,"FAM50B","FA50B_HUMAN"
0.0905947675000007,13.10849165875,3.20244547032175,0.0145281344091571,0.0399535546279886,-4.54266268816473,"CYFP1_HUMAN",64,3.64061481562991,0.00718645886370457,0.0232353900123382,0.0905947675000007,"Non-significant",1.63385003337298,"CYFIP1","CYFP1_HUMAN"
0.14038968,10.5603429075,3.38119962313484,0.0113167125599541,0.033271213870894,-4.27616984422754,"WDR81_HUMAN",66,3.63716890552088,0.00722122046215814,0.023338829476814,0.14038968,"Non-significant",1.63192092911791,"WDR81","WDR81_HUMAN"
0.0951666825000004,12.69487333125,3.25711838961428,0.0134533424341933,0.0377299475205416,-4.46084249928111,"CLMN_HUMAN",47,3.63568956589009,0.00723619899672552,0.0233762944870942,0.0951666825000004,"Non-significant",1.6312243302721,"CLMN","CLMN_HUMAN"
-0.0787341574999978,13.97559440125,-4.12566558154645,0.00420007898225372,0.016114836440496,-3.20534754757713,"TOLIP_HUMAN",14,-3.6354764992541,0.00723835907122029,0.0233762944870942,-0.0787341574999978,"Non-significant",1.6312243302721,"TOLLIP","TOLIP_HUMAN"
0.0749835950000008,10.7435712825,3.98207558574532,0.0050524900336946,0.0183156926510773,-3.40635169693164,"NDK7_HUMAN",15,3.63380856567142,0.00725529252839719,0.0234220071703791,0.0749835950000008,"Non-significant",1.63037589040507,"NME7","NDK7_HUMAN"
-0.108399149999999,13.9422413125,-3.92260291373552,0.0054592922967642,0.0194319923176826,-3.49042243511209,"GMFB_HUMAN",13,-3.63350671993947,0.00725836151003207,0.023422943785628,-0.108399149999999,"Non-significant",1.6303585238874,"GMFB","GMFB_HUMAN"
0.236316444999998,10.551460625,3.56670963562173,0.00877325222691197,0.0276034875030388,-4.00302803341586,"RRP7A_HUMAN",15,3.63157496558247,0.00727803538462266,0.0234774436498218,0.236316444999998,"Non-significant",1.62934919316619,"RRP7A","RRP7A_HUMAN"
0.0695927125000004,12.54116332625,3.36030631379825,0.0116494038590007,0.0339810401669439,-4.30716113756271,"PSPC1_HUMAN",23,3.63109535427972,0.00728292882052177,0.0234842414032816,0.0695927125000004,"Non-significant",1.62922346399637,"PSPC1","PSPC1_HUMAN"
-0.10942197,13.8535093075,-4.29661684640488,0.0033843083010613,0.0137941657009892,-2.96976484769504,"ACYP2_HUMAN",11,-3.63063429319695,0.00728763631531934,0.0234904346087291,-0.10942197,"Non-significant",1.62910894804033,"ACYP2","ACYP2_HUMAN"
0.262660741750002,8.641730427875,3.52155504223596,0.00932987956984898,0.0288698806513425,-4.0691641490965,"LNX2_HUMAN",20,3.62697438540355,0.00732512037853617,0.0236022322900158,0.262660741750002,"Non-significant",1.62704691968293,"LNX2","LNX2_HUMAN"
0.0705220675000007,10.64094436125,3.08025242775063,0.0172749823618601,0.0457176848753906,-4.72640670538098,"FAK1_HUMAN",44,3.62488858530756,0.00734657514720288,0.0236583405680431,0.0705220675000007,"Non-significant",1.62601572071469,"PTK2","FAK1_HUMAN"
-0.0712881074999938,14.86682438875,-3.44173008542603,0.0104091037894933,0.0312904193443791,-4.18663707265179,"PP2AB_HUMAN",21,-3.62473597662121,0.00734814753910747,0.0236583405680431,-0.0712881074999938,"Non-significant",1.62601572071469,"PPP2CB","PP2AB_HUMAN"
-0.0545928500000024,11.4553323975,-3.0073359813718,0.0191725037083882,0.0492248046780396,-4.83655794508267,"VPS45_HUMAN",31,-3.62419470028826,0.00735372744763128,0.0236672656189706,-0.0545928500000024,"Non-significant",1.62585191508274,"VPS45","VPS45_HUMAN"
0.164136169999999,11.44929564,3.49592128418243,0.00966270153426108,0.0296062927053023,-4.10681128037286,"E41L5_HUMAN",22,3.62328441213279,0.00736312166847518,0.023675938133929,0.164136169999999,"Non-significant",1.62569280352568,"EPB41L5","E41L5_HUMAN"
0.182291270000002,10.61269319,3.50042772237627,0.00960327753675699,0.0294885341921037,-4.10018758109287,"NDUF7_HUMAN",22,3.62325845748803,0.00736338971028564,0.023675938133929,0.182291270000002,"Non-significant",1.62569280352568,"NDUFAF7","NDUF7_HUMAN"
0.141920805000003,10.417483925,3.81090735656682,0.0063229440623566,0.0215749390037628,-3.64957882417695,"PKHF2_HUMAN",12,3.62311719932906,0.00736484871125421,0.023675938133929,0.141920805000003,"Non-significant",1.62569280352568,"PLEKHF2","PKHF2_HUMAN"
-0.248473405,12.937233805,-3.92160905347265,0.00546638624670524,0.019439814923383,-3.49183136853727,"RHOC_HUMAN",7,-3.62219678269796,0.00737436292942567,0.0236974857537663,-0.248473405,"Non-significant",1.62529772914553,"RHOC","RHOC_HUMAN"
0.144464492499999,15.44243717375,3.89868686874717,0.0056328132923479,0.0198324909111113,-3.52436303535967,"SAMP_HUMAN",11,3.62053952759985,0.00739152697303271,0.0237435902651268,0.144464492499999,"Non-significant",1.62445361080512,"APCS","SAMP_HUMAN"
-0.0769336225000004,15.82146322625,-3.6898254091856,0.00742971385665913,0.0243817640425208,-3.8239179020048,"GLO2_HUMAN",17,-3.61758950340225,0.00742218614249811,0.0238283255541381,-0.0769336225000004,"Non-significant",1.62290647499086,"HAGH","GLO2_HUMAN"
0.341205835250003,8.460514664625,3.79007954972433,0.00649983362082997,0.0220028504377413,-3.67943567227476,"TM168_HUMAN",6,3.61745766611293,0.00742355948572388,0.0238283255541381,0.341205835250003,"Non-significant",1.62290647499086,"TMEM168","TM168_HUMAN"
-0.160008670000002,14.6550427675,-4.81778878567231,0.00179951104959664,0.00863785799376429,-2.27717640675304,"NH2L1_HUMAN",7,-3.61637523458004,0.0074348454290067,0.0238554671188038,-0.160008670000002,"Non-significant",1.6224120750123,"SNU13","NH2L1_HUMAN"
0.376015187,10.0287125115,4.2935773235994,0.00339719811298288,0.0138333250697259,-2.97391768338701,"TM141_HUMAN",3,3.61591874311704,0.00743961053593752,0.023860434838446,0.376015187,"Non-significant",1.62232164590387,"TMEM141","TM141_HUMAN"
-0.0839114199999997,13.4139285075,-3.49251861112826,0.00970783289594915,0.0297002562373598,-4.11181412069705,"SNX6_HUMAN",20,-3.61568466988482,0.00744205518926023,0.023860434838446,-0.0839114199999997,"Non-significant",1.62232164590387,"SNX6","SNX6_HUMAN"
0.241419792249999,8.515019178375,3.63394202313934,0.0080097721063545,0.0258196387813245,-3.90499340461652,"FBXL4_HUMAN",11,3.61421908960479,0.00745738124411454,0.0238917939181228,0.241419792249999,"Non-significant",1.62175123997419,"FBXL4","FBXL4_HUMAN"
0.187145947499999,11.53559696875,3.90980753950543,0.00555139345719464,0.0196311540991246,-3.5085716501206,"FCGRN_HUMAN",9,3.61420726663591,0.00745750501822055,0.0238917939181228,0.187145947499999,"Non-significant",1.62175123997419,"FCGRT","FCGRN_HUMAN"
0.186810492500003,11.12861180375,3.57128576005212,0.00871887192014261,0.027493966111067,-3.99633860496878,"CPSF4_HUMAN",15,3.61281353969044,0.00747211131654141,0.0239294932701853,0.186810492500003,"Non-significant",1.62106649788855,"CPSF4","CPSF4_HUMAN"
0.1358380275,10.92219614875,3.49841083954548,0.00962982433734596,0.0295485217835781,-4.10315177846547,"ARAF_HUMAN",20,3.60891383336828,0.00751314346896094,0.0240449444808672,0.1358380275,"Non-significant",1.61897622136334,"ARAF","ARAF_HUMAN"
0.1022307875,13.88196837875,4.13438784854962,0.0041536142648675,0.0160012863978831,-3.19322893105412,"CH082_HUMAN",12,3.60884528695809,0.00751386685996015,0.0240449444808672,0.1022307875,"Non-significant",1.61897622136334,"C8orf82","CH082_HUMAN"
-0.0926809324999986,13.03954172125,-3.62228263573867,0.00813685890027507,0.0261329494368582,-3.92195625075787,"EFHD2_HUMAN",17,-3.60802988148311,0.00752247780657812,0.0240633644901886,-0.0926809324999986,"Non-significant",1.61864365058848,"EFHD2","EFHD2_HUMAN"
0.108400105000003,11.374841095,3.38383889191186,0.0112754165974177,0.03317294467701,-4.27225811995019,"AKP8L_HUMAN",27,3.60680758607643,0.0075354054513456,0.024095573804777,0.108400105000003,"Non-significant",1.61806272708093,"AKAP8L","AKP8L_HUMAN"
-0.144788027500001,15.59329474125,-3.60580997392595,0.00832013528275383,0.0265824022081865,-3.94594930057783,"PSB4_HUMAN",15,-3.60516089968355,0.00755285932574351,0.0241422264909716,-0.144788027500001,"Non-significant",1.61722268004838,"PSMB4","PSB4_HUMAN"
0.182740688500001,9.479273796,3.49769337107707,0.00963928689953594,0.0295560382961762,-4.10420634510871,"P4K2B_HUMAN",20,3.60462379705232,0.00755856165010084,0.0241464980972366,0.182740688500001,"Non-significant",1.61714584492588,"PI4K2B","P4K2B_HUMAN"
0.251343488499998,8.02310740975,3.47850793886026,0.00989606685718117,0.0301460666138827,-4.13242698811003,"RHG42_HUMAN",27,3.60448002255789,0.00756008886107903,0.0241464980972366,0.251343488499998,"Non-significant",1.61714584492588,"ARHGAP42","RHG42_HUMAN"
0.113465072499997,11.69184839625,3.49058260463362,0.00973361230574281,0.0297586572815039,-4.11466113894797,"BCAT2_HUMAN",20,3.60422583003984,0.00756278977063764,0.0241464980972366,0.113465072499997,"Non-significant",1.61714584492588,"BCAT2","BCAT2_HUMAN"
0.268076897499999,12.74359440875,3.57074399583027,0.00872529095849914,0.0275039182831673,-3.99713043540541,"PSB10_HUMAN",12,3.59998206090152,0.00760803473356775,0.0242817587161085,0.268076897499999,"Non-significant",1.61471986071706,"PSMB10","PSB10_HUMAN"
-0.0659253549999992,14.7973376525,-3.07792824989421,0.0173322913529713,0.045797455741127,-4.72991233614076,"SRC8_HUMAN",35,-3.59849967157238,0.00762390749110051,0.0243176942767181,-0.0659253549999992,"Non-significant",1.61407760581253,"CTTN","SRC8_HUMAN"
0.112283229999999,12.9987320925,3.84609290430923,0.00603586680087434,0.0208381604014767,-3.5992668610129,"DEFM_HUMAN",13,3.59839177528085,0.0076250641800173,0.0243176942767181,0.112283229999999,"Non-significant",1.61407760581253,"PDF","DEFM_HUMAN"
-0.1424179075,9.0615406035,-3.56837949853299,0.00875336617749159,0.0275512037005514,-4.00058672913713,"HOME2_HUMAN",16,-3.59709185110005,0.00763901464088559,0.0243529706535645,-0.1424179075,"Non-significant",1.61344805458241,"HOMER2","HOME2_HUMAN"
1.73400270975,7.716823279875,3.56580407052779,0.00878405677816144,0.0276271696205682,-4.00435208511102,"UQCC5_HUMAN",1,3.59649201072443,0.00764546119294463,0.0243619211782873,1.73400270975,"Up in D1CM",1.61328846627605,"UQCC5","UQCC5_HUMAN"
-0.150306464999996,13.7194882625,-3.47584809229815,0.00993224335781328,0.0302026754120413,-4.136342653499,"VTDB_HUMAN",21,-3.59629286402006,0.00764760273315317,0.0243619211782873,-0.150306464999996,"Non-significant",1.61328846627605,"GC","VTDB_HUMAN"
0.218593120500001,9.347415924,3.76793542337092,0.00669380630329321,0.0224610244149914,-3.71124017901956,"PDCD2_HUMAN",9,3.59589398735833,0.00765189401797468,0.0243624529005698,0.218593120500001,"Non-significant",1.61327898748612,"PDCD2","PDCD2_HUMAN"
-0.237604855499999,10.00522434725,-3.49630578243696,0.00965761595409887,0.0296014708643998,-4.1062460454689,"F169A_HUMAN",19,-3.59574010153176,0.00765355027651071,0.0243624529005698,-0.237604855499999,"Non-significant",1.61327898748612,"FAM169A","F169A_HUMAN"
0.112232685000009,16.8342463975,3.30804968245602,0.0125282444077127,0.0357604375592991,-4.38486260594886,"TKFC_HUMAN",41,3.59375952731014,0.00767490131381007,0.0244190819592066,0.112232685000009,"Non-significant",1.61227066748144,"TKFC","TKFC_HUMAN"
0.424052952499997,11.08388936625,6.03389972315212,0.000477189373766621,0.00328345243386028,-0.809081441334973,"CNIH4_HUMAN",1,3.59355270707447,0.00767713455829844,0.0244190819592066,0.424052952499997,"Non-significant",1.61227066748144,"CNIH4","CNIH4_HUMAN"
-0.124846697500002,13.47110354875,-3.68699717896429,0.00745795249571609,0.0244603430297241,-3.82801196450651,"ERGI3_HUMAN",14,-3.59282959734333,0.00768494816756071,0.0244347144867481,-0.124846697500002,"Non-significant",1.61199273122366,"ERGIC3","ERGI3_HUMAN"
-0.0686414275000011,15.55303609375,-3.01724366129225,0.0189022129879974,0.0487834517072352,-4.82157126769356,"XRCC5_HUMAN",49,-3.59103948407748,0.00770432801463998,0.0244870968459278,-0.0686414275000011,"Non-significant",1.61106270113627,"XRCC5","XRCC5_HUMAN"
0.0855364799999965,10.6845922475,3.24589023225008,0.0136669431972315,0.038181495777947,-4.47762456686452,"NAA35_HUMAN",32,3.59034915710409,0.00771181550272103,0.024501655813206,0.0855364799999965,"Non-significant",1.61080456517672,"NAA35","NAA35_HUMAN"
-0.208512307500001,11.56459164625,-3.90890468196427,0.00555795575530135,0.0196410429035428,-3.50985310064197,"RBM3_HUMAN",8,-3.58966930567976,0.00771919698627461,0.0245158671429196,-0.208512307500001,"Non-significant",1.61055274085449,"RBM3","RBM3_HUMAN"
0.199522733500002,9.2078608275,3.52029172670085,0.00934598970906839,0.0289091182597202,-4.07101780219016,"PMGT2_HUMAN",16,3.58579167664041,0.00776144321741315,0.0246407551335501,0.199522733500002,"Non-significant",1.60834598703891,"POMGNT2","PMGT2_HUMAN"
0.138083697500001,12.73658811875,3.78102861443121,0.00657836934483347,0.0221353593643119,-3.69242754685548,"NDK3_HUMAN",12,3.58423583283495,0.00777846345393607,0.024676857660744,0.138083697500001,"Non-significant",1.60771014396966,"NME3","NDK3_HUMAN"
0.814333676999999,7.14120042325,3.513441691107,0.00943386629939869,0.0291064343666536,-4.08107192419728,"LMBL4_HUMAN",7,3.58421695967107,0.00777867016307947,0.024676857660744,0.814333676999999,"Up in D1CM",1.60771014396966,"L3MBTL4","LMBL4_HUMAN"
0.320266005750002,10.321961044625,3.79009940694905,0.0064996624398141,0.0220028504377413,-3.67940718033905,"UTP16_HUMAN",6,3.5837124233192,0.00778419830004632,0.0246851043909294,0.320266005750002,"Non-significant",1.60756503185102,"NOL7","UTP16_HUMAN"
0.126581667500002,12.05743074375,3.38021748408799,0.0113321212130689,0.0332761904137267,-4.27762567685569,"CO2_HUMAN",29,3.58317383909948,0.0077901041369166,0.0246945422226664,0.126581667500002,"Non-significant",1.60739902020147,"C2","CO2_HUMAN"
0.604567170250002,7.083699285875,4.23392490307106,0.00366136707192308,0.0146263805920567,-3.05568317277086,"GGT6_HUMAN",1,3.58068166869943,0.00781749451755712,0.0247720531159733,0.604567170250002,"Up in D1CM",1.60603799745185,"GGT6","GGT6_HUMAN"
0.215611457250001,10.020445347625,3.45584472958608,0.0102089072251013,0.0308758087550696,-4.16581502702075,"I2BP1_HUMAN",24,3.57944093459265,0.00783116932246438,0.024806060210091,0.215611457250001,"Non-significant",1.60544220650111,"IRF2BP1","I2BP1_HUMAN"
0.4542102825,11.29578566625,3.94062052060595,0.00533240794004372,0.0190857182703306,-3.46490278018844,"ELOV5_HUMAN",3,3.57808245869932,0.00784617119729278,0.0248442438099101,0.4542102825,"Non-significant",1.60477421744053,"ELOVL5","ELOV5_HUMAN"
0.183949470249999,8.853209257125,4.04012351605749,0.00468708040777044,0.0173735271579143,-3.32475435734971,"SPA2L_HUMAN",8,3.57670456343196,0.00786141895505379,0.0248741660412669,0.183949470249999,"Non-significant",1.60425147097409,"SPATA2L","SPA2L_HUMAN"
0.109542372500002,12.90909337875,3.98627632418662,0.00502503069525525,0.0182737472396708,-3.40043146048517,"UB2L6_HUMAN",12,3.57646422110569,0.00786408182512279,0.0248741660412669,0.109542372500002,"Non-significant",1.60425147097409,"UBE2L6","UB2L6_HUMAN"
0.141680002500003,11.81984007125,3.62213794196646,0.00813844967039422,0.0261329494368582,-3.9221668625655,"PPIG_HUMAN",14,3.57642881963361,0.00786447413690549,0.0248741660412669,0.141680002500003,"Non-significant",1.60425147097409,"PPIG","PPIG_HUMAN"
0.254425048749999,8.740313530125,3.53337700007964,0.00918056390814335,0.0285066146511287,-4.05182659625802,"SETD6_HUMAN",13,3.57568228710228,0.00787275193656998,0.024891007529388,0.254425048749999,"Non-significant",1.60395752381738,"SETD6","SETD6_HUMAN"
0.101989270000002,10.6756677625,3.56502348356611,0.00879338169324944,0.0276461821306973,-4.00549347878558,"SMYD2_HUMAN",17,3.57380240374398,0.00789363804511053,0.0249476846952519,0.101989270000002,"Non-significant",1.60296975347683,"SMYD2","SMYD2_HUMAN"
0.128203152500003,12.06148445625,3.59919449693657,0.00839498957824275,0.0267282902705059,-3.95559401303055,"SRRM1_HUMAN",15,3.57132832412213,0.00792121630111806,0.0250192021322647,0.128203152500003,"Non-significant",1.60172654416617,"SRRM1","SRRM1_HUMAN"
0.104120731250003,9.404736042125,3.36636035140786,0.0115519378287077,0.0337860110888888,-4.298176601031,"UBP20_HUMAN",25,3.5710339036426,0.00792450502927108,0.0250192021322647,0.104120731250003,"Non-significant",1.60172654416617,"USP20","UBP20_HUMAN"
0.287130597500001,10.59042417875,4.3932682206687,0.00300112878530754,0.0125978658024688,-2.83839458027935,"ALG8_HUMAN",4,3.57094000499152,0.00792555420092757,0.0250192021322647,0.287130597500001,"Non-significant",1.60172654416617,"ALG8","ALG8_HUMAN"
-0.1067006625,15.48522698875,-4.24342302615477,0.00361784062977943,0.0145006080211178,-3.04263058440483,"BASI_HUMAN",11,-3.57070867180271,0.00792813962454371,0.0250192021322647,-0.1067006625,"Non-significant",1.60172654416617,"BSG","BASI_HUMAN"
0.124881982499998,12.08687770375,3.38683281337126,0.0112287669972446,0.0330919318294346,-4.26782161393711,"ZN622_HUMAN",26,3.56968502376017,0.00793959094853471,0.0250398330578606,0.124881982499998,"Non-significant",1.60136857092054,"ZNF622","ZN622_HUMAN"
-0.124044892500006,16.96306967625,-4.59174359073988,0.00235508936550449,0.0105759447319325,-2.5727973231489,"RS12_HUMAN",9,-3.56959324240096,0.00794061855067757,0.0250398330578606,-0.124044892500006,"Non-significant",1.60136857092054,"RPS12","RS12_HUMAN"
-0.228176592500001,10.34768271625,-5.4521068643677,0.000878872853939948,0.00512665694523171,-1.4862872681975,"DYLT3_HUMAN",4,-3.56922790796143,0.00794471031804204,0.0250433669673808,-0.228176592500001,"Non-significant",1.60130728260805,"DYNLT3","DYLT3_HUMAN"
0.11155772,13.8461588625,3.71166299360723,0.00721553068104821,0.0237855721981054,-3.79233960356421,"RAB21_HUMAN",14,3.56737699390252,0.00796547536994444,0.0250994362217801,0.11155772,"Non-significant",1.60033603344007,"RAB21","RAB21_HUMAN"
0.14324259775,8.234630703875,3.47135481138241,0.00999367977716416,0.0303297466822316,-4.1429591427904,"NCOA3_HUMAN",19,3.56484427776579,0.00799398359484967,0.0251798534084409,0.14324259775,"Non-significant",1.59894680258759,"NCOA3","NCOA3_HUMAN"
0.142140150000003,11.43498862,3.35607851366754,0.0117179909794251,0.0341177706271413,-4.3134376002173,"MA2C1_HUMAN",37,3.5641539184967,0.00800177319362355,0.0251949743179129,0.142140150000003,"Non-significant",1.598686079999,"MAN2C1","MA2C1_HUMAN"
0.353848457250001,7.137622952625,3.46791359894675,0.0100410075776496,0.0304444794503627,-4.14802791532228,"NEUL4_HUMAN",17,3.56200998358979,0.00802601588785879,0.0252618700219424,0.353848457250001,"Non-significant",1.59753450373515,"NEURL4","NEUL4_HUMAN"
-0.0815315250000008,11.5214276325,-3.12870933956345,0.0161248297065318,0.0433821224373944,-4.65340501656862,"TCOF_HUMAN",44,-3.55934926074253,0.00805621153794525,0.0253426602194802,-0.0815315250000008,"Non-significant",1.59614779916047,"TCOF1","TCOF_HUMAN"
-0.041798830000003,15.0317989575,-2.55531822527681,0.0370447708401555,0.0812940310886933,-5.52390416943965,"IF4B_HUMAN",43,-3.55921862877483,0.00805769716315186,0.0253426602194802,-0.041798830000003,"Non-significant",1.59614779916047,"EIF4B","IF4B_HUMAN"
0.2188727855,8.45384609725,4.21957243708973,0.00372823032518466,0.0147947767128637,-3.07543076251068,"ALKB2_HUMAN",6,3.55685309669759,0.00808465018727979,0.0254179471945473,0.2188727855,"Non-significant",1.59485952687722,"ALKBH2","ALKB2_HUMAN"
-0.0951099349999964,16.5816297525,-3.47307680873607,0.0099700868322618,0.0302948312577991,-4.14042319076443,"CAH2_HUMAN",19,-3.55614106443553,0.00809278200262914,0.0254340266592696,-0.0951099349999964,"Non-significant",1.59458487783198,"CA2","CAH2_HUMAN"
0.456293579999999,10.4463539125,4.24096270394418,0.00362906077959077,0.0145317592927176,-3.04601041220768,"BET1_HUMAN",2,3.55335006816908,0.00812474124560125,0.0255249511588419,0.456293579999999,"Non-significant",1.59303508024852,"BET1","BET1_HUMAN"
-0.360057114999998,13.478230595,-3.78436093008346,0.00654933553397551,0.0220713719203123,-3.68764306754431,"S10AB_HUMAN",5,-3.55307146385898,0.00812793890161859,0.0255254832346286,-0.360057114999998,"Non-significant",1.59302602733523,"S100A11","S10AB_HUMAN"
0.262079477249999,9.199406743125,3.47205117749443,0.00998413170072472,0.0303265751731202,-4.14193357909206,"TPC_HUMAN",16,3.55274097707286,0.00813173377985802,0.0255278897692451,0.262079477249999,"Non-significant",1.59298508411664,"SLC25A19","TPC_HUMAN"
0.162772417499999,15.06357943875,3.3945724277883,0.0111091291214025,0.0328096879342332,-4.25635700088663,"HEMH_HUMAN",28,3.55246759041506,0.00813487442728695,0.0255282414548033,0.162772417499999,"Non-significant",1.59297910108998,"FECH","HEMH_HUMAN"
0.106019257500002,10.24214279625,3.58158605966437,0.00859779371654299,0.0272139704231096,-3.98129039396773,"UEVLD_HUMAN",16,3.55147025061561,0.00814634280491812,0.0255547165994249,0.106019257500002,"Non-significant",1.5925289309869,"UEVLD","UEVLD_HUMAN"
0.111627814999999,12.5880221125,4.43216667391235,0.00286056909950026,0.0121714976979746,-2.78589781859496,"SP14L_HUMAN",10,3.55026492247873,0.00816022591889993,0.0255853831318871,0.111627814999999,"Non-significant",1.5920080752399,"SP140L","SP14L_HUMAN"
0.1489901515,10.12539529925,3.51343506928122,0.00943395167750596,0.0291064343666536,-4.08108164590776,"MET17_HUMAN",16,3.55000870223445,0.00816318035478552,0.0255853831318871,0.1489901515,"Non-significant",1.5920080752399,"METTL17","MET17_HUMAN"
-0.1591770675,11.68860566625,-3.50505813572265,0.00954262816648671,0.0293450612241213,-4.09338400574042,"CO8A_HUMAN",16,-3.54983144992498,0.00816522489319924,0.0255853831318871,-0.1591770675,"Non-significant",1.5920080752399,"C8A","CO8A_HUMAN"
0.206710340000001,13.5765542975,4.3367480480707,0.0032190544839428,0.0132681712690239,-2.91505696373655,"TM109_HUMAN",6,3.5495010728237,0.0081690371302366,0.0255878164142565,0.206710340000001,"Non-significant",1.59196677389012,"TMEM109","TM109_HUMAN"
0.445572853250001,9.061944246375,3.92134947104411,0.00546824073832496,0.019439814923383,-3.49219938388256,"S35B1_HUMAN",3,3.54918318306611,0.00817270707249038,0.025589802345476,0.445572853250001,"Non-significant",1.59193306857161,"SLC35B1","S35B1_HUMAN"
1.217190981,8.4057575465,3.4534023501142,0.0102432508128833,0.0309463659863059,-4.16941651911345,"ANKR1_HUMAN",10,3.54877305992894,0.00817744442696944,0.0255951277664038,1.217190981,"Up in D1CM",1.59184269818619,"ANKRD1","ANKR1_HUMAN"
0.144546032000004,9.64280152325,3.4546789329311,0.0102252846463118,0.0309142483083795,-4.16753401137026,"FXL20_HUMAN",19,3.54794466067961,0.008187022271719,0.0256155941827466,0.144546032000004,"Non-significant",1.59149556571795,"FBXL20","FXL20_HUMAN"
0.158467769999998,10.7544434075,3.34811044765637,0.011848434749113,0.0343906530648323,-4.32527156396441,"S38AA_HUMAN",45,3.54647134200044,0.00820408624990828,0.0256502116392359,0.158467769999998,"Non-significant",1.59090904718479,"SLC38A10","S38AA_HUMAN"
0.506262659999997,8.4268737435,3.47074690968158,0.0100020229187447,0.0303371900619284,-4.14385446485261,"TSTD2_HUMAN",11,3.54646389751779,0.0082041725684399,0.0256502116392359,0.506262659999997,"Up in D1CM",1.59090904718479,"TSTD2","TSTD2_HUMAN"
0.221426727500001,10.47523438875,3.40988081758766,0.0108765020676801,0.0323493422471684,-4.2336989760067,"TNAP2_HUMAN",30,3.54571173279971,0.00821289890254785,0.0256679736186785,0.221426727500001,"Non-significant",1.59060841574473,"TNFAIP2","TNAP2_HUMAN"
0.409059048,8.44954562175,3.5363230340146,0.00914375639617043,0.0284296284261603,-4.04750853401345,"LRC42_HUMAN",8,3.54468891889318,0.00822478113829461,0.0256955819920998,0.409059048,"Non-significant",1.59014154131428,"LRRC42","LRC42_HUMAN"
0.120656725,12.176808,3.28107587346522,0.0130094086335544,0.0367850739256056,-4.42507264592451,"ZC3HE_HUMAN",44,3.54245044974713,0.00825085008245481,0.0257674751185667,0.120656725,"Non-significant",1.58892813464256,"ZC3H14","ZC3HE_HUMAN"
0.0496420900000007,12.38824725,2.72049224819413,0.0290555323547434,0.0679736559028955,-5.27234108803916,"NFKB1_HUMAN",45,3.54133525039826,0.00826387052499419,0.0257945996335206,0.0496420900000007,"Non-significant",1.5884712085661,"NFKB1","NFKB1_HUMAN"
-1.65217852575,7.778564572375,-3.51592285974071,0.00940193397543447,0.0290395388343485,-4.07742958795457,"SACDR_HUMAN",1,-3.54118247945093,0.00826565590344516,0.0257945996335206,-1.65217852575,"Up in D1BM",1.5884712085661,"SPACDR","SACDR_HUMAN"
0.0898039374999993,14.52937066625,3.14085215548216,0.0158495471997395,0.0428667065113308,-4.63513863826872,"XPO2_HUMAN",53,3.53842787902816,0.00829791878426711,0.0258812292460175,0.0898039374999993,"Non-significant",1.58701510041121,"CSE1L","XPO2_HUMAN"
0.109666347500001,12.58198380375,3.40550061714206,0.0109425253017406,0.0324769527353421,-4.24017965930024,"FABD_HUMAN",21,3.53828834741511,0.00829955660837409,0.0258812292460175,0.109666347500001,"Non-significant",1.58701510041121,"MCAT","FABD_HUMAN"
-0.0979471200000024,10.8302874575,-3.15284734351911,0.0155825117425701,0.0423011244696049,-4.61710543640741,"GCC2_HUMAN",82,-3.53746171426359,0.00830926673296993,0.0258913449240187,-0.0979471200000024,"Non-significant",1.58684538958408,"GCC2","GCC2_HUMAN"
0.385859490749997,10.208892822125,3.63228745874671,0.00802767551712021,0.0258560477393222,-3.90739958616723,"ALG6_HUMAN",6,3.53742951165738,0.00830964524967136,0.0258913449240187,0.385859490749997,"Non-significant",1.58684538958408,"ALG6","ALG6_HUMAN"
-0.0836884975000025,14.04557144625,-3.21429310168068,0.0142876893111414,0.039498502198626,-4.52491035543638,"CFAB_HUMAN",30,-3.53722788918747,0.00831201558481369,0.0258913449240187,-0.0836884975000025,"Non-significant",1.58684538958408,"CFB","CFAB_HUMAN"
0.290684819249999,8.055310189625,3.5751832538845,0.0086728426807494,0.0273692965016985,-3.99064311751343,"VGLL4_HUMAN",9,3.53595500661383,0.00832699667901333,0.0259284281519776,0.290684819249999,"Non-significant",1.58622381048148,"VGLL4","VGLL4_HUMAN"
0.191197394999996,10.286241055,3.47157298009929,0.00999068734735817,0.0303297466822316,-4.1426378321119,"MMP14_HUMAN",16,3.53400566015832,0.00834999535036632,0.0259836391817315,0.191197394999996,"Non-significant",1.58530002316825,"MMP14","MMP14_HUMAN"
0.2474510675,9.525454402,3.47797928588941,0.00990324575321403,0.0301460666138827,-4.13320517754048,"KLH13_HUMAN",14,3.53392967811242,0.00835089317158746,0.0259836391817315,0.2474510675,"Non-significant",1.58530002316825,"KLHL13","KLH13_HUMAN"
0.277293443749999,9.471617579375,3.84281365416661,0.00606201470371499,0.0208984547802101,-3.60394910281121,"MED25_HUMAN",6,3.53258078831142,0.00836684915365207,0.0260236795262485,0.277293443749999,"Non-significant",1.58463129789862,"MED25","MED25_HUMAN"
-0.0776605574999962,15.89817404625,-3.80679373256484,0.00635746267968751,0.02166008606592,-3.65547133543444,"GRPE1_HUMAN",15,-3.53022770014132,0.00839476184619442,0.0261008659541028,-0.0776605574999962,"Non-significant",1.58334508374027,"GRPEL1","GRPE1_HUMAN"
0.244112253249998,8.649803042375,3.40819645265034,0.0109018399579886,0.0324018367439654,-4.23619082639618,"DHX33_HUMAN",26,3.52984001743078,0.00839937014173758,0.0261055645002603,0.244112253249998,"Non-significant",1.58326691127543,"DHX33","DHX33_HUMAN"
0.152389288249999,8.341692328375,3.36549800845225,0.0115657674517566,0.0338076204573248,-4.29945614331832,"FIG4_HUMAN",28,3.52926656879911,0.00840619155338278,0.0261171354970378,0.152389288249999,"Non-significant",1.58307445779703,"FIG4","FIG4_HUMAN"
0.30583953875,8.826480865375,3.49782761737663,0.00963751558869821,0.0295560382961762,-4.1040090196706,"SL9A6_HUMAN",11,3.52870340821257,0.00841289634842113,0.0261283357851296,0.30583953875,"Non-significant",1.58288825128883,"SLC9A6","SL9A6_HUMAN"
-0.379269120000004,15.2222888475,-3.85724134843512,0.0059478838877689,0.0206485639579918,-3.58335913639288,"SC61B_HUMAN",4,-3.52768761115464,0.00842500453605322,0.0261535530280419,-0.379269120000004,"Non-significant",1.58246930275642,"SEC61B","SC61B_HUMAN"
0.31087518,10.468191265,4.66476975860864,0.00215727168487307,0.00990934225165945,-2.47649365249253,"S35A2_HUMAN",3,3.52750179152912,0.0084272215000785,0.0261535530280419,0.31087518,"Non-significant",1.58246930275642,"SLC35A2","S35A2_HUMAN"
0.214136839,9.3095179795,3.39872131324813,0.0110455597527731,0.0326562690831725,-4.25021382657554,"UBP28_HUMAN",26,3.52643002434103,0.00844002064332984,0.0261824935972188,0.214136839,"Non-significant",1.58198899399838,"USP28","UBP28_HUMAN"
0.2064065925,11.93321013375,3.42255433037621,0.0106878693690233,0.0318670148254325,-4.21495925440395,"MFF_HUMAN",20,3.52612049605032,0.00844372092475262,0.0261824935972188,0.2064065925,"Non-significant",1.58198899399838,"MFF","MFF_HUMAN"
0.150639056999999,8.915285349,3.48731066311341,0.00977734827377036,0.0298598799273951,-4.11947367156745,"RB15B_HUMAN",16,3.52594117090575,0.00844586547524473,0.0261824935972188,0.150639056999999,"Non-significant",1.58198899399838,"RBM15B","RB15B_HUMAN"
-0.0906779775000004,13.83109700625,-3.35389139902444,0.0117536419643257,0.034186144968013,-4.31668522032401,"KAPCA_HUMAN",22,-3.525674238915,0.00844905879492595,0.0261827634494231,-0.0906779775000004,"Non-significant",1.58198451792665,"PRKACA","KAPCA_HUMAN"
0.0645670900000006,13.4442410475,3.24626613425026,0.0136597338942676,0.0381756952900468,-4.47706254680551,"WBP11_HUMAN",23,3.5230414815216,0.00848062381649678,0.0262709217748076,0.0645670900000006,"Non-significant",1.58052468874079,"WBP11","WBP11_HUMAN"
-0.115784164999997,11.4440279,-4.28105269674526,0.00345088199398739,0.0139709338747933,-2.99104357986636,"F177A_HUMAN",10,-3.52271896876066,0.00848449918855805,0.0262732709993959,-0.115784164999997,"Non-significant",1.58048585456246,"FAM177A1","F177A_HUMAN"
0.159115077499996,15.86852514625,3.44121572175227,0.0104164785181138,0.0313014251084424,-4.18739626834202,"DHB12_HUMAN",18,3.52180252210511,0.00849552171276852,0.0262977423859441,0.159115077499996,"Non-significant",1.58008153331295,"HSD17B12","DHB12_HUMAN"
0.328983903000001,7.97580617675,3.42917283084014,0.0105907581204129,0.0316446296338038,-4.20517948073865,"ENASE_HUMAN",17,3.52123643782406,0.0085023379137038,0.0263091799833368,0.328983903000001,"Non-significant",1.57989268799418,"ENGASE","ENASE_HUMAN"
0.155542134999994,12.3581615675,3.41481799256266,0.0108025956161081,0.0321635741604294,-4.2263966164021,"SIAE_HUMAN",20,3.52056333955053,0.00851045027380637,0.0263220158029386,0.155542134999994,"Non-significant",1.57968085447412,"SIAE","SIAE_HUMAN"
0.32989621175,8.590947747375,3.43793616386163,0.0104636316024232,0.0313871710949555,-4.19223752501019,"SNX8_HUMAN",15,3.52033845936398,0.00851316243307651,0.0263220158029386,0.32989621175,"Non-significant",1.57968085447412,"SNX8","SNX8_HUMAN"
0.061451912499999,14.89173984625,3.32242849506011,0.0122795602109999,0.0352535466684326,-4.36345606968935,"PABP4_HUMAN",21,3.52011532562756,0.00851585444235537,0.0263220158029386,0.061451912499999,"Non-significant",1.57968085447412,"PABPC4","PABP4_HUMAN"
0.667548656499998,8.015534401,3.46371040285633,0.0100991422619397,0.0305767493268283,-4.15422080311838,"KLHL9_HUMAN",7,3.51956582637574,0.00852248778600023,0.0263328627376085,0.667548656499998,"Up in D1CM",1.57950192465527,"KLHL9","KLHL9_HUMAN"
0.23220062,10.2791435725,3.51072274141363,0.0094689929586812,0.0291611770729718,-4.08506411185035,"TIRR_HUMAN",12,3.51890154578718,0.0085305140991758,0.0263480041560838,0.23220062,"Non-significant",1.57925227672574,"NUDT16L1","TIRR_HUMAN"
0.0493211750000029,11.5347731125,2.8411132850231,0.0243697168123381,0.0594708578492178,-5.08874042840857,"TNPO3_HUMAN",32,3.51771804246623,0.00854483405648067,0.0263825663963647,0.0493211750000029,"Non-significant",1.57868296020864,"TNPO3","TNPO3_HUMAN"
-0.172104832499997,17.28650856125,-3.54470145127753,0.00903994336538193,0.0281577242724682,-4.03523350389406,"ERP29_HUMAN",13,-3.51732079645076,0.00854964634450323,0.0263877587102957,-0.172104832499997,"Non-significant",1.57859749576281,"ERP29","ERP29_HUMAN"
-0.126348020000002,16.2667529575,-3.39257710065781,0.0111398412431674,0.0328888692955019,-4.25931207245708,"KCY_HUMAN",21,-3.51649695015991,0.00855963575560573,0.0264089201259153,-0.126348020000002,"Non-significant",1.57824935695076,"CMPK1","KCY_HUMAN"
0.0938684950000006,11.125534415,3.26800419873675,0.0132496542948034,0.0373068377928294,-4.44458291511189,"SMRD2_HUMAN",27,3.514464604883,0.00858433199280603,0.026475424210524,0.0938684950000006,"Non-significant",1.57715707254951,"SMARCD2","SMRD2_HUMAN"
-0.0948445775000035,13.49791037875,-3.34925039496996,0.0118296779210979,0.0343480383041455,-4.32357815942926,"GCP60_HUMAN",22,-3.51411910824852,0.00858853789456621,0.0264787073567295,-0.0948445775000035,"Non-significant",1.57710322019692,"ACBD3","GCP60_HUMAN"
-0.137460231749998,10.122498989125,-3.51951501912219,0.00935590935971455,0.0289291856174006,-4.07215754820432,"ACY2_HUMAN",15,-3.51322930761116,0.00859938001971592,0.0264947203852818,-0.137460231749998,"Non-significant",1.57684065949632,"ASPA","ACY2_HUMAN"
-0.294286249999992,18.481230975,-3.51206560110236,0.00945162671931397,0.0291289804815713,-4.08309231052529,"H2A1C_HUMAN",10,-3.51317695501709,0.00860001838582645,0.0264947203852818,-0.294286249999992,"Non-significant",1.57684065949632,"H2AC6","H2A1C_HUMAN"
0.284839630499997,8.7259225845,3.43489430250091,0.0105075721004804,0.0314656706137388,-4.19672891685202,"TRI27_HUMAN",15,3.51105265855234,0.00862596394576459,0.0265649434047679,0.284839630499997,"Non-significant",1.57569110499509,"TRIM27","TRI27_HUMAN"
0.111790895749998,9.858321309125,3.39892305910402,0.0110424785609629,0.0326562690831725,-4.24991515053205,"P121C_HUMAN",20,3.50932578597495,0.00864711710776629,0.0266203616148145,0.111790895749998,"Non-significant",1.57478604930267,"POM121C","P121C_HUMAN"
-0.134380099999998,15.789834855,-3.62419146333044,0.00811590456215781,0.0260804268221228,-3.91917805314678,"TMED7_HUMAN",13,-3.50866095679525,0.0086552756391358,0.0266357496758947,-0.134380099999998,"Non-significant",1.57453507528154,"TMED7","TMED7_HUMAN"
0.104561807500001,10.44972825125,3.257041265956,0.0134547973939113,0.0377299475205416,-4.46095773307987,"DJC16_HUMAN",31,3.50765211788595,0.00866767143871306,0.0266641615171213,0.104561807500001,"Non-significant",1.57407206861763,"DNAJC16","DJC16_HUMAN"
0.203405619000002,9.38086783875,3.34161208746101,0.0119559696269669,0.0345494902402925,-4.33492739226872,"NF1_HUMAN",59,3.50676287200982,0.00867861350253308,0.0266880821644843,0.203405619000002,"Non-significant",1.57368263397974,"NF1","NF1_HUMAN"
0.167701482749999,9.195556283125,3.4369458849736,0.0104779147391989,0.0314076612150453,-4.19369959124158,"CMTR2_HUMAN",17,3.50516196562324,0.00869834967734624,0.0267390187565104,0.167701482749999,"Non-significant",1.57285453411413,"CMTR2","CMTR2_HUMAN"
0.346239092500003,16.61725902625,3.64580174967413,0.00788269823395101,0.025506051214577,-3.88775577486676,"COX6C_HUMAN",6,3.50474743829141,0.00870346783317708,0.026744998310554,0.346239092500003,"Non-significant",1.57275742520277,"COX6C","COX6C_HUMAN"
-0.0993738175000001,11.75144743875,-4.01261350412975,0.00485653178481073,0.0178446845746162,-3.36336793330817,"RPB3_HUMAN",12,-3.50407597374092,0.00871176521191199,0.0267545769759023,-0.0993738175000001,"Non-significant",1.57260191138693,"POLR2C","RPB3_HUMAN"
0.282462119999996,8.888456583,3.54876165550686,0.00899009272928777,0.0280553467660743,-4.02928786676724,"ETV6_HUMAN",9,3.50398151065529,0.00871293318292228,0.0267545769759023,0.282462119999996,"Non-significant",1.57260191138693,"ETV6","ETV6_HUMAN"
0.0686378499999982,13.1774868975,3.06922729228672,0.0175486337306632,0.0462675738866939,-4.74303954898223,"LAP2A_HUMAN",32,3.50188095217177,0.00873894840301188,0.0268246890345911,0.0686378499999982,"Non-significant",1.57146530389487,"TMPO","LAP2A_HUMAN"
-0.152872085,12.364686725,-3.62158359107597,0.00814454733866667,0.0261425702656593,-3.92297378172428,"CHP1_HUMAN",12,-3.50058077464238,0.00875509254207153,0.0268644612439465,-0.152872085,"Non-significant",1.57082186461054,"CHP1","CHP1_HUMAN"
-0.058325289999992,16.668037175,-3.36240503350599,0.0116155164333513,0.0339248745726673,-4.30404610350657,"PSME1_HUMAN",20,-3.49964096828925,0.00876678183159393,0.0268905400504022,-0.058325289999992,"Non-significant",1.5704004756289,"PSME1","PSME1_HUMAN"
1.11505508425,7.041840195625,3.42836023813637,0.0106026298622456,0.0316594865702804,-4.20637995344697,"NEMP1_HUMAN",5,3.49879170132912,0.00877735933254282,0.0269131909108779,1.11505508425,"Up in D1CM",1.57003480789098,"NEMP1","NEMP1_HUMAN"
0.129719260000005,11.18574357,3.32400150963074,0.0122526768597491,0.0352003453479294,-4.36111543687863,"SNTB2_HUMAN",26,3.49438433603702,0.00883247179690442,0.0270723290094936,0.129719260000005,"Non-significant",1.56747438063652,"SNTB2","SNTB2_HUMAN"
0.100180627499999,10.11927294875,3.15222348490397,0.0155962814051038,0.0423248731370316,-4.61804305119831,"XRN1_HUMAN",57,3.49375578813529,0.00884036161628695,0.0270866623277654,0.100180627499999,"Non-significant",1.56724450629711,"XRN1","XRN1_HUMAN"
-0.226429937500001,12.43789482125,-3.56295309802505,0.00881816631200177,0.0276713550936562,-4.00852118840914,"HYPK_HUMAN",10,-3.49313087295209,0.0088482132976052,0.0271008684177014,-0.226429937500001,"Non-significant",1.56701679241072,"HYPK","HYPK_HUMAN"
0.467209338749999,8.952939748875,4.88455088455921,0.00166438350287407,0.0081564468289102,-2.19126340307484,"FUND1_HUMAN",1,3.49224297083704,0.00885938206022944,0.0271252202635939,0.467209338749999,"Non-significant",1.56662672654894,"FUNDC1","FUND1_HUMAN"
0.134881257499995,12.12723481625,3.60171135871287,0.00836642591304244,0.0266517777857274,-3.951924069821,"CENPV_HUMAN",13,3.49086559366511,0.00887673764271347,0.0271684900473609,0.134881257499995,"Non-significant",1.56593449784717,"CENPV","CENPV_HUMAN"
-0.129999161000001,9.723777771,-3.25515277605732,0.0134904767638384,0.0377903717655015,-4.46377957400742,"PLCG1_HUMAN",45,-3.48989806908103,0.00888895060076825,0.0271878728957238,-0.129999161000001,"Non-significant",1.56562476908723,"PLCG1","PLCG1_HUMAN"
0.17954778675,9.383316278625,3.39524353348463,0.0110988198671242,0.0327907299894813,-4.25536318778429,"FNBP4_HUMAN",19,3.48985286734315,0.00888952161592296,0.0271878728957238,0.17954778675,"Non-significant",1.56562476908723,"FNBP4","FNBP4_HUMAN"
0.372078895750002,9.216588497125,3.43512029777249,0.0105043007332363,0.0314656706137388,-4.19639519489334,"DDX49_HUMAN",11,3.48949051449311,0.00889410048766481,0.0271920105224979,0.372078895750002,"Non-significant",1.56555868036594,"DDX49","DDX49_HUMAN"
0.457859274999999,13.1266340025,3.6574045981972,0.00776048233870983,0.0251976524009958,-3.87090788132449,"ABRAL_HUMAN",4,3.48857727597939,0.00890565180104531,0.0272174543259648,0.457859274999999,"Non-significant",1.56515249720349,"ABRACL","ABRAL_HUMAN"
0.41341376325,9.970362305375,3.50450707462945,0.00954982433230443,0.0293564804146586,-4.09419356787498,"GATC_HUMAN",7,3.48763233724382,0.00891762094586879,0.0272441561988866,0.41341376325,"Non-significant",1.56472663844228,"GATC","GATC_HUMAN"
0.292079568250001,7.937882721375,3.44305871818117,0.0103900803580797,0.031255527244202,-4.18467615424504,"CIKS_HUMAN",12,3.48664517860819,0.0089301432180793,0.0272658024558194,0.292079568250001,"Non-significant",1.56438171613209,"TRAF3IP2","CIKS_HUMAN"
0.161843538000003,9.2263747455,3.4057452856867,0.0109388260689839,0.0324769527353421,-4.23981760987438,"KEAP1_HUMAN",18,3.48656384606146,0.0089311757718018,0.0272658024558194,0.161843538000003,"Non-significant",1.56438171613209,"KEAP1","KEAP1_HUMAN"
0.160066839999999,12.54136455,4.49708641148436,0.00264180866406629,0.011496027480338,-2.69876393516451,"S39AB_HUMAN",7,3.48274114034416,0.00897985083488233,0.0274044759910294,0.160066839999999,"Non-significant",1.56217849778372,"SLC39A11","S39AB_HUMAN"
0.174000975,11.1941188575,3.68279442076154,0.00750012984543439,0.0245795468379341,-3.83409756382657,"FBX6_HUMAN",10,3.48224207647716,0.00898622635718685,0.027414007225743,0.174000975,"Non-significant",1.56202747708995,"FBXO6","FBX6_HUMAN"
-0.188279867500002,9.438421607,-3.32450685366863,0.012244053731595,0.0351892252733958,-4.36036353963876,"CLIP2_HUMAN",37,-3.48148816293058,0.00899586673971738,0.0274334879699992,-0.188279867500002,"Non-significant",1.56171897147599,"CLIP2","CLIP2_HUMAN"
0.127350330000006,13.421401025,3.55084497486143,0.00896462908217777,0.0280156892072869,-4.02623784959882,"CD14_HUMAN",14,3.47981674614457,0.00901727873672787,0.0274888399536634,0.127350330000006,"Non-significant",1.56084358727014,"CD14","CD14_HUMAN"
1.8082567455,8.60886710875,3.38596843805208,0.0112422139201148,0.033109930514552,-4.26910238423781,"GET1_HUMAN",7,3.47933875258494,0.00902341216134602,0.0274975925914626,1.8082567455,"Up in D1CM",1.56070532689737,"GET1","GET1_HUMAN"
0.105072974999999,10.106934785,3.63900671394944,0.00795523656720593,0.0256707405787354,-3.89763001873805,"APTX_HUMAN",14,3.47897629273289,0.00902806607168287,0.0275018319184008,0.105072974999999,"Non-significant",1.5606383765132,"APTX","APTX_HUMAN"
0.69620501975,7.171617090625,3.41531282083975,0.0107952181153024,0.0321529658988988,-4.22566487754857,"WDR53_HUMAN",7,3.47508992147515,0.0090781276009516,0.0276443415998631,0.69620501975,"Up in D1CM",1.55839374911289,"WDR53","WDR53_HUMAN"
0.155634639999999,10.23123491,3.36021549265205,0.0116508727111719,0.0339810401669439,-4.30729594916432,"TRAF2_HUMAN",21,3.47434029819588,0.00908781776706174,0.027663855528553,0.155634639999999,"Non-significant",1.55808729211946,"TRAF2","TRAF2_HUMAN"
0.103726387499997,11.13349246875,3.14237640150957,0.0158153464126238,0.042809105623637,-4.63284651673339,"PHLB2_HUMAN",65,3.47362473603323,0.0090970779335099,0.0276820468958682,0.103726387499997,"Non-significant",1.55780179995539,"PHLDB2","PHLB2_HUMAN"
0.122276304999998,11.5768544675,3.23527138834818,0.0138722851844098,0.0386543774609553,-4.49350620133615,"SC16B_HUMAN",39,3.47086972938905,0.00913282490002325,0.0277807943277863,0.122276304999998,"Non-significant",1.5562553407711,"SEC16B","SC16B_HUMAN"
0.0908002800000034,17.498095035,3.72965443538412,0.00704408928074736,0.023339083548514,-3.76636738619945,"ECI1_HUMAN",14,3.47005066520267,0.00914348136752559,0.0278031762073857,0.0908002800000034,"Non-significant",1.5559055878752,"ECI1","ECI1_HUMAN"
0.0593600275000021,14.76877665625,2.86945811761282,0.023388055965558,0.0574913746671591,-5.04565269720078,"TIF1B_HUMAN",41,3.46895756037688,0.0091577239270694,0.0278364424743123,0.0593600275000021,"Non-significant",1.55538626879202,"TRIM28","TIF1B_HUMAN"
0.129533054999998,10.901570915,3.48530056926112,0.00980432194582617,0.029920575554442,-4.12243080043398,"RT30_HUMAN",15,3.46831926872892,0.00916605146524996,0.0278517115359019,0.129533054999998,"Non-significant",1.55514811152226,"MRPS30","RT30_HUMAN"
0.147068974999996,11.24353099,3.80469492899612,0.00637515306792595,0.0216940513562971,-3.65847857823567,"IMP3_HUMAN",10,3.46629031475369,0.00919257613263907,0.0279222429628882,0.147068974999996,"Non-significant",1.55404969825232,"IMP3","IMP3_HUMAN"
-0.215642214000001,8.5955005885,-3.34730753769986,0.0118616650414854,0.0344053594751138,-4.32646437257792,"ARHGG_HUMAN",24,-3.46567145732264,0.00920068279303414,0.02793679944614,-0.215642214000001,"Non-significant",1.55382334992185,"ARHGEF16","ARHGG_HUMAN"
0.275393962749998,8.532110691125,3.42831833464909,0.0106032424472537,0.0316594865702804,-4.20644186087781,"TP4AP_HUMAN",12,3.46531142466199,0.00920540251388212,0.0279410651024531,0.275393962749998,"Non-significant",1.55375704277082,"TRPC4AP","TP4AP_HUMAN"
0.0528101899999971,13.6302685725,2.78486795422566,0.0264477688441414,0.0632600010179535,-5.17431377645588,"IPO7_HUMAN",39,3.46494713361781,0.00921018068782853,0.0279455050459707,0.0528101899999971,"Non-significant",1.55368803717722,"IPO7","IPO7_HUMAN"
-0.145591020000001,11.45322144,-4.0051738944514,0.0049034959330687,0.0179858865186406,-3.37382796430587,"SNF8_HUMAN",9,-3.46454379733107,0.00921547408041066,0.0279515045065784,-0.145591020000001,"Non-significant",1.55359481098615,"SNF8","SNF8_HUMAN"
-0.1118838775,12.84929025125,-3.43450710771795,0.0105131794352676,0.0314686042116018,-4.1973006909528,"SRSF9_HUMAN",17,-3.46343281307811,0.00923007144853386,0.0279857094387381,-0.1118838775,"Non-significant",1.55306367923701,"SRSF9","SRSF9_HUMAN"
0.0967957974999987,10.82172644125,3.98745747936937,0.00501733904112978,0.0182683156707054,-3.39876724879267,"HSF1_HUMAN",12,3.46236913040003,0.00924407043299215,0.0280180761163937,0.0967957974999987,"Non-significant",1.55256168920441,"HSF1","HSF1_HUMAN"
0.0679867250000008,14.607152105,3.02330942474686,0.0187387246685782,0.0484951520514111,-4.81239891753572,"EZRI_HUMAN",33,3.46042081338939,0.00926977074741585,0.0280858726204055,0.0679867250000008,"Non-significant",1.55151207816706,"EZR","EZRI_HUMAN"
0.276816368249998,8.682304859125,3.37031713859957,0.0114887086040232,0.0336360975419632,-4.29230648609232,"SMRD1_HUMAN",17,3.45777446829694,0.00930480092219086,0.0281818781793556,0.276816368249998,"Non-significant",1.55003006673592,"SMARCD1","SMRD1_HUMAN"
-1.189357877,7.0425991415,-3.36191459629543,0.0116234259142396,0.0339362164984847,-4.30477399778248,"IF2B2_HUMAN",10,-3.45480114456113,0.00934432790614013,0.0282914295692727,-1.189357877,"Up in D1BM",1.54834510703716,"IGF2BP2","IF2B2_HUMAN"
-0.0867385874999993,11.31972909125,-3.74819016538741,0.00687206396095091,0.0229222901174734,-3.73965168249911,"NTM1A_HUMAN",14,-3.45372267947872,0.00935870911227745,0.0283247968069611,-0.0867385874999993,"Non-significant",1.54783319694319,"NTMT1","NTM1A_HUMAN"
0.193509814999997,15.3653877975,3.66790645141544,0.00765162802899523,0.0249692499637634,-3.85567272331615,"ADX_HUMAN",9,3.45013645585066,0.00940670099649707,0.0284515272238398,0.193509814999997,"Non-significant",1.54589441654186,"FDX1","ADX_HUMAN"
0.224725485,11.23150885,8.44803303758871,5.58816696401847e-05,0.000865423251321986,1.58230457162378,"TIM22_HUMAN",3,3.45008939006892,0.0094073325866463,0.0284515272238398,0.224725485,"Non-significant",1.54589441654186,"TIMM22","TIM22_HUMAN"
0.273142099999998,10.4889518025,5.11119029084866,0.0012829399897591,0.0067399623800784,-1.90433669098713,"RPAB4_HUMAN",3,3.44941084152002,0.00941644326530822,0.0284622602509007,0.273142099999998,"Non-significant",1.545730614599,"POLR2K","RPAB4_HUMAN"
0.172440290000003,13.419335485,3.93684409080309,0.00535873429899212,0.0191577416100508,-3.47024803324718,"FUND2_HUMAN",8,3.44932214874988,0.00941763481311685,0.0284622602509007,0.172440290000003,"Non-significant",1.545730614599,"FUNDC2","FUND2_HUMAN"
-0.110578299999998,13.5119575275,-4.75892538816043,0.00192874396835201,0.00909249603425006,-2.35345314636728,"PFD6_HUMAN",9,-3.44822143683809,0.00943243577436598,0.0284967746029143,-0.110578299999998,"Non-significant",1.54520429267311,"PFDN6","PFD6_HUMAN"
0.0463356949999998,17.24148822,2.48626168907769,0.0410292076577635,0.0883133787914425,-5.62891880031915,"ACTN4_HUMAN",92,3.44645925796052,0.00945618296389232,0.0285582824086881,0.0463356949999998,"Non-significant",1.54426791604363,"ACTN4","ACTN4_HUMAN"
0.0690541249999992,13.1296610825,2.97440560920745,0.0201006140473802,0.0511403790538388,-4.88641034856887,"TR150_HUMAN",39,3.44580621079723,0.00946499963635217,0.0285746711800904,0.0690541249999992,"Non-significant",1.54401875850027,"THRAP3","TR150_HUMAN"
-0.0722954300000023,14.2032860525,-3.16227941595647,0.0153758974274055,0.0418480592236361,-4.60293342898343,"CRK_HUMAN",25,-3.44451789345335,0.00948241869116222,0.028617009361907,-0.0722954300000023,"Non-significant",1.54337575441571,"CRK","CRK_HUMAN"
0.294228553750003,8.406805515375,3.39880634397762,0.0110442609966301,0.0326562690831725,-4.25008794173479,"CCNT2_HUMAN",12,3.4440302182063,0.00948902135656406,0.0286266861182815,0.294228553750003,"Non-significant",1.54322892385556,"CCNT2","CCNT2_HUMAN"
0.208833456250002,9.138923764125,3.31329946110821,0.0124368296719371,0.0355962047257668,-4.37704468288253,"MED14_HUMAN",27,3.44055801708864,0.00953617363603554,0.0287586431406596,0.208833456250002,"Non-significant",1.54123160822049,"MED14","MED14_HUMAN"
-0.121200325,15.08277452,-3.31761061111862,0.0123622929140827,0.0354656569725729,-4.370626520293,"PSMD7_HUMAN",21,-3.43974043892944,0.00954731259357697,0.0287691924848942,-0.121200325,"Non-significant",1.54107232803933,"PSMD7","PSMD7_HUMAN"
-0.0890686499999944,16.0537222625,-3.32629608315985,0.0122135747084326,0.0351359116782861,-4.35770155764795,"CAPZB_HUMAN",20,-3.43972065415462,0.00954758231978985,0.0287691924848942,-0.0890686499999944,"Non-significant",1.54107232803933,"CAPZB","CAPZB_HUMAN"
-0.326364040250001,7.765493392875,-3.38419081835375,0.0112699223150813,0.03317294467701,-4.27173657472292,"FOXP4_HUMAN",12,-3.43954986059696,0.00954991108942153,0.0287691924848942,-0.326364040250001,"Non-significant",1.54107232803933,"FOXP4","FOXP4_HUMAN"
0.19889307075,10.047897100625,3.33147961190398,0.0121257322370874,0.0349547869447365,-4.34999134717491,"RELB_HUMAN",21,3.43844948079644,0.00956492929101761,0.0287969640448983,0.19889307075,"Non-significant",1.54065329585354,"RELB","RELB_HUMAN"
-0.111464737499999,10.55731236875,-3.2334138339042,0.0139085426989312,0.0387339152656795,-4.49628539228536,"LRC8D_HUMAN",28,-3.43837383329515,0.00956596266766109,0.0287969640448983,-0.111464737499999,"Non-significant",1.54065329585354,"LRRC8D","LRC8D_HUMAN"
1.15699803825,7.274855315625,3.33962143458471,0.0119891196981741,0.0346201746954127,-4.33788610595507,"DHX34_HUMAN",13,3.4349863082131,0.0096123598982573,0.0289263054560553,1.15699803825,"Up in D1CM",1.53870703204544,"DHX34","DHX34_HUMAN"
0.268782138999999,8.4844510555,5.17053688993401,0.00119982228454878,0.00640082407370993,-1.83040114078055,"SAP30_HUMAN",3,3.43427367192329,0.00962215102651805,0.0289454357610709,0.268782138999999,"Non-significant",1.53841990793155,"SAP30","SAP30_HUMAN"
0.110074281499999,9.2214387655,3.19586833628318,0.0146634740296733,0.0402863176649661,-4.55252286962356,"FBX38_HUMAN",33,3.43247761252116,0.00964687482662302,0.0290094569795239,0.110074281499999,"Non-significant",1.53746040056664,"FBXO38","FBX38_HUMAN"
0.105791570000003,12.62641907,3.15791392595396,0.0154711610765427,0.042080160282084,-4.60949185484102,"SYDM_HUMAN",40,3.43218488073498,0.00965091086295717,0.0290112438173559,0.105791570000003,"Non-significant",1.53743365101691,"DARS2","SYDM_HUMAN"
0.076930287499998,14.99776208375,3.08490162758547,0.0171609457522063,0.0454872992909895,-4.71939529166947,"LDHD_HUMAN",31,3.43071190907997,0.00967124677454849,0.0290620103610229,0.076930287499998,"Non-significant",1.53667434673104,"LDHD","LDHD_HUMAN"
0.176391837500001,11.55982220125,5.64467670322819,0.000714632948444587,0.00440324643453174,-1.25718145498806,"RT12_HUMAN",5,3.42849535749817,0.00970193470325987,0.0291438373534488,0.176391837500001,"Non-significant",1.53545326547932,"MRPS12","RT12_HUMAN"
0.0931520449999965,16.6104369175,3.28942586406988,0.0128583826364398,0.0365049872827722,-4.41261800357945,"PCBP2_HUMAN",21,3.4271812251861,0.00972017771937195,0.0291882358377578,0.0931520449999965,"Non-significant",1.53479215335321,"PCBP2","PCBP2_HUMAN"
-0.433337927,8.54700219625,-3.46710337964234,0.0100521857234431,0.0304674122484365,-4.14922152394542,"THBG_HUMAN",6,-3.42678260217038,0.00972571869802207,0.0291937872752249,-0.433337927,"Non-significant",1.53470956085171,"SERPINA7","THBG_HUMAN"
-0.112036942500001,14.94057142875,-3.54301209206501,0.00906077276384012,0.0282028263022188,-4.03770790307661,"MESD_HUMAN",14,-3.42655000454231,0.00972895342936371,0.0291937872752249,-0.112036942500001,"Non-significant",1.53470956085171,"MESD","MESD_HUMAN"
-0.0621109000000004,12.3807008275,-3.15297828030809,0.0155796233780948,0.0423011244696049,-4.61690865165649,"SMU1_HUMAN",23,-3.42551853769933,0.00974331184319926,0.0292264681588351,-0.0621109000000004,"Non-significant",1.53422366332214,"SMU1","SMU1_HUMAN"
0.301063775750002,8.410179495875,3.34119071782901,0.0119629784405849,0.0345565268251166,-4.33555364293438,"PKHM1_HUMAN",16,3.42486429312371,0.0097524308815064,0.029243415119252,0.301063775750002,"Non-significant",1.53397191075526,"PLEKHM1","PKHM1_HUMAN"
0.0878355499999977,14.04566896,3.50160117793757,0.00958786841916153,0.0294519471228544,-4.09846316995271,"DDRGK_HUMAN",16,3.42412519861482,0.00976274352298536,0.0292639278645959,0.0878355499999977,"Non-significant",1.53366738239959,"DDRGK1","DDRGK_HUMAN"
0.312988758000003,8.7592213155,3.31900923813706,0.012338214425795,0.0354098772199613,-4.36854471617017,"LRC14_HUMAN",22,3.42213753601387,0.00979053521888231,0.0293368010522428,0.312988758000003,"Non-significant",1.53258724431351,"LRRC14","LRC14_HUMAN"
0.150114535,11.4840927125,3.53719470831207,0.00913289626694218,0.0284063404553711,-4.04623109182871,"SO2B1_HUMAN",12,3.42117350407473,0.00980404475639567,0.0293668419515491,0.150114535,"Non-significant",1.53214275408185,"SLCO2B1","SO2B1_HUMAN"
-0.0576786975000019,15.30188799125,-2.77950503688468,0.026655370538817,0.0636481921449543,-5.18247727682083,"SYDC_HUMAN",48,-3.41924973564207,0.0098310630380586,0.0294373109583644,-0.0576786975000019,"Non-significant",1.53110186448678,"DARS1","SYDC_HUMAN"
0.0896027097500003,9.991123080625,3.48774763663826,0.00977149504706029,0.0298528204971625,-4.11883088123603,"NMNA3_HUMAN",16,3.41835756208988,0.00984362004687508,0.0294644436701385,0.0896027097500003,"Non-significant",1.53070175457799,"NMNAT3","NMNA3_HUMAN"
-0.0621817100000008,11.6935721625,-3.1865493338297,0.0148575382247873,0.0407398144751893,-4.56649970021748,"RDH13_HUMAN",22,-3.41801826584137,0.00984839999862902,0.0294682866838637,-0.0621817100000008,"Non-significant",1.53064511373861,"RDH13","RDH13_HUMAN"
0.127952817500001,10.22882020375,3.27628085892123,0.0130969917808145,0.0370086876187267,-4.43222768015929,"TB22A_HUMAN",23,3.41715102731108,0.00986062875914304,0.0294944073139875,0.127952817500001,"Non-significant",1.53026032649436,"TBC1D22A","TB22A_HUMAN"
0.150246140000004,15.9445416925,3.40041097000606,0.0110197826909418,0.0326372973654071,-4.24771249206767,"PXL2A_HUMAN",15,3.41664814183195,0.0098677272579039,0.0295051695838496,0.150246140000004,"Non-significant",1.53010188486777,"PRXL2A","PXL2A_HUMAN"
-0.1097300075,15.99812328625,-3.28778477234277,0.0128879163949044,0.0365642030604675,-4.4150653060072,"RCN1_HUMAN",21,-3.41375969979621,0.00990860474258336,0.0296168898493742,-0.1097300075,"Non-significant",1.52846054987199,"RCN1","RCN1_HUMAN"
-0.173320054999998,9.60604584225,-3.37480852150242,0.0114173857561705,0.0334930759678022,-4.28564517576472,"GFRA1_HUMAN",15,-3.41187641317855,0.00993535430323857,0.0296863174129734,-0.173320054999998,"Non-significant",1.52744367328368,"GFRA1","GFRA1_HUMAN"
0.193502667500002,10.76101028875,3.38008531299221,0.0113341965450005,0.0332761904137267,-4.27782160260389,"CCNK_HUMAN",14,3.41081109890281,0.00995051971763428,0.0297210952161373,0.193502667500002,"Non-significant",1.52693519095584,"CCNK","CCNK_HUMAN"
0.102742672500002,11.22727751875,3.14042447442007,0.0158591575575285,0.0428726231726773,-4.63578180595417,"FND3B_HUMAN",37,3.41029030974398,0.0099579424481822,0.0297327300374523,0.102742672500002,"Non-significant",1.52676521236361,"FNDC3B","FND3B_HUMAN"
-0.0743427277499986,9.290750503375,-3.21792920543466,0.0142147488160229,0.0393614053121737,-4.51946445450366,"KLC2_HUMAN",22,-3.40994792692044,0.00996282559280333,0.0297367765303609,-0.0743427277499986,"Non-significant",1.52670611082922,"KLC2","KLC2_HUMAN"
0.0738682750000024,11.0110137475,3.12084985227693,0.0163057125984487,0.0437262219505066,-4.66523392968078,"AT2C1_HUMAN",26,3.40942574904976,0.00997027792865161,0.0297423061563651,0.0738682750000024,"Non-significant",1.52662536022046,"ATP2C1","AT2C1_HUMAN"
0.3456890585,7.8877015115,3.53331793468381,0.0091813034965007,0.0285066146511287,-4.05191317967352,"R3HD4_HUMAN",6,3.40922098157596,0.00997320191727699,0.0297423061563651,0.3456890585,"Non-significant",1.52662536022046,"R3HDM4","R3HD4_HUMAN"
0.168880702500001,10.49853742125,3.25001014916019,0.013588149775989,0.0380008342607205,-4.47146546472732,"BMP2K_HUMAN",34,3.4090766182242,0.00997526391078945,0.0297423061563651,0.168880702500001,"Non-significant",1.52662536022046,"BMP2K","BMP2K_HUMAN"
-0.0815448724999968,15.70609021125,-3.29254301148449,0.0128024841923037,0.0363830543684856,-4.4079702009874,"NDUBA_HUMAN",20,-3.4074949814686,0.009997884757977,0.0297940788440433,-0.0815448724999968,"Non-significant",1.52587003729518,"NDUFB10","NDUBA_HUMAN"
0.196244239749999,9.399962663625,3.37464396253455,0.0114199905482813,0.0334930759678022,-4.28588920243665,"PHC3_HUMAN",14,3.40736841032269,0.00999969736027981,0.0297940788440433,0.196244239749999,"Non-significant",1.52587003729518,"PHC3","PHC3_HUMAN"
0.247092724999996,11.2063412675,3.55003927924799,0.00897446757477842,0.0280169582177064,-4.02741734367206,"COX15_HUMAN",8,3.40667495109779,0.0100096344770603,0.0298131480590605,0.247092724999996,"Non-significant",1.52559216309875,"COX15","COX15_HUMAN"
0.2701725975,11.09501838625,4.21795326063589,0.00373585699003293,0.0148046725759227,-3.07766040436615,"ITPR3_HUMAN",4,3.4022049281433,0.0100739418231888,0.0299940853506388,0.2701725975,"Non-significant",1.52296437704131,"ITPR3","ITPR3_HUMAN"
0.378619427500002,12.87920963875,4.44962806964972,0.00279983630219447,0.0119790696901748,-2.76240233791408,"COX7B_HUMAN",2,3.40044438173088,0.0100993903088208,0.0300592376105403,0.378619427500002,"Non-significant",1.52202203857726,"COX7B","COX7B_HUMAN"
-0.0835196949999997,12.129460455,-3.42379677346377,0.0106695667415403,0.0318349656865287,-4.21312301726206,"EI2BA_HUMAN",17,-3.39951862535226,0.0101127994589108,0.0300885233459792,-0.0835196949999997,"Non-significant",1.52159912560087,"EIF2B1","EI2BA_HUMAN"
0.261652946500002,9.18017864225,3.38689254521062,0.0112278383976887,0.0330919318294346,-4.26773311032922,"CE024_HUMAN",11,3.39801824245797,0.0101345720806202,0.030134256470981,0.261652946500002,"Non-significant",1.52093951979367,"C5orf24","CE024_HUMAN"
0.156401159999998,10.315054415,3.33434261107979,0.0120775046437925,0.0348276724743505,-4.34573391173351,"PANK1_HUMAN",17,3.39796672392074,0.0101353205712696,0.030134256470981,0.156401159999998,"Non-significant",1.52093951979367,"PANK1","PANK1_HUMAN"
0.361197474999997,10.3024566175,7.75359407702912,9.7930614598465e-05,0.00118027045991705,0.955528446084836,"CP4AM_HUMAN",1,3.39613530450998,0.0101619667472288,0.0301958267238106,0.361197474999997,"Non-significant",1.52005307545544,"CYP4A22","CP4AM_HUMAN"
0.21196961375,9.178129077125,3.33853006523732,0.0120073358795255,0.0346609020988083,-4.33950837612668,"MET15_HUMAN",15,3.39599572078678,0.010164000672597,0.0301958267238106,0.21196961375,"Non-significant",1.52005307545544,"METTL15","MET15_HUMAN"
-0.0652291800000029,12.9847065225,-3.40870858411438,0.0108941292727099,0.0323903406136409,-4.23543314767241,"EMC2_HUMAN",18,-3.39580529338468,0.0101667761587584,0.0301958267238106,-0.0652291800000029,"Non-significant",1.52005307545544,"EMC2","EMC2_HUMAN"
-0.0893237575000043,15.38587772875,-3.28339394306189,0.0129672926223274,0.036702924618401,-4.42161442321132,"KAD1_HUMAN",20,-3.39486324655554,0.0101805183991307,0.030225991400589,-0.0893237575000043,"Non-significant",1.51961944554597,"AK1","KAD1_HUMAN"
0.225167036,8.97060453875,3.30415936887149,0.0125964502086821,0.0359080197705516,-4.39065771179729,"ULK3_HUMAN",18,3.39202430895771,0.0102220515239109,0.0303386170052975,0.225167036,"Non-significant",1.51800422053866,"ULK3","ULK3_HUMAN"
0.128733632500001,13.47440910375,5.46330646336921,0.000868247562631277,0.00507873608981196,-1.47282541410988,"ARF5_HUMAN",7,3.39168761230016,0.0102269892847515,0.0303425880609542,0.128733632500001,"Non-significant",1.51794737896606,"ARF5","ARF5_HUMAN"
0.0918004525000011,11.08355605375,3.00347838637588,0.0192788451048537,0.0494075358433602,-4.84239464339646,"DJC13_HUMAN",101,3.39127404271056,0.0102330578859676,0.0303499102465944,0.0918004525000011,"Non-significant",1.5178425889204,"DNAJC13","DJC13_HUMAN"
0.0731258375000028,14.13848209375,3.12124562312066,0.0162965527452756,0.043718536947781,-4.6646381650441,"MVD1_HUMAN",25,3.39012963356539,0.0102498706046234,0.0303890817187375,0.0731258375000028,"Non-significant",1.51728242300365,"MVD","MVD1_HUMAN"
-0.225241898999997,8.18874990925,-3.25537727262923,0.0134862300493726,0.0377903717655015,-4.46344410744717,"MY15B_HUMAN",36,-3.38857001339251,0.0102728306182377,0.0304442357133273,-0.225241898999997,"Non-significant",1.51649492420926,"MYO15B","MY15B_HUMAN"
0.154386517499997,16.51299381125,3.43483253908298,0.0105084663397407,0.0314656706137388,-4.19682012239544,"ABHEB_HUMAN",13,3.38837556256153,0.0102756970701645,0.0304442357133273,0.154386517499997,"Non-significant",1.51649492420926,"ABHD14B","ABHEB_HUMAN"
0.129616499999997,11.7973057025,3.16305635607275,0.0153590085684218,0.0418155953563396,-4.6017663631263,"PB1_HUMAN",47,3.38720795816381,0.0102929269532768,0.0304845682674526,0.129616499999997,"Non-significant",1.51591995122073,"PBRM1","PB1_HUMAN"
0.211549281999998,8.6798045635,3.38720595292337,0.0112229674668238,0.0330919318294346,-4.26726874563693,"TNIP2_HUMAN",12,3.38447227422199,0.0103334169115952,0.0305937376704726,0.211549281999998,"Non-significant",1.51436746154097,"TNIP2","TNIP2_HUMAN"
0.0888192649999962,10.6750406025,3.24389708115359,0.0137052371058716,0.0382648040958569,-4.48060478356869,"NUD12_HUMAN",21,3.3826404680926,0.0103606236036871,0.0306552028386459,0.0888192649999962,"Non-significant",1.51349580589743,"NUDT12","NUD12_HUMAN"
0.370478391499999,8.2125331165,3.28536698572836,0.0129315600403599,0.0366510153262253,-4.41867132147759,"F1711_HUMAN",20,3.38258482114806,0.0103614512857162,0.0306552028386459,0.370478391499999,"Non-significant",1.51349580589743,"FAM171A1","F1711_HUMAN"
0.0916614525000092,16.59212827625,3.1884866639357,0.0148169700915003,0.0406417965835521,-4.56359346316056,"RS4X_HUMAN",24,3.38222464052287,0.0103668102455396,0.0306602959858431,0.0916614525000092,"Non-significant",1.51342365690506,"RPS4X","RS4X_HUMAN"
0.145677327499998,11.83683431125,3.34391418594467,0.0119177554327628,0.0345146539631103,-4.33150625994944,"IMA1_HUMAN",16,3.38195751883263,0.0103707865296485,0.0306612976704339,0.145677327499998,"Non-significant",1.51340946855592,"KPNA2","IMA1_HUMAN"
0.168190955999997,9.224784374,3.31320431555929,0.0124384800842712,0.0355962047257668,-4.37718634945237,"DVL1_HUMAN",17,3.38132349197472,0.0103802309406596,0.0306784595367529,0.168190955999997,"Non-significant",1.5131664514859,"DVL1","DVL1_HUMAN"
0.154080868000001,9.532705784,4.01511006945391,0.00484088169990674,0.0178027015045872,-3.359859464002,"MBRL_HUMAN",8,3.37976946116326,0.0104034183835593,0.0307224106710985,0.154080868000001,"Non-significant",1.51254470986188,"TMEM259","MBRL_HUMAN"
0.2531874185,9.46767222875,3.25700520325549,0.0134554777846421,0.0377299475205416,-4.46101161610598,"WWC2_HUMAN",33,3.37966697049425,0.0104049495664284,0.0307224106710985,0.2531874185,"Non-significant",1.51254470986188,"WWC2","WWC2_HUMAN"
0.281375884999996,11.0473306175,3.52460230592339,0.00929114296758821,0.028792295615368,-4.06469366132249,"TM115_HUMAN",7,3.37959421925409,0.0104060365957986,0.0307224106710985,0.281375884999996,"Non-significant",1.51254470986188,"TMEM115","TM115_HUMAN"
0.0764873050000023,11.970715405,3.02413622812883,0.0187165562451117,0.0484824377965723,-4.81114883999912,"LIMD1_HUMAN",33,3.37868650783602,0.0104196095388766,0.0307517117658232,0.0764873050000023,"Non-significant",1.51213070461181,"LIMD1","LIMD1_HUMAN"
0.7603963615,6.9499568345,3.2866867182271,0.0129077179065007,0.0366080599710279,-4.41670293512062,"TRPM4_HUMAN",13,3.37741171814769,0.0104387031903479,0.0307972800810088,0.7603963615,"Up in D1CM",1.51148763732974,"TRPM4","TRPM4_HUMAN"
0.564681291499999,6.84795868425,3.35624976073385,0.0117152044670305,0.0341177706271413,-4.31318333754675,"S12A9_HUMAN",6,3.37675373955679,0.0104485728804932,0.030815612599607,0.564681291499999,"Up in D1CM",1.51122919428137,"SLC12A9","S12A9_HUMAN"
-0.0724344275000064,18.07459497375,-3.02716755498452,0.018635516739287,0.0483616904542641,-4.80656601392444,"HSP7C_HUMAN",30,-3.37601166015368,0.0104597159989812,0.0308376866580665,-0.0724344275000064,"Non-significant",1.51091820874427,"HSPA8","HSP7C_HUMAN"
0.469888210250001,7.404713988375,3.50665125757208,0.00952185680134491,0.0292918726199037,-4.09104374545197,"GATA4_HUMAN",4,3.37525064127768,0.0104711566470629,0.0308564295352616,0.469888210250001,"Non-significant",1.51065432852704,"GATA4","GATA4_HUMAN"
0.0851125724999982,13.11093997875,3.20800019533188,0.014414869864843,0.0397198228475847,-4.53433808580849,"CXAR_HUMAN",22,3.37510186432269,0.0104733948155634,0.0308564295352616,0.0851125724999982,"Non-significant",1.51065432852704,"CXADR","CXAR_HUMAN"
-0.166134357500001,11.27828455125,-3.44217372534412,0.0104027475729959,0.0312824685311391,-4.18598228715062,"COMDA_HUMAN",12,-3.37437252897258,0.0104843741454095,0.0308746220524214,-0.166134357500001,"Non-significant",1.51039835005786,"COMMD10","COMDA_HUMAN"
0.1960418225,11.34199011375,3.485557163238,0.00980087423043738,0.029920575554442,-4.12205329013149,"COQ4_HUMAN",10,3.37420514902384,0.0104868955909458,0.0308746220524214,0.1960418225,"Non-significant",1.51039835005786,"COQ4","COQ4_HUMAN"
-0.0910513399999999,15.469581485,-3.08304218906312,0.0172064583785261,0.0455649505726033,-4.72219931313851,"ADK_HUMAN",34,-3.37281804302369,0.0105078160802811,0.0309254126189557,-0.0910513399999999,"Non-significant",1.50968449713328,"ADK","ADK_HUMAN"
0.071822642499999,17.07373785875,2.91059734904131,0.0220365557234278,0.0548408999683416,-4.98317034880309,"ACADV_HUMAN",47,3.37029459788404,0.0105459889044753,0.0310231024803531,0.071822642499999,"Non-significant",1.50831477252106,"ACADVL","ACADV_HUMAN"
0.0652971275000027,11.28344988875,2.83166208701536,0.0247065725022877,0.0601244190434984,-5.10311344720121,"MIOS_HUMAN",52,3.37004192219093,0.0105498193138409,0.0310231024803531,0.0652971275000027,"Non-significant",1.50831477252106,"MIOS","MIOS_HUMAN"
-0.0685567825,13.58413100375,-2.83414777951177,0.0246175079172829,0.0599887176162989,-5.09933302853185,"SYLC_HUMAN",68,-3.3698640766531,0.0105525162310946,0.0310231024803531,-0.0685567825,"Non-significant",1.50831477252106,"LARS1","SYLC_HUMAN"
0.0835509299999995,12.56097746,3.22642593706728,0.0140458471465838,0.039034766105689,-4.50674306478348,"RM39_HUMAN",21,3.36965213477628,0.0105557311559678,0.0310231024803531,0.0835509299999995,"Non-significant",1.50831477252106,"MRPL39","RM39_HUMAN"
0.0876295625000001,12.44406807375,3.330841173555,0.0121365148993066,0.0349739090893181,-4.35094084820894,"NAAA_HUMAN",18,3.36882250542421,0.0105683257445062,0.0310492916348703,0.0876295625000001,"Non-significant",1.50794830346087,"NAAA","NAAA_HUMAN"
-0.136128427500001,13.15946674375,-3.31149078914515,0.0124682433704554,0.0356492664247347,-4.37973784505078,"CREL1_HUMAN",17,-3.36463356299271,0.0106321625702084,0.0312259575973124,-0.136128427500001,"Non-significant",1.5054842343677,"CRELD1","CREL1_HUMAN"
0.203428268250001,9.208248376875,3.22475398613145,0.01407891299821,0.0391137632372814,-4.50924583485742,"ABCA8_HUMAN",35,3.36319306672354,0.0106542094806758,0.0312738004682853,0.203428268250001,"Non-significant",1.50481933902847,"ABCA8","ABCA8_HUMAN"
-0.1123733475,14.90631294375,-3.54717535572611,0.00900953375510532,0.0280848224932628,-4.03161057096279,"ELOB_HUMAN",13,-3.36308449365672,0.0106558731694051,0.0312738004682853,-0.1123733475,"Non-significant",1.50481933902847,"ELOB","ELOB_HUMAN"
0.129771470000001,10.5910059225,3.29144512514021,0.012822142418896,0.0364266391806114,-4.40960709411711,"UTP18_HUMAN",18,3.36131449734865,0.0106830342088962,0.0313426019306599,0.129771470000001,"Non-significant",1.50386495307411,"UTP18","UTP18_HUMAN"
-0.178530927500002,10.25813829875,-3.45138380597704,0.0102717283362709,0.0310016525277133,-4.17239351422849,"VASN_HUMAN",11,-3.36096301447193,0.0106884365587337,0.0313475406240663,-0.178530927500002,"Non-significant",1.50379652613453,"VASN","VASN_HUMAN"
-0.230931997499999,9.08708870425,-3.29692542848469,0.0127243351331736,0.03624650923877,-4.40143735980179,"IPSP_HUMAN",15,-3.36069296340647,0.0106925892617389,0.0313488121346772,-0.230931997499999,"Non-significant",1.50377891075444,"SERPINA5","IPSP_HUMAN"
0.0797426700000017,13.9230791325,3.18422865469994,0.0149062895398126,0.0408491676827198,-4.56998141398087,"FACE1_HUMAN",22,3.35929884015396,0.010714054663278,0.0314008229335086,0.0797426700000017,"Non-significant",1.50305897005422,"ZMPSTE24","FACE1_HUMAN"
0.225508689749997,9.306176662375,3.26528587283415,0.0133002074098668,0.037406555975231,-4.44864213839082,"IRAK2_HUMAN",19,3.35824141048443,0.0107303665305794,0.03142747978052,0.225508689749997,"Non-significant",1.50269044434983,"IRAK2","IRAK2_HUMAN"
0.331970214749997,8.995168208875,3.26646162050131,0.0132783166182364,0.0373699268030432,-4.44688633500454,"ANDR_HUMAN",18,3.35822583153747,0.0107306070480883,0.03142747978052,0.331970214749997,"Non-significant",1.50269044434983,"AR","ANDR_HUMAN"
0.0959045874999997,11.12581717875,3.05849407282011,0.0178194571158479,0.0468027805143661,-4.75923989430766,"VPS53_HUMAN",41,3.35542507635473,0.0107739401468429,0.0315434322673632,0.0959045874999997,"Non-significant",1.50109105248854,"VPS53","VPS53_HUMAN"
-0.0513072025000039,15.16794872375,-2.74882739406431,0.0278761141753334,0.0659376280020011,-5.22918602247792,"DNJC3_HUMAN",34,-3.35137169391603,0.0108369835992427,0.0317169912354226,-0.0513072025000039,"Non-significant",1.49870801781816,"DNAJC3","DNJC3_HUMAN"
0.29152679425,9.525125503375,3.25151015223435,0.0135595827363258,0.0379615253264808,-4.46922339795637,"SMAG1_HUMAN",21,3.35086249171073,0.0108449310571269,0.0317292342521773,0.29152679425,"Non-significant",1.49854040896063,"SAMD4A","SMAG1_HUMAN"
-0.120051860000007,17.286210775,-3.30967725811256,0.0124998266967572,0.035703302511914,-4.38243855490485,"HCD2_HUMAN",17,-3.350604276361,0.0108489635634627,0.0317300186941108,-0.120051860000007,"Non-significant",1.49852967202985,"HSD17B10","HCD2_HUMAN"
0.148353815250001,9.931378722375,4.04024241408813,0.00468636217899408,0.0173735271579143,-3.32458769337433,"RSRC2_HUMAN",8,3.35012941578019,0.0108563835441196,0.0317407065186904,0.148353815250001,"Non-significant",1.49838341048118,"RSRC2","RSRC2_HUMAN"
-0.283642292250002,8.343269586625,-3.25007925021991,0.0135868323596317,0.0380008342607205,-4.47136217441139,"ITA3_HUMAN",21,-3.34961028706201,0.010864501413876,0.03175342663577,-0.283642292250002,"Non-significant",1.49820940143637,"ITGA3","ITA3_HUMAN"
0.672183513500002,8.71298956875,3.32584439451438,0.0122212614285326,0.0351460295397821,-4.35837354238686,"TMM82_HUMAN",5,3.34925005382244,0.0108701383495699,0.0317588894795579,0.672183513500002,"Up in D1CM",1.49813469205515,"TMEM82","TMM82_HUMAN"
0.0812776099999972,13.675796865,2.92430942395773,0.0216045549730537,0.0540370308213262,-4.96236049949323,"IF2P_HUMAN",71,3.34838817033943,0.0108836377380546,0.0317780559419101,0.0812776099999972,"Non-significant",1.49787267476633,"EIF5B","IF2P_HUMAN"
-0.0752060424999996,15.52630007375,-2.97156120163676,0.0201829774106493,0.0512880062087317,-4.89071925425261,"IF2A_HUMAN",36,-3.34834983144914,0.0108842386409176,0.0317780559419101,-0.0752060424999996,"Non-significant",1.49787267476633,"EIF2S1","IF2A_HUMAN"
0.0968832974999998,10.85519742875,3.11339148654229,0.0164793579371623,0.0440267854365582,-4.67646337653912,"AKAP8_HUMAN",29,3.34606180016869,0.0109201639268832,0.0318719050345217,0.0968832974999998,"Non-significant",1.49659197727763,"AKAP8","AKAP8_HUMAN"
0.201823237499999,12.82518053125,3.43991438776462,0.0104351615678862,0.0313352251000044,-4.18931715014217,"PLCB_HUMAN",10,3.34571249268967,0.0109256596225945,0.031875970966391,0.201823237499999,"Non-significant",1.4965365774153,"AGPAT2","PLCB_HUMAN"
0.075946327499997,11.95260667875,2.86266179323931,0.0236195848995589,0.0578916781385235,-5.05598137745144,"NBAS_HUMAN",101,3.34549261901043,0.0109291204286238,0.031875970966391,0.075946327499997,"Non-significant",1.4965365774153,"NBAS","NBAS_HUMAN"
-0.165389059999995,15.5170965175,-5.98974503717028,0.000499094723871054,0.00338444845334603,-0.858930958852111,"CD59_HUMAN",5,-3.34484052968543,0.0109393911515218,0.0318948903549559,-0.165389059999995,"Non-significant",1.49627888648482,"CD59","CD59_HUMAN"
-0.0560028574999993,15.75069725625,-2.7042077874064,0.0297567851511426,0.0691535544634632,-5.29714649357046,"XRCC6_HUMAN",50,-3.34375371348226,0.0109565318372312,0.0319284498488058,-0.0560028574999993,"Non-significant",1.49582216628524,"XRCC6","XRCC6_HUMAN"
-0.106845617500001,14.66070830875,-3.67976839372219,0.00753065766873855,0.0246700013563145,-3.83848059335303,"SMD2_HUMAN",12,-3.34363047248351,0.0109584773297657,0.0319284498488058,-0.106845617500001,"Non-significant",1.49582216628524,"SNRPD2","SMD2_HUMAN"
0.979428291499998,7.53220295925,3.35708018635247,0.0117017019417194,0.0340938975688742,-4.31195038699868,"APC11_HUMAN",2,3.34174155114894,0.0109883419796879,0.032004400327156,0.979428291499998,"Up in D1CM",1.49479030585444,"ANAPC11","APC11_HUMAN"
0.166610955999998,9.073726058,3.81280605019667,0.00630708020462063,0.0215668880506074,-3.6468597966497,"PIGH_HUMAN",8,3.3384554547598,0.0110405028745874,0.0321452154507418,0.166610955999998,"Non-significant",1.49288365906862,"PIGH","PIGH_HUMAN"
-0.86477446575,6.495522260625,-3.38040205252013,0.011329223827205,0.0332761904137267,-4.27735208211635,"CR021_HUMAN",2,-3.33266701880383,0.0111330249047137,0.032403407086268,-0.86477446575,"Up in D1BM",1.48940932309673,"C18orf21","CR021_HUMAN"
0.127830267499998,14.83718049625,3.30720485794741,0.0125430224043277,0.0357904996093696,-4.38612095537081,"TPM1_HUMAN",16,3.3293093789177,0.0111870704397594,0.032549470741019,0.127830267499998,"Non-significant",1.48745606872785,"TPM1","TPM1_HUMAN"
0.140906810499999,9.80518579475,3.13638596390481,0.0159502123332498,0.043049740556184,-4.64185580525428,"BCR_HUMAN",41,3.32681976498147,0.0112273238975173,0.0326553185411226,0.140906810499999,"Non-significant",1.48604607549296,"BCR","BCR_HUMAN"
-0.110082862500001,10.33885133375,-3.12300940738284,0.0162557975391273,0.0436508816366052,-4.66198323410484,"FA11_HUMAN",29,-3.32349834778354,0.0112812661148484,0.0328008941297197,-0.110082862500001,"Non-significant",1.48411431755933,"F11","FA11_HUMAN"
0.110900160000002,14.044721245,3.12968691225159,0.0161024807854384,0.0433358271201982,-4.65193404543598,"API5_HUMAN",28,3.32209055802882,0.0113042126396297,0.0328532057618857,0.110900160000002,"Non-significant",1.48342224629389,"API5","API5_HUMAN"
-0.091747520000002,13.00931561,-3.13503577022448,0.0159807784530109,0.0431046341057371,-4.64388680052068,"A16A1_HUMAN",24,-3.32191650921487,0.0113070530211449,0.0328532057618857,-0.091747520000002,"Non-significant",1.48342224629389,"ALDH16A1","A16A1_HUMAN"
-0.138856647499999,12.14367640125,-3.17922297930089,0.0150120263922315,0.0410299515110634,-4.57749292409321,"MAP2_HUMAN",25,-3.32150289621299,0.0113138060006112,0.0328614992347181,-0.138856647499999,"Non-significant",1.48331262670399,"METAP2","MAP2_HUMAN"
0.209746597500001,13.14093911625,5.1612420611579,0.00121243653799645,0.00644950791512384,-1.84194826918306,"HS904_HUMAN",4,3.31949411308268,0.0113466639845456,0.0329455841287408,0.209746597500001,"Non-significant",1.48220278796043,"HSP90AA4P","HS904_HUMAN"
0.206008434999994,17.28840518,3.40065341416908,0.0110160893093353,0.0326372973654071,-4.24735360665337,"COX5B_HUMAN",10,3.31856865953707,0.0113618358595892,0.0329782763293654,0.206008434999994,"Non-significant",1.48177204730302,"COX5B","COX5B_HUMAN"
0.215668916750001,8.792579054875,3.25777110240923,0.0134410355465779,0.0377271024382635,-4.45986727419043,"MTMRE_HUMAN",15,3.31695888189584,0.011388277886005,0.0330436469194962,0.215668916750001,"Non-significant",1.48091202704147,"MTMR14","MTMRE_HUMAN"
-0.117437122500002,13.53168260875,-3.46269383012225,0.0101132568153646,0.0305975024037,-4.15571888412306,"CSN6_HUMAN",13,-3.31517408322882,0.0114176711934776,0.0331175328595397,-0.117437122500002,"Non-significant",1.47994202410326,"COPS6","CSN6_HUMAN"
0.0860443100000019,12.9584088325,3.23647673841754,0.0138488119680186,0.0386145008529372,-4.49170297109342,"ACOT8_HUMAN",19,3.31282339197316,0.0114565069824923,0.0332187469402915,0.0860443100000019,"Non-significant",1.47861675379855,"ACOT8","ACOT8_HUMAN"
0.1784524925,12.34549808375,3.55034464294678,0.00897073735561364,0.0280156892072869,-4.02697029927009,"TMX4_HUMAN",9,3.31189580520917,0.0114718702195416,0.0332518549107689,0.1784524925,"Non-significant",1.47818412314157,"TMX4","TMX4_HUMAN"
1.92342698575,6.540678441625,3.26170555938133,0.0133671055898073,0.0375811638164538,-4.45398957153238,"CI170_HUMAN",1,3.31095299736301,0.011487507973289,0.0332659912461357,1.92342698575,"Up in D1CM",1.47799953109925,"LINC02872","CI170_HUMAN"
0.164656878250002,9.991767048375,3.17496061119008,0.0151026915661994,0.0412376375806592,-4.58389063284971,"PROX1_HUMAN",27,3.3109375438102,0.0114877644799654,0.0332659912461357,0.164656878250002,"Non-significant",1.47799953109925,"PROX1","PROX1_HUMAN"
0.1783480635,9.98512864075,3.16696178313506,0.0152744121841177,0.0416795145030523,-4.5959006264254,"KDM1A_HUMAN",33,3.31070144903039,0.011491684068789,0.0332659912461357,0.1783480635,"Non-significant",1.47799953109925,"KDM1A","KDM1A_HUMAN"
-0.118776794999995,11.6123938575,-3.45122382861641,0.0102739889247208,0.0310016525277133,-4.17262947119761,"RNT2_HUMAN",13,-3.31065028347378,0.0114925336942398,0.0332659912461357,-0.118776794999995,"Non-significant",1.47799953109925,"RNASET2","RNT2_HUMAN"
0.1232986475,10.84852433375,3.18292457942956,0.0149337594317721,0.040875872480562,-4.57193811085584,"ADAM9_HUMAN",22,3.30965850727808,0.0115090157335451,0.0332753979632546,0.1232986475,"Non-significant",1.47787674179733,"ADAM9","ADAM9_HUMAN"
0.336241006999995,9.41276538375,3.22960443722823,0.0139832147348444,0.0388991805280541,-4.50198578403945,"REN3B_HUMAN",15,3.3095991927289,0.0115100022596729,0.0332753979632546,0.336241006999995,"Non-significant",1.47787674179733,"UPF3B","REN3B_HUMAN"
-0.0814688199999996,15.64463532,-3.14240926227467,0.0158146099525673,0.042809105623637,-4.6327971035345,"RGN_HUMAN",22,-3.30959500962325,0.0115100718369365,0.0332753979632546,-0.0814688199999996,"Non-significant",1.47787674179733,"RGN","RGN_HUMAN"
-2.16151130175,7.550802528875,-3.2171795759961,0.014229753885089,0.03939001494168,-4.52058710447281,"SVEP1_HUMAN",9,-3.30950468059488,0.0115115743814035,0.0332753979632546,-2.16151130175,"Up in D1BM",1.47787674179733,"SVEP1","SVEP1_HUMAN"
0.099497555000001,12.6797083625,3.46387487665166,0.010096860624526,0.0305767493268283,-4.15397843542467,"ELMD2_HUMAN",14,3.30917151520073,0.0115171180972413,0.0332800097503075,0.099497555000001,"Non-significant",1.47781655514261,"ELMOD2","ELMD2_HUMAN"
0.131999255,10.841802715,3.91516389239112,0.00551263438407809,0.0195469201686891,-3.5009714508292,"IF3M_HUMAN",9,3.30864279584271,0.0115259215576476,0.0332940345474338,0.131999255,"Non-significant",1.47763357415787,"MTIF3","IF3M_HUMAN"
-0.0715055475000028,13.08883690875,-3.29537940144536,0.012751846141338,0.0362758390568133,-4.40374180745934,"ARFP1_HUMAN",18,-3.30624404994909,0.0115659517769124,0.0333882819834674,-0.0715055475000028,"Non-significant",1.47640592728572,"ARFIP1","ARFP1_HUMAN"
0.171192172499998,11.14156842375,3.57647010387829,0.00865770263546044,0.0273317511289498,-3.98876300411527,"GSTM4_HUMAN",9,3.30607801576917,0.0115687280072068,0.0333882819834674,0.171192172499998,"Non-significant",1.47640592728572,"GSTM4","GSTM4_HUMAN"
0.375186682000002,9.28973281375,3.45106296573325,0.0102762625652427,0.0310016525277133,-4.17286673702601,"T176A_HUMAN",5,3.30580757058658,0.0115732515913017,0.0333882819834674,0.375186682000002,"Non-significant",1.47640592728572,"TMEM176A","T176A_HUMAN"
-0.1476283075,16.36297965125,-3.58059413089858,0.00860937437718756,0.0272301750939264,-3.98273901477883,"TCP4_HUMAN",10,-3.30573933887804,0.0115743931611925,0.0333882819834674,-0.1476283075,"Non-significant",1.47640592728572,"SUB1","TCP4_HUMAN"
0.101312397500001,12.80201399375,3.16343408567001,0.0153508047428778,0.0418102523436888,-4.6011989810743,"RBM4_HUMAN",22,3.30511012997181,0.0115849259535219,0.0334072325905699,0.101312397500001,"Non-significant",1.47615949923238,"RBM4","RBM4_HUMAN"
0.0953717249999997,12.0629766,3.10192387178434,0.0167501877048146,0.044623050620696,-4.6937371555997,"SNX27_HUMAN",26,3.30470375835465,0.0115917339147758,0.0334154326838732,0.0953717249999997,"Non-significant",1.47605291098793,"SNX27","SNX27_HUMAN"
0.171194553499998,9.7415599825,3.16337508879136,0.0153520857757405,0.0418102523436888,-4.60128759866866,"GNL3L_HUMAN",30,3.30433599620239,0.0115978987104788,0.0334217737540601,0.171194553499998,"Non-significant",1.47597050503632,"GNL3L","GNL3L_HUMAN"
0.184886452500001,14.85955119125,3.37311608748167,0.0114442056090489,0.0335290959606095,-4.28815503897294,"MAGT1_HUMAN",11,3.30376690852878,0.0116074451850383,0.0334378521752181,0.184886452500001,"Non-significant",1.47576162652035,"MAGT1","MAGT1_HUMAN"
-0.0798435224999992,12.80142688875,-4.09070954903502,0.00439207253138836,0.016638552524527,-3.2540205622147,"NDUF2_HUMAN",12,-3.30126252414296,0.0116495555770124,0.0335416462765278,-0.0798435224999992,"Non-significant",1.4744156253535,"NDUFAF2","NDUF2_HUMAN"
-0.0833938099999969,13.353654505,-3.19155072794538,0.0147530485458444,0.0404928186886755,-4.55899761525124,"DNJC8_HUMAN",20,-3.30115101282796,0.0116514343691628,0.0335416462765278,-0.0833938099999969,"Non-significant",1.4744156253535,"DNAJC8","DNJC8_HUMAN"
0.0553426749999986,11.6820731175,2.6454608920018,0.032436445164267,0.0736746958473744,-5.38664046624456,"CEIP2_HUMAN",58,3.30051690089933,0.0116621242838523,0.0335567857396722,0.0553426749999986,"Non-significant",1.47421964505362,"CEMIP2","CEIP2_HUMAN"
1.02560865875,7.811263501875,3.22167077129365,0.0141401070248932,0.039220973514694,-4.51386178056402,"NEK3_HUMAN",7,3.3003668356648,0.0116646556195562,0.0335567857396722,1.02560865875,"Up in D1CM",1.47421964505362,"NEK3","NEK3_HUMAN"
0.52896296975,7.278780162375,3.3173917419737,0.0123660654694972,0.0354656569725729,-4.37095231579327,"TPGS1_HUMAN",5,3.29816290533538,0.0117018992759571,0.0336524425100792,0.52896296975,"Up in D1CM",1.47298340899861,"TPGS1","TPGS1_HUMAN"
0.148493527500001,15.62740862375,3.16143034563328,0.0153943768256448,0.0418848296524727,-4.60420889856026,"RL4_HUMAN",25,3.29618350689154,0.011735456192853,0.0337374352829324,0.148493527500001,"Non-significant",1.47188793552301,"RPL4","RL4_HUMAN"
1.080906391,7.641808629,3.23786817079822,0.013821767631165,0.0385518462485405,-4.48962151578139,"ARMX5_HUMAN",4,3.29491360774062,0.0117570386629608,0.0337879573440492,1.080906391,"Up in D1CM",1.47123806276854,"ARMCX5","ARMX5_HUMAN"
0.0939650524999998,13.70522928125,3.01456720336845,0.0189748296732286,0.0488512032118644,-4.82561918533276,"AP2A2_HUMAN",37,3.29258475050346,0.0117967280822842,0.0338904638737468,0.0939650524999998,"Non-significant",1.46992248674156,"AP2A2","AP2A2_HUMAN"
0.251502394750001,7.860231935875,3.21532765274453,0.0142668956183828,0.039479863154087,-4.52336076267026,"YETS2_HUMAN",16,3.29138527337133,0.0118172255449675,0.0339377833453257,0.251502394750001,"Non-significant",1.46931652714302,"YEATS2","YETS2_HUMAN"
-1.961400747,7.65584313875,-3.20123765665099,0.0145528878332364,0.0400085751945042,-4.54447312415126,"CSTN1_HUMAN",7,-3.29085579141037,0.0118262857028352,0.0339522350780648,-1.961400747,"Up in D1BM",1.46913163080559,"CLSTN1","CSTN1_HUMAN"
-0.105759620000001,16.67146349,-3.78350296989586,0.00655679746792977,0.0220804018606392,-3.68887477635139,"EF1B_HUMAN",11,-3.28950082904452,0.0118495045306011,0.0340073114363079,-0.105759620000001,"Non-significant",1.46842770133778,"EEF1B2","EF1B_HUMAN"
0.0997121350000008,12.662056805,3.31199559373455,0.0124594672035042,0.0356365283536942,-4.37898614584345,"QKI_HUMAN",16,3.28808639193317,0.0118737941246162,0.0340610412351549,0.0997121350000008,"Non-significant",1.46774207992685,"QKI","QKI_HUMAN"
-0.0918998724999991,15.59082818125,-3.13766956170274,0.0159212114442407,0.0429990039293511,-4.63992511389286,"SIAS_HUMAN",22,-3.28794017827953,0.0118763080068953,0.0340610412351549,-0.0918998724999991,"Non-significant",1.46774207992685,"NANS","SIAS_HUMAN"
-0.148859500999997,9.48105239875,-3.13670728741993,0.0159429472653024,0.0430439149581147,-4.64137248278441,"C163A_HUMAN",29,-3.28767883767237,0.0118808026977753,0.0340623421563088,-0.148859500999997,"Non-significant",1.46772549287992,"CD163","C163A_HUMAN"
-0.0855839224999997,14.74213731125,-3.12823503587925,0.0161356849423025,0.0433919845412349,-4.65411873571828,"AIMP1_HUMAN",22,-3.28680750912086,0.0118958013651649,0.0340937469251871,-0.0855839224999997,"Non-significant",1.46732526689928,"AIMP1","AIMP1_HUMAN"
0.178778886749996,9.291658043625,3.13901849189004,0.0158907948618699,0.0429306121444556,-4.63789628993783,"NCOA7_HUMAN",36,3.28520229391199,0.0119234854446191,0.0341553403920105,0.178778886749996,"Non-significant",1.46654138213022,"NCOA7","NCOA7_HUMAN"
-0.154282569999996,18.01407528,-3.25955820566625,0.0134074012176323,0.037657775695909,-4.45719734010848,"PRDX3_HUMAN",15,-3.28509163268722,0.0119253964614648,0.0341553403920105,-0.154282569999996,"Non-significant",1.46654138213022,"PRDX3","PRDX3_HUMAN"
-0.123624562500002,11.81969344625,-4.4492510511015,0.00280113256131624,0.0119790696901748,-2.76290918210535,"GNAI1_HUMAN",8,-3.28401581412518,0.0119439917916916,0.0341969792160898,-0.123624562500002,"Non-significant",1.46601225557326,"GNAI1","GNAI1_HUMAN"
0.855097174749998,7.728292286625,3.19426428955776,0.0146966842887645,0.0403644026946876,-4.55492814007058,"PKHA4_HUMAN",12,3.28246726623158,0.0119708121762278,0.0342621310130473,0.855097174749998,"Up in D1CM",1.46518562857351,"PLEKHA4","PKHA4_HUMAN"
-0.109265802500005,16.93793225125,-3.22213108202476,0.0141309530370555,0.039220973514694,-4.51317258773441,"TMEDA_HUMAN",18,-3.28149787476807,0.0119876342479948,0.0342956545715431,-0.109265802500005,"Non-significant",1.46476090372265,"TMED10","TMEDA_HUMAN"
0.0904955874999995,14.78443288875,2.99676093291506,0.0194655143241597,0.0498102065083006,-4.85256049643427,"GALT2_HUMAN",36,3.28128231805764,0.0119913782590448,0.0342956545715431,0.0904955874999995,"Non-significant",1.46476090372265,"GALNT2","GALT2_HUMAN"
-0.0904326424999979,17.47747826625,-3.0117925127576,0.0190504231200896,0.0489604273514313,-4.8298161259528,"ROA2_HUMAN",33,-3.2810893346119,0.011994731246519,0.0342956545715431,-0.0904326424999979,"Non-significant",1.46476090372265,"HNRNPA2B1","ROA2_HUMAN"
0.0830795775000013,12.14055550125,3.71476582763674,0.00718564417498341,0.023705594814456,-3.78785752230044,"TX264_HUMAN",13,3.28059467534838,0.0120033302366476,0.0343086031077323,0.0830795775000013,"Non-significant",1.46459696410512,"TEX264","TX264_HUMAN"
0.440349102000001,7.64094746125,3.23126472407435,0.0139506172467375,0.0388213115789866,-4.49950117097865,"GLCI1_HUMAN",9,3.2778641430422,0.0120509146836354,0.0344322773140119,0.440349102000001,"Non-significant",1.46303425257265,"GLCCI1","GLCI1_HUMAN"
0.376206994,7.56730967775,3.22067888196847,0.0141598537711145,0.039260989288396,-4.51534693277234,"RNC_HUMAN",11,3.27764345540215,0.0120547692909775,0.0344322773140119,0.376206994,"Non-significant",1.46303425257265,"DROSHA","RNC_HUMAN"
0.328799962750001,7.826346039625,3.21794040942902,0.014214524677594,0.0393614053121737,-4.51944767569263,"TYW4_HUMAN",12,3.27505883169213,0.0121000106756659,0.0345497933554161,0.328799962750001,"Non-significant",1.46155454582584,"LCMT2","TYW4_HUMAN"
0.268575424999998,13.1827105275,3.68968619119024,0.0074311011775105,0.0243817640425208,-3.82411940689862,"SMD1_HUMAN",5,3.2747683576001,0.0121051063911691,0.0345526385950439,0.268575424999998,"Non-significant",1.46151878234152,"SNRPD1","SMD1_HUMAN"
0.201425075499998,9.46720027925,3.20836196142542,0.0144075259262819,0.0397125690100164,-4.53379601433566,"MMP15_HUMAN",16,3.27433765453888,0.0121126662976051,0.0345625132777634,0.201425075499998,"Non-significant",1.46139468450976,"MMP15","MMP15_HUMAN"
-0.120967387500002,10.37555551625,-3.59313994382319,0.00846413419578534,0.0268716335729848,-3.9644254622623,"BCL10_HUMAN",11,-3.27304349660977,0.0121354121115741,0.0346156983717285,-0.120967387500002,"Non-significant",1.46072690207281,"BCL10","BCL10_HUMAN"
0.142247915000002,11.4819182175,4.42911265664255,0.00287133922287352,0.0122050016689868,-2.79001167303068,"DCNL5_HUMAN",7,3.27190414773973,0.01215547452375,0.0346611957918434,0.142247915000002,"Non-significant",1.46015645844724,"DCUN1D5","DCNL5_HUMAN"
0.115678074999998,11.1517993225,3.20600354058848,0.0144554742731285,0.0397926821189418,-4.53733007837139,"IGSF8_HUMAN",18,3.26909381868746,0.0122051111533348,0.0347909644610954,0.115678074999998,"Non-significant",1.45853353174893,"IGSF8","IGSF8_HUMAN"
0.172866582499999,9.268635392,3.11644672224259,0.0164079897721502,0.0438639219122913,-4.671862863839,"KDM5C_HUMAN",39,3.26867977845731,0.0122124421614653,0.0348000929611192,0.172866582499999,"Non-significant",1.45841959592563,"KDM5C","KDM5C_HUMAN"
0.46959328675,6.974972128875,3.21353058876011,0.0143030359234055,0.0395150081279531,-4.5260525367237,"AGGF1_HUMAN",9,3.26599643350261,0.012260066840348,0.0349239957408899,0.46959328675,"Non-significant",1.45687607341595,"AGGF1","AGGF1_HUMAN"
0.1083621975,10.37825179125,3.02040852346297,0.0188167241923121,0.0485854741624765,-4.81678523873005,"RPTOR_HUMAN",41,3.26169338694123,0.0123368498015244,0.0351308469517059,0.1083621975,"Non-significant",1.45431137989717,"RPTOR","RPTOR_HUMAN"
0.257477042500001,10.96750080625,3.43045079662759,0.0105721162808439,0.0316157076949428,-4.20329163638381,"NU4M_HUMAN",7,3.26112810188557,0.0123469744812673,0.035147804087336,0.257477042500001,"Non-significant",1.45410180300669,"MT-ND4","NU4M_HUMAN"
0.840916872000003,7.9468907115,3.30943844707899,0.0125039920530514,0.035703302511914,-4.38279421550063,"S35F5_HUMAN",2,3.26087218554556,0.0123515610304638,0.0351489898466507,0.840916872000003,"Up in D1CM",1.45408715173461,"SLC35F5","S35F5_HUMAN"
-0.117560622499997,10.35315906875,-3.28454747406077,0.0129463889272961,0.0366807100061105,-4.41989370759764,"HEPS_HUMAN",15,-3.26022343207248,0.012363196124446,0.0351702261670453,-0.117560622499997,"Non-significant",1.45382483888283,"HPN","HEPS_HUMAN"
0.0477740774999944,13.32515895375,2.4846555244998,0.0411269570876776,0.0884265434041939,-5.63135910323247,"RENT1_HUMAN",61,3.25959506923004,0.0123744765956346,0.0351773839441743,0.0477740774999944,"Non-significant",1.45373646109386,"UPF1","RENT1_HUMAN"
-0.122195722499999,16.46298623125,-3.56434461013825,0.00880150021264635,0.0276510791250079,-4.00648620155027,"TBCA_HUMAN",11,-3.25943523390623,0.0123773477249438,0.0351773839441743,-0.122195722499999,"Non-significant",1.45373646109386,"TBCA","TBCA_HUMAN"
0.173605677500001,10.32899677625,5.05730456648416,0.00136396082111991,0.00705759715237551,-1.97189780044277,"S29A1_HUMAN",5,3.25907957712983,0.0123837389374383,0.0351773839441743,0.173605677500001,"Non-significant",1.45373646109386,"SLC29A1","S29A1_HUMAN"
0.403380157499997,10.60813057375,3.36107995974846,0.0116368997086124,0.0339637907354204,-4.30601279901277,"PTTG_HUMAN",5,3.25901242041714,0.0123849461474189,0.0351773839441743,0.403380157499997,"Non-significant",1.45373646109386,"PTTG1IP","PTTG_HUMAN"
0.372036220000002,9.78656375475,3.28365786224208,0.0129625068346486,0.0367017030934677,-4.421220725626,"S5A2_HUMAN",7,3.25892158875268,0.0123865791370636,0.0351773839441743,0.372036220000002,"Non-significant",1.45373646109386,"SRD5A2","S5A2_HUMAN"
0.120228528000002,9.9853023285,3.09773129254341,0.0168503795830571,0.044819355381317,-4.70005484716494,"PACE1_HUMAN",26,3.25728891243442,0.0124159706577321,0.0352489783341272,0.120228528000002,"Non-significant",1.45285346619829,"SCYL3","PACE1_HUMAN"
0.0988216400000024,10.3368840225,3.13323987765131,0.0160215309529668,0.0431869153829733,-4.6465884418525,"LAR1B_HUMAN",21,3.25671745185035,0.0124262755724983,0.035264192481872,0.0988216400000024,"Non-significant",1.45266605665654,"LARP1B","LAR1B_HUMAN"
-0.13941384,15.4478373525,-3.1250174241457,0.016209530691925,0.0435405144047915,-4.65896095509745,"EIF3J_HUMAN",24,-3.25637745683476,0.0124324108630739,0.035264192481872,-0.13941384,"Non-significant",1.45266605665654,"EIF3J","EIF3J_HUMAN"
-0.11039853075,8.924041151875,-3.29668064406619,0.012728686754408,0.0362466556259814,-4.40180221100267,"WDR41_HUMAN",15,-3.25606291506754,0.0124380897021297,0.035264192481872,-0.11039853075,"Non-significant",1.45266605665654,"WDR41","WDR41_HUMAN"
0.0917236800000012,16.0694416775,3.12757142063436,0.0161508859245074,0.0434106560770641,-4.65511735407192,"SFXN1_HUMAN",21,3.25584833373728,0.0124419654001306,0.035264192481872,0.0917236800000012,"Non-significant",1.45266605665654,"SFXN1","SFXN1_HUMAN"
-0.133319134999999,10.351450325,-3.80625586485121,0.00636199117658291,0.0216643338763023,-3.65624195818158,"CAH12_HUMAN",9,-3.25583268980229,0.0124422480058236,0.035264192481872,-0.133319134999999,"Non-significant",1.45266605665654,"CA12","CAH12_HUMAN"
0.660963654250001,7.923123180875,3.18085800993361,0.0149774014454407,0.0409751758466796,-4.57503917473482,"LRC58_HUMAN",9,3.25348960498594,0.0124846524281989,0.0353724824595929,0.660963654250001,"Up in D1CM",1.45133446009844,"LRRC58","LRC58_HUMAN"
1.160858154,7.4973415135,3.23168361102654,0.013942405779008,0.0388112742111156,-4.49887434608003,"KLF16_HUMAN",2,3.2529715487808,0.0124940487026459,0.0353872098503368,1.160858154,"Up in D1CM",1.45115367851456,"KLF16","KLF16_HUMAN"
0.165574788749998,9.711841702625,3.11890227905541,0.0163508676251684,0.0437984073387921,-4.66816583397356,"PLCD1_HUMAN",27,3.25051851463535,0.0125386425938822,0.035501584959299,0.165574788749998,"Non-significant",1.44975225754457,"PLCD1","PLCD1_HUMAN"
0.120871307500002,12.19474422875,3.02241984909919,0.0187626071797772,0.0485122748215774,-4.81374394981161,"AP3D1_HUMAN",52,3.25017085400235,0.0125449763724556,0.0355075909480955,0.120871307500002,"Non-significant",1.44967879188987,"AP3D1","AP3D1_HUMAN"
0.340106249000002,9.22129738325,3.43913936608743,0.0104463055332753,0.0313519187567469,-4.19046123490305,"MP17L_HUMAN",5,3.24931795672152,0.0125605290547238,0.0355396775435605,0.340106249000002,"Non-significant",1.44928651692711,"MPV17L","MP17L_HUMAN"
0.203600642499998,11.02768218625,3.28275483642869,0.0129788897092077,0.0367110944157423,-4.42256782785514,"CK068_HUMAN",11,3.24908273829607,0.012564821882823,0.0355398938423875,0.203600642499998,"Non-significant",1.44928387376578,"C11orf68","CK068_HUMAN"
0.170578718,8.8973857165,3.17992288298936,0.0149971941525128,0.041016012171165,-4.57644252681473,"UBP3_HUMAN",17,3.24817922957401,0.0125813257259042,0.0355746375523807,0.170578718,"Non-significant",1.44885951597461,"USP3","UBP3_HUMAN"
0.185846806000001,9.72224831575,3.55047876696683,0.0089690994703168,0.0280156892072869,-4.02677394861316,"TDRP_HUMAN",8,3.24777625523696,0.0125886940159718,0.0355835351645292,0.185846806000001,"Non-significant",1.44875090768042,"TDRP","TDRP_HUMAN"
-0.0598526025000012,12.92549276375,-2.71848818509089,0.0291408955260802,0.0681166412616002,-5.27539366895035,"LMNB2_HUMAN",45,-3.24715787588693,0.0126000098261179,0.0356035812351148,-0.0598526025000012,"Non-significant",1.44850631572306,"LMNB2","LMNB2_HUMAN"
0.0978562824999969,13.68619596875,3.83906325578876,0.0060920702779518,0.0209763318516567,-3.60930577989884,"SARNP_HUMAN",11,3.24494088483264,0.0126406674926523,0.0356939910083201,0.0978562824999969,"Non-significant",1.44740489009458,"SARNP","SARNP_HUMAN"
0.158607959999998,11.2237200725,3.56270964200138,0.00882108567287391,0.0276713550936562,-4.00887724835388,"MSRB2_HUMAN",9,3.24474350516022,0.0126442939927877,0.0356939910083201,0.158607959999998,"Non-significant",1.44740489009458,"MSRB2","MSRB2_HUMAN"
0.175907375,10.98459399,3.60177494815134,0.00836570560133428,0.0266517777857274,-3.95183135700745,"TXD15_HUMAN",8,3.24437969810067,0.0126509811876546,0.0356939910083201,0.175907375,"Non-significant",1.44740489009458,"TXNDC15","TXD15_HUMAN"
0.40954959375,7.317724287375,3.16439556174084,0.0153299436873291,0.0417883618871106,-4.59975481317927,"FES_HUMAN",14,3.24435708496694,0.0126513969668606,0.0356939910083201,0.40954959375,"Non-significant",1.44740489009458,"FES","FES_HUMAN"
0.0667023674999996,17.31766009375,2.79120904887954,0.0262044814499619,0.0627671424102668,-5.16466211038057,"GLYM_HUMAN",44,3.24407823915538,0.0126565251899432,0.0356939910083201,0.0667023674999996,"Non-significant",1.44740489009458,"SHMT2","GLYM_HUMAN"
0.097061870000001,14.703614115,2.93144071129163,0.0213834168273995,0.0535751229045791,-4.95154127439532,"CAND1_HUMAN",70,3.24382724483438,0.012661143082078,0.0356939910083201,0.097061870000001,"Non-significant",1.44740489009458,"CAND1","CAND1_HUMAN"
-0.0540857349999992,13.084625005,-2.95819966351126,0.0205746715600597,0.0520636165054767,-4.91096600338435,"S14L4_HUMAN",23,-3.24379979344073,0.012661648251854,0.0356939910083201,-0.0540857349999992,"Non-significant",1.44740489009458,"SEC14L4","S14L4_HUMAN"
0.370812415749997,9.342307090625,3.49228147330173,0.00971098661646264,0.0297002562373598,-4.11216282443966,"RHBD2_HUMAN",4,3.24291786052168,0.0126778892430445,0.0357278262887403,0.370812415749997,"Non-significant",1.44699340583849,"RHBDD2","RHBD2_HUMAN"
0.110108615,12.9770118,3.33549665062172,0.0120581227997797,0.0347836814097684,-4.34401801751712,"ARMC1_HUMAN",14,3.24154438246623,0.0127032260977574,0.0357872636290096,0.110108615,"Non-significant",1.44627150742877,"ARMC1","ARMC1_HUMAN"
-0.045884127499999,16.55766773125,-2.36857147803059,0.048862501249585,0.100921838527996,-5.80735213719206,"MYH10_HUMAN",148,-3.24111383596819,0.0127111795201993,0.0357977053711191,-0.045884127499999,"Non-significant",1.44614481069131,"MYH10","MYH10_HUMAN"
0.24600934975,8.600177287875,3.29946103146635,0.0126793522600632,0.0361305815416066,-4.39765837386732,"MED6_HUMAN",9,3.2398239938505,0.0127350381645048,0.0358529180656683,0.24600934975,"Non-significant",1.44547549137014,"MED6","MED6_HUMAN"
0.21083593,10.6166224475,3.43901048798758,0.0104481598988851,0.0313519187567469,-4.19065149057252,"RM10_HUMAN",8,3.23945725713662,0.0127418304725591,0.0358600631229384,0.21083593,"Non-significant",1.44538895030313,"MRPL10","RM10_HUMAN"
0.22793889025,8.702167153375,3.16600664377475,0.0152950557823875,0.0417223382491082,-4.59733508107107,"K0930_HUMAN",16,3.23769167086896,0.0127745845214485,0.0359402446366119,0.22793889025,"Non-significant",1.44441897107877,"KIAA0930","K0930_HUMAN"
0.083494424999996,13.790249945,2.94906024675685,0.0208472072073443,0.0526111106439236,-4.92482031208263,"CLPX_HUMAN",33,3.23710092584497,0.0127855635489597,0.0359591308489094,0.083494424999996,"Non-significant",1.44419081393782,"CLPX","CLPX_HUMAN"
0.154523849749999,8.604526996625,3.0877842976272,0.0170906402033679,0.0453437224659075,-4.7150487200074,"SAMD9_HUMAN",31,3.2364432731649,0.0127977978126669,0.035981533610063,0.154523849749999,"Non-significant",1.44392033003456,"SAMD9","SAMD9_HUMAN"
-0.092410564999998,12.3446617125,-3.08874877656342,0.0170671857563448,0.0453068205360208,-4.71359458108683,"CSN3_HUMAN",22,-3.23422711820601,0.0128391161232244,0.0360856651559381,-0.092410564999998,"Non-significant",1.44266528507617,"COPS3","CSN3_HUMAN"
0.296505927749999,9.182165145875,3.18395937536884,0.0149119574041676,0.0408491676827198,-4.57038544217563,"RBL2B_HUMAN",12,3.23311379079991,0.0128599264365713,0.03613210664462,0.296505927749999,"Non-significant",1.44210671660906,"RABL2B","RBL2B_HUMAN"
-0.0832798475000018,14.75311839625,-3.02121578546323,0.0187949840764808,0.0485661927592448,-4.81556456287511,"ACTZ_HUMAN",25,-3.23099410735931,0.0128996463365332,0.0362309113974973,-0.0832798475000018,"Non-significant",1.44092074104342,"ACTR1A","ACTZ_HUMAN"
0.174451112749999,9.621908307125,4.1491671977393,0.00407615930228694,0.0157975289048882,-3.17271874984074,"CAH14_HUMAN",6,3.23077874593126,0.012903689170161,0.0362309113974973,0.174451112749999,"Non-significant",1.44092074104342,"CA14","CAH14_HUMAN"
0.20808458,10.8982207775,3.43304890242543,0.0105343259477313,0.0315207076369995,-4.19945417858172,"CA226_HUMAN",8,3.22779795257418,0.0129597835436459,0.036376295534263,0.20808458,"Non-significant",1.4391815304222,"C1orf226","CA226_HUMAN"
0.0673666025000017,17.61953163125,2.87040140639315,0.0233561100342452,0.0574295949470982,-5.04421927413194,"THIK_HUMAN",31,3.22719050370674,0.0129712465128231,0.0363852308473901,0.0673666025000017,"Non-significant",1.43907486533701,"ACAA1","THIK_HUMAN"
0.337275505499999,9.99954962725,8.04387682238612,7.70842446293175e-05,0.00103627288354149,1.22288570184281,"SIM15_HUMAN",1,3.22717176621771,0.0129716002724412,0.0363852308473901,0.337275505499999,"Non-significant",1.43907486533701,"SMIM15","SIM15_HUMAN"
-0.0684394850000025,13.252253295,-2.80990667089427,0.0255006538169386,0.0615535541302909,-5.13620846360058,"SRP72_HUMAN",40,-3.22357213734942,0.013039750248767,0.0365642231692803,-0.0684394850000025,"Non-significant",1.43694364901066,"SRP72","SRP72_HUMAN"
-0.0554497250000043,15.2876063575,-2.68879688156397,0.0304366604679387,0.070210895206419,-5.32062281217865,"ACPH_HUMAN",38,-3.22033769219399,0.0131013096418029,0.0367157255259092,-0.0554497250000043,"Non-significant",1.43514788543831,"APEH","ACPH_HUMAN"
0.119788404999998,12.984979985,3.20366420800984,0.0145032025724984,0.039898007337986,-4.54083600173822,"RMND1_HUMAN",16,3.22027574311907,0.0131024916813305,0.0367157255259092,0.119788404999998,"Non-significant",1.43514788543831,"RMND1","RMND1_HUMAN"
0.150079007500002,12.00311124375,3.45276137720999,0.0102522844240851,0.0309625601614521,-4.17036179324854,"RB33B_HUMAN",10,3.21942456352265,0.0131187443242604,0.036737573152375,0.150079007500002,"Non-significant",1.43488953614516,"RAB33B","RB33B_HUMAN"
0.143438338999998,9.322268486,3.07747237187468,0.0173435559092812,0.0458128589029556,-4.73059999495168,"ANR52_HUMAN",27,3.21941090787888,0.0131190052424545,0.036737573152375,0.143438338999998,"Non-significant",1.43488953614516,"ANKRD52","ANR52_HUMAN"
-0.11553430750001,16.15600276125,-3.74335362878431,0.00691650744288381,0.0230431783541769,-3.74661847249473,"TEBP_HUMAN",10,-3.21801026952388,0.0131457964081707,0.0368003712801299,-0.11553430750001,"Non-significant",1.43414779969338,"PTGES3","TEBP_HUMAN"
0.0682568550000013,17.8386995775,2.80930665999407,0.0255229296728347,0.0615720590189821,-5.13712140788902,"MMSA_HUMAN",39,3.21743940287794,0.0131567324465486,0.0368187575670512,0.0682568550000013,"Non-significant",1.43393087066301,"ALDH6A1","MMSA_HUMAN"
0.0878853799999995,14.78249526,2.98640200814371,0.0197571280264504,0.0504033995565829,-4.86824223813484,"G3BP2_HUMAN",28,3.21623090613782,0.0131799152761338,0.0368713925863032,0.0878853799999995,"Non-significant",1.43331045932565,"G3BP2","G3BP2_HUMAN"
0.97716808325,8.042661428375,3.22300639581002,0.0141135635027682,0.0391971093129598,-4.51186208854508,"CNIH1_HUMAN",2,3.21599791089737,0.0131843898371279,0.0368716728391345,0.97716808325,"Up in D1CM",1.43330715834386,"CNIH1","CNIH1_HUMAN"
-0.0412349699999996,15.528458595,-2.32091324133275,0.0524541048175217,0.106692965614597,-5.87932974487635,"COPG1_HUMAN",60,-3.21489552439332,0.0132055824403059,0.0369186913397475,-0.0412349699999996,"Non-significant",1.43275370184979,"COPG1","COPG1_HUMAN"
0.62782764425,7.001005649625,3.19593579907798,0.0146620790297865,0.0402863176649661,-4.55242171374478,"GLUT4_HUMAN",5,3.21440309851414,0.0132150606231966,0.0369294562302159,0.62782764425,"Up in D1CM",1.43262708709463,"SLC2A4","GLUT4_HUMAN"
0.246737957250003,9.397042035875,3.18415990822858,0.0149077363160822,0.0408491676827198,-4.57008456100233,"TM201_HUMAN",12,3.21424031515984,0.0132181954498234,0.0369294562302159,0.246737957250003,"Non-significant",1.43262708709463,"TMEM201","TM201_HUMAN"
0.1130092145,9.57115995875,2.99717936633252,0.0194538310036404,0.049795427127144,-4.85192718429649,"SBNO1_HUMAN",38,3.21325007222465,0.0132372821699738,0.0369705273063981,0.1130092145,"Non-significant",1.43214435509025,"SBNO1","SBNO1_HUMAN"
0.242531419,7.842493236,3.32756231152097,0.0121920539333885,0.0350859756246266,-4.35581787357676,"ITBP1_HUMAN",8,3.21173931537798,0.0132664578798625,0.0370397394731238,0.242531419,"Non-significant",1.43133207668186,"ITGB1BP1","ITBP1_HUMAN"
0.157854794999999,10.2583903075,3.40599874167452,0.0109349953906499,0.0324769527353421,-4.23944256372497,"ABHD3_HUMAN",10,3.21069395518991,0.0132866856736012,0.0370839316366837,0.157854794999999,"Non-significant",1.43081422820609,"ABHD3","ABHD3_HUMAN"
0.40517425525,8.680008411625,3.38745924546098,0.0112190324918381,0.0330919318294346,-4.26689345870985,"TRAM2_HUMAN",4,3.20952892902132,0.0133092674602851,0.0371346625033906,0.40517425525,"Non-significant",1.43022051879514,"TRAM2","TRAM2_HUMAN"
0.0941145424999981,13.84589040125,3.47758523419128,0.00990860046075777,0.0301514777197571,-4.13378525064121,"MTX1_HUMAN",13,3.20829818370775,0.0133331671893209,0.0371783327103627,0.0941145424999981,"Non-significant",1.42971009038244,"MTX1","MTX1_HUMAN"
0.0916705132499995,9.643746137625,2.88750557428498,0.0227847359555394,0.0562708875971994,-5.01823369544472,"FRYL_HUMAN",62,3.20817991329439,0.0133354662611283,0.0371783327103627,0.0916705132499995,"Non-significant",1.42971009038244,"FRYL","FRYL_HUMAN"
0.123610972500002,11.04689908125,3.05009880141196,0.0180343743317144,0.0472099606769355,-4.77191674362887,"TTC27_HUMAN",27,3.20785086455418,0.0133418648829129,0.0371783327103627,0.123610972500002,"Non-significant",1.42971009038244,"TTC27","TTC27_HUMAN"
0.197190287499998,10.38631343875,3.07085067160222,0.0175080534934467,0.0462039395417228,-4.74058995107444,"DAB2P_HUMAN",42,3.20777561595771,0.013343328609581,0.0371783327103627,0.197190287499998,"Non-significant",1.42971009038244,"DAB2IP","DAB2P_HUMAN"
0.110690593499999,9.556274414,3.07965183694596,0.0172897722985354,0.0457424641256606,-4.72731255975782,"AN13A_HUMAN",22,3.20758830360844,0.0133469729246124,0.0371783327103627,0.110690593499999,"Non-significant",1.42971009038244,"ANKRD13A","AN13A_HUMAN"
-0.0645868775000018,15.92421829625,-2.90981090680191,0.0220616068303217,0.0548870377723676,-4.98436413302304,"PUR6_HUMAN",26,-3.20679837619652,0.0133623531941583,0.0371990091793274,-0.0645868775000018,"Non-significant",1.42946862769018,"PAICS","PUR6_HUMAN"
0.27265524875,8.367888808375,3.27524514277448,0.0131159922200663,0.0370248459029281,-4.43377343425667,"BN3D2_HUMAN",8,3.20675377373037,0.0133632221847198,0.0371990091793274,0.27265524875,"Non-significant",1.42946862769018,"BCDIN3D","BN3D2_HUMAN"
0.1355726675,10.16919529375,3.27326966212326,0.0131523145450537,0.0370896150218325,-4.43672201167828,"ZNHI2_HUMAN",13,3.2058628708678,0.0133805921859406,0.0372350648845472,0.1355726675,"Non-significant",1.42904788503328,"ZNHIT2","ZNHI2_HUMAN"
0.172029019250001,10.102419852875,3.05987280039551,0.01778442215093,0.0467295312569503,-4.75715846106295,"RBGP1_HUMAN",36,3.20379134013177,0.0134210733605275,0.0373353885662991,0.172029019250001,"Non-significant",1.42787932441283,"RABGAP1","RBGP1_HUMAN"
0.0650339125000023,12.21493911625,2.8609229228422,0.0236792084951532,0.0579884055068712,-5.05862428830407,"OCTC_HUMAN",29,3.20355386721633,0.0134257222467583,0.0373359989501568,0.0650339125000023,"Non-significant",1.42787222433474,"CROT","OCTC_HUMAN"
0.290033817249999,8.414863347875,3.13459055291637,0.0159908710695813,0.0431180589396996,-4.64455653796593,"ZNF24_HUMAN",14,3.20178112249084,0.0134604802195926,0.037420312589362,0.290033817249999,"Non-significant",1.42689258895605,"ZNF24","ZNF24_HUMAN"
-0.176116702500002,10.96541798125,-3.27370664739625,0.013144270636134,0.0370793364096296,-4.43606974225352,"TSK_HUMAN",11,-3.20064472877317,0.0134828113840843,0.0374700353301836,-0.176116702500002,"Non-significant",1.42631589741337,"TSKU","TSK_HUMAN"
0.1176905625,13.04851388875,3.11663044541511,0.0164037086032911,0.0438639219122913,-4.67158623905522,"LIMS1_HUMAN",19,3.19912576102055,0.0135127216719872,0.0375407814677589,0.1176905625,"Non-significant",1.42549669112855,"LIMS1","LIMS1_HUMAN"
0.0986983749999997,12.21317184,3.0148383573235,0.0189674594096139,0.0488512032118644,-4.82520906813094,"MIRO1_HUMAN",26,3.19850773828296,0.013524911350727,0.0375622661533041,0.0986983749999997,"Non-significant",1.42524821437753,"RHOT1","MIRO1_HUMAN"
0.0843436725000011,11.04599463875,3.02643895448285,0.0186549611959175,0.048367477059486,-4.80766747631512,"RIOX1_HUMAN",23,3.19805195429654,0.0135339085342674,0.037574873200046,0.0843436725000011,"Non-significant",1.42510247630628,"RIOX1","RIOX1_HUMAN"
-0.3515694135,10.11099421825,-3.34980938161996,0.0118204919117878,0.0343331930821708,-4.32274782530967,"CC167_HUMAN",5,-3.19323814601116,0.0136293204765863,0.0378273106016286,-0.3515694135,"Non-significant",1.42219453453045,"CCDC167","CC167_HUMAN"
0.289041757500001,15.50391590625,5.46943563757936,0.000862493182134838,0.00504877853671772,-1.46546541124724,"SPCS1_HUMAN",2,3.1919805234301,0.0136543641263638,0.0378843433907573,0.289041757500001,"Non-significant",1.4215402355161,"SPCS1","SPCS1_HUMAN"
0.172392132500004,10.71208512875,3.03899856726666,0.018322761708637,0.0477388872682852,-4.78868510584378,"PKN2_HUMAN",46,3.1913721158957,0.0136664970961899,0.0379055294583035,0.172392132500004,"Non-significant",1.42129743282697,"PKN2","PKN2_HUMAN"
-0.174784183750003,9.139183998125,-4.05557108277484,0.00459476352119948,0.0171593991733881,-3.30311706460092,"IFT20_HUMAN",6,-3.19099645260505,0.0136739943298705,0.0379138480942363,-0.174784183750003,"Non-significant",1.42120213429476,"IFT20","IFT20_HUMAN"
0.0587515825000011,12.97955822875,2.62011957193323,0.0336685990680066,0.075678032411794,-5.42524092699556,"LARP1_HUMAN",63,3.1904968443947,0.0136839719088285,0.037929036244497,0.0587515825000011,"Non-significant",1.42102819233582,"LARP1","LARP1_HUMAN"
0.7509200575,6.820866108,3.10984629244181,0.0165625845730365,0.0442071011292352,-4.68180251616537,"RLF_HUMAN",10,3.18975813380666,0.013698738658986,0.0379558257068316,0.7509200575,"Up in D1CM",1.42072155631253,"RLF","RLF_HUMAN"
-0.0623006800000034,14.69146037,-2.81713019588987,0.0252340676951909,0.0609974065393646,-5.12521830836465,"TTC38_HUMAN",30,-3.18946570913237,0.0137045888515154,0.0379558257068316,-0.0623006800000034,"Non-significant",1.42072155631253,"TTC38","TTC38_HUMAN"
0.81105017675,7.424999594625,3.12067364325691,0.0163097925984569,0.0437262219505066,-4.66549918566207,"OSGI1_HUMAN",7,3.18933793136166,0.0137071459783599,0.0379558257068316,0.81105017675,"Up in D1CM",1.42072155631253,"OSGIN1","OSGI1_HUMAN"
0.107275010000002,12.9172339425,3.07360925962202,0.0174393239822528,0.0460513978215567,-4.73642779038562,"COQ5_HUMAN",21,3.18898399078425,0.0137142317763302,0.0379629752521139,0.107275010000002,"Non-significant",1.42063975817994,"COQ5","COQ5_HUMAN"
-0.12080336,14.2044568075,-3.37343257578893,0.0114391851178677,0.0335279094633686,-4.28768566793692,"EIF3K_HUMAN",12,-3.18817570532505,0.0137304279606699,0.0379953306895886,-0.12080336,"Non-significant",1.42026977128698,"EIF3K","EIF3K_HUMAN"
0.140868663999999,9.2374048235,3.06116909367783,0.0177515484969319,0.0466959839786521,-4.75520159200022,"GCR_HUMAN",24,3.18746337225907,0.01374471823882,0.0380223925287212,0.140868663999999,"Non-significant",1.4199605589769,"NR3C1","GCR_HUMAN"
0.313808679249998,8.697802186125,3.08498743276292,0.0171588486225682,0.0454872992909895,-4.71926590381462,"CUL9_HUMAN",27,3.18612352997193,0.013771639731428,0.038072426909591,0.313808679249998,"Non-significant",1.41938943839841,"CUL9","CUL9_HUMAN"
0.142935274999999,16.8928883075,3.35179559792696,0.0117879135279323,0.0342621803886003,-4.31979769461067,"RS14_HUMAN",11,3.18611363056918,0.0137718388477095,0.038072426909591,0.142935274999999,"Non-significant",1.41938943839841,"RPS14","RS14_HUMAN"
0.248241424499994,9.05406165125,3.23611928234908,0.0138557687124026,0.038621122512183,-4.4922377199844,"ERCC1_HUMAN",9,3.18555468893763,0.0137830863196737,0.0380910277339442,0.248241424499994,"Non-significant",1.41917730948241,"ERCC1","ERCC1_HUMAN"
-0.0747621074999998,14.40177166375,-3.38291606709652,0.0112898374004259,0.0332037820824111,-4.27362578053811,"TPD54_HUMAN",15,-3.1817622488112,0.0138596576904989,0.0382900867496608,-0.0747621074999998,"Non-significant",1.4169136497177,"TPD52L2","TPD54_HUMAN"
0.191030742499999,10.71870148125,3.27164705396251,0.0131822291319892,0.0371452397057574,-4.43914416279709,"PSN1_HUMAN",10,3.18040827331283,0.0138871039537327,0.0383510585414655,0.191030742499999,"Non-significant",1.41622264443018,"PSEN1","PSN1_HUMAN"
0.292742969999999,11.143238425,3.65956244396148,0.00773797983952208,0.0251439599334355,-3.8677763788342,"G6PC1_HUMAN",4,3.18022482077967,0.0138908271120055,0.0383510585414655,0.292742969999999,"Non-significant",1.41622264443018,"G6PC1","G6PC1_HUMAN"
-0.0877609252500022,9.446084737625,-3.95191324375521,0.00525451987780175,0.0188469566170174,-3.44893013560247,"GINM1_HUMAN",11,-3.1799720008446,0.0138959598059986,0.0383526670611532,-0.0877609252500022,"Non-significant",1.41620442963764,"GINM1","GINM1_HUMAN"
-0.127341507499999,11.27962029125,-4.71807137846717,0.00202444850183523,0.00940835951884831,-2.4066843146553,"PDZ11_HUMAN",7,-3.17942840796893,0.0139070024950495,0.0383705806974705,-0.127341507499999,"Non-significant",1.41600162817206,"PDZD11","PDZ11_HUMAN"
0.0910544374999986,10.68113589125,3.13295468715603,0.0160280126678566,0.0431905750567019,-4.64701748914002,"TSYL1_HUMAN",18,3.17860207293065,0.0139238066465877,0.0384043737644266,0.0910544374999986,"Non-significant",1.41561931225781,"TSPYL1","TSYL1_HUMAN"
0.164155007499993,18.94994688125,3.14172912664356,0.0158298602679572,0.0428346363398432,-4.63381985005113,"CH10_HUMAN",15,3.17813923611058,0.0139332281574908,0.0384177887273439,0.164155007499993,"Non-significant",1.4154676361206,"HSPE1","CH10_HUMAN"
0.177039382500002,13.04814994375,3.4985304659958,0.00962824757813429,0.0295485217835781,-4.10297595180409,"MCP_HUMAN",8,3.17697763832181,0.0139569033306597,0.0384704833793756,0.177039382500002,"Non-significant",1.41487235677411,"CD46","MCP_HUMAN"
-0.0847377775000009,14.33211922625,-2.97640922733869,0.0200428098310051,0.0510395299291668,-4.88337539205598,"PACN2_HUMAN",25,-3.17519569637292,0.0139933047282446,0.0385582103806386,-0.0847377775000009,"Non-significant",1.41388313140432,"PACSIN2","PACN2_HUMAN"
-0.0719115750000014,10.8331033,-2.93484302507523,0.02127875400906,0.0534174861921913,-4.9463803069252,"TBCEL_HUMAN",25,-3.17227263375263,0.0140532342339452,0.0387106899862496,-0.0719115750000014,"Non-significant",1.41216908766967,"TBCEL","TBCEL_HUMAN"
-1.798840165,7.61143368475,-3.0851414218066,0.0171550857202577,0.0454872992909895,-4.71903370102402,"CO5A1_HUMAN",6,-3.16945550937919,0.0141112483626206,0.0388577956381996,-1.798840165,"Up in D1BM",1.41052184010577,"COL5A1","CO5A1_HUMAN"
0.0607171050000002,12.57319832,2.932768973154,0.0213424921071483,0.0535085859521573,-4.9495263689768,"RT22_HUMAN",23,3.16921811733596,0.0141161486112463,0.0388585945931402,0.0607171050000002,"Non-significant",1.41051291067091,"MRPS22","RT22_HUMAN"
0.936329841750001,7.932525873125,3.07793233251371,0.0173321905081972,0.045797455741127,-4.72990617787093,"TAF1_HUMAN",18,3.16776502562833,0.0141461825387984,0.0389277824980206,0.936329841750001,"Up in D1CM",1.40974033494874,"TAF1","TAF1_HUMAN"
0.3571457865,8.55028009425,4.10365335788613,0.00431988475908756,0.0164389655234081,-3.23597785886651,"RN138_HUMAN",2,3.16755548430419,0.0141505191094952,0.0389277824980206,0.3571457865,"Non-significant",1.40974033494874,"RNF138","RN138_HUMAN"
0.76170003375,7.045334041125,3.14312503573223,0.0157985774163368,0.0428049530833504,-4.63172080543095,"FA76A_HUMAN",4,3.16652298440374,0.0141719077642123,0.0389739022983836,0.76170003375,"Up in D1CM",1.40922610788943,"FAM76A","FA76A_HUMAN"
0.127881047499999,10.11956620125,3.05832283044752,0.0178238136731659,0.0468027805143661,-4.75949842375862,"EDEM2_HUMAN",21,3.16544181676437,0.0141943411888523,0.03901484784266,0.127881047499999,"Non-significant",1.40877008248732,"EDEM2","EDEM2_HUMAN"
0.161532403749998,10.057334423125,3.82007360077387,0.00624675660000061,0.0213779583359339,-3.63645657388799,"T126B_HUMAN",7,3.1653593476059,0.0141960539012265,0.03901484784266,0.161532403749998,"Non-significant",1.40877008248732,"TMEM126B","T126B_HUMAN"
-0.319530730000002,11.84944117,-3.52392054321208,0.00929979442363586,0.028808514221546,-4.06569375046238,"CRIP1_HUMAN",4,-3.16477378992057,0.014208220990419,0.0390355589075103,-0.319530730000002,"Non-significant",1.40853959806668,"CRIP1","CRIP1_HUMAN"
0.521157860999999,8.07123583575,3.09129677852765,0.0170053869033988,0.0451601783896497,-4.70975328856822,"CFLAR_HUMAN",11,3.16452276052057,0.0142134404105513,0.0390371747215826,0.521157860999999,"Up in D1CM",1.40852162151833,"CFLAR","CFLAR_HUMAN"
-0.129278659999997,12.76250267,-3.50799728910226,0.00950434496288153,0.0292593585435093,-4.08906667558268,"PG12B_HUMAN",10,-3.16185941249505,0.0142689417816857,0.0391670248953071,-0.129278659999997,"Non-significant",1.40707941595845,"PLA2G12B","PG12B_HUMAN"
0.0422353749999989,14.8824810975,2.35830240559128,0.0496146603170734,0.102174925925388,-5.82287732357388,"SYIM_HUMAN",50,3.16175057699705,0.0142712146601143,0.0391670248953071,0.0422353749999989,"Non-significant",1.40707941595845,"IARS2","SYIM_HUMAN"
-0.117750885,12.34879315,-3.88208185799849,0.00575681286637636,0.0201512357353348,-3.54797256012634,"NCBP2_HUMAN",9,-3.16158568292845,0.0142746589724028,0.0391670248953071,-0.117750885,"Non-significant",1.40707941595845,"NCBP2","NCBP2_HUMAN"
-0.0594067549999977,16.4599902625,-2.69663276214118,0.0300889712211203,0.0696375448717251,-5.30868582408813,"RPN2_HUMAN",38,-3.1612719369073,0.0142812149328335,0.0391722618512378,-0.0594067549999977,"Non-significant",1.40702135106763,"RPN2","RPN2_HUMAN"
-0.552506207500002,11.55911815125,-3.13525775293897,0.0159757488635649,0.0431046341057371,-4.64355287902061,"GPX3_HUMAN",6,-3.16065314372739,0.014294154404489,0.0391949991787371,-0.552506207500002,"Up in D1BM",1.40676934031688,"GPX3","GPX3_HUMAN"
0.240643501000001,8.936823845,3.13107548674377,0.0160707922495434,0.0432781814285627,-4.64984475629681,"DVL2_HUMAN",12,3.15965562491858,0.0143150394063295,0.039230698075996,0.240643501000001,"Non-significant",1.40637396391085,"DVL2","DVL2_HUMAN"
-0.0932469400000002,15.834697485,-3.14628209118524,0.0157280687706757,0.0426550487992359,-4.62697405829553,"DJB11_HUMAN",17,-3.15958677700369,0.0143164820597655,0.039230698075996,-0.0932469400000002,"Non-significant",1.40637396391085,"DNAJB11","DJB11_HUMAN"
0.0951750299999983,11.0678170925,3.03859920146049,0.0183332279140395,0.0477388872682852,-4.78928854731907,"LAR4B_HUMAN",21,3.15878105985131,0.0143333766376535,0.0392642286898867,0.0951750299999983,"Non-significant",1.40600292944854,"LARP4B","LAR4B_HUMAN"
0.118133782499996,11.62143242375,3.21460612087136,0.0142813944558641,0.0394940531064563,-4.5244414929087,"NUD19_HUMAN",14,3.15733310587523,0.0143637908004791,0.0393347604474458,0.118133782499996,"Non-significant",1.40522349038284,"NUDT19","NUD19_HUMAN"
0.0618422049999996,12.6378709075,2.74726545483998,0.0279398090236471,0.0660416854347507,-5.23156461193252,"PR40A_HUMAN",34,3.1566273554413,0.0143786397245421,0.0393626353485435,0.0618422049999996,"Non-significant",1.40491583302991,"PRPF40A","PR40A_HUMAN"
0.22818136225,9.668487787125,3.11686642280909,0.0163982115322837,0.0438639219122913,-4.67123094078724,"TMM62_HUMAN",13,3.15590373516705,0.0143938814551948,0.0393915671382588,0.22818136225,"Non-significant",1.40459674105022,"TMEM62","TMM62_HUMAN"
0.236557245,8.58448231225,3.05238480252504,0.0179755824871588,0.0471278957338294,-4.76846442736114,"ZN451_HUMAN",24,3.15459122956644,0.0144215705119067,0.0394545335426359,0.236557245,"Non-significant",1.40390308676565,"ZNF451","ZN451_HUMAN"
0.345859527749997,8.571139812375,3.06436077278731,0.0176708824996588,0.0465316677880738,-4.75038394787939,"ARI4A_HUMAN",19,3.15323626263639,0.0144502143378656,0.0395200702965181,0.345859527749997,"Non-significant",1.40318229158029,"ARID4A","ARI4A_HUMAN"
0.261747598749997,9.493046879875,3.38386417480134,0.0112750217847233,0.03317294467701,-4.27222065098916,"TPC2A_HUMAN;TPC2B_HUMAN",6,3.15235389979309,0.0144688996556244,0.0395455648689112,0.261747598749997,"Non-significant",1.4029022166155,"TRAPPC2;TRAPPC2B","TPC2A_HUMAN;TPC2B_HUMAN"
0.126817225000002,12.7926628575,3.0696643978959,0.0175376974344201,0.0462532076579247,-4.74237996100716,"CBPM_HUMAN",19,3.15235296563056,0.0144689194513848,0.0395455648689112,0.126817225000002,"Non-significant",1.4029022166155,"CPM","CBPM_HUMAN"
-0.360374927750001,9.135985374375,-3.28401929265083,0.0129559558859492,0.036695481237455,-4.42068157753067,"CEBPA_HUMAN",5,-3.14969915610752,0.014525271663743,0.0396750064758738,-0.360374927750001,"Non-significant",1.40148299368626,"CEBPA","CEBPA_HUMAN"
-0.572605372500002,10.82792651875,-3.17924435405306,0.0150115731910119,0.0410299515110634,-4.57746084483117,"S100P_HUMAN",4,-3.14967933439972,0.0145256934374833,0.0396750064758738,-0.572605372500002,"Up in D1BM",1.40148299368626,"S100P","S100P_HUMAN"
0.0905508999999967,12.8151226025,2.93555114268139,0.0212570386643028,0.0533958706128375,-4.94530623364876,"CLCC1_HUMAN",28,3.14810754789452,0.0145591796840768,0.0397526116349413,0.0905508999999967,"Non-significant",1.40063433414247,"CLCC1","CLCC1_HUMAN"
0.205143689999998,10.100551725,3.45352433065621,0.0102415326377546,0.0309463659863059,-4.16923663343035,"CK052_HUMAN",7,3.14790324044464,0.0145635383472178,0.0397526116349413,0.205143689999998,"Non-significant",1.40063433414247,"C11orf52","CK052_HUMAN"
0.309333325000001,11.0913074,3.84964378126414,0.00600769104882806,0.0207962332035202,-3.59419835587395,"DERL2_HUMAN",3,3.1458457238663,0.0146075099236643,0.039859728438513,0.309333325000001,"Non-significant",1.39946566444278,"DERL2","DERL2_HUMAN"
-1.45171642275,7.469856977375,-3.05985671416085,0.0177848304985522,0.0467295312569503,-4.75718274535418,"FBLN5_HUMAN",7,-3.14281056350919,0.0146726308462218,0.0400244677678975,-1.45171642275,"Up in D1BM",1.3976744344743,"FBLN5","FBLN5_HUMAN"
0.259188174999999,7.66994965075,3.37825319395244,0.0113630062301826,0.0333491572124682,-4.28053765324786,"ING3_HUMAN",6,3.1424497437664,0.0146803927664567,0.0400326854184611,0.259188174999999,"Non-significant",1.39758527616266,"ING3","ING3_HUMAN"
0.1449501525,10.38390553125,3.02593312267258,0.0186684731586021,0.0483833816126978,-4.80843218724224,"AGO3_HUMAN",23,3.14198256308233,0.0146904491498655,0.0400471526145589,0.1449501525,"Non-significant",1.39742835717639,"AGO3","AGO3_HUMAN"
0.192333457500002,12.16608273875,3.07830831072711,0.0173229061377253,0.045797455741127,-4.72933905295793,"NUD16_HUMAN",16,3.14135249580777,0.0147040232909634,0.0400711969995248,0.192333457500002,"Non-significant",1.39716768420758,"NUDT16","NUD16_HUMAN"
-0.135239125000002,15.3753020775,-3.59604712042369,0.00843085707614071,0.0267861644533698,-3.9601843841236,"CYB5B_HUMAN",9,-3.14111673693913,0.0147091058710643,0.0400720922389144,-0.135239125000002,"Non-significant",1.39715798164781,"CYB5B","CYB5B_HUMAN"
0.405696511,8.41197627775,3.04949625401464,0.0180499046611047,0.0472345999343222,-4.77282676667461,"DDX59_HUMAN",20,3.13950466296663,0.014743909285343,0.0401539293590166,0.405696511,"Non-significant",1.39627194937811,"DDX59","DDX59_HUMAN"
0.341706872,8.15551704175,3.42049504145129,0.0107182793549851,0.0319350925002366,-4.21800308472628,"TMPPE_HUMAN",4,3.13859850806181,0.0147635105916382,0.0401943251863432,0.341706872,"Non-significant",1.39583525821469,"TMPPE","TMPPE_HUMAN"
-0.0626754750000025,16.300930025,-2.82596274648366,0.0249120627186369,0.060409602029744,-5.11178212596912,"ERP44_HUMAN",27,-3.13794609730819,0.0147776401028809,0.0402198025273436,-0.0626754750000025,"Non-significant",1.39556006604896,"ERP44","ERP44_HUMAN"
-0.0828027750000011,10.56880045,-3.36539951591483,0.0115673481313234,0.0338076204573248,-4.29960229103218,"DNJC9_HUMAN",14,-3.1371585361703,0.014794715624295,0.0402532788886969,-0.0828027750000011,"Non-significant",1.3951987377739,"DNAJC9","DNJC9_HUMAN"
0.105610131750002,10.022701621625,3.03893290665557,0.0183244820459141,0.0477388872682852,-4.78878431828926,"PUS3_HUMAN",20,3.13663742060656,0.0148060256423149,0.0402591372493821,0.105610131750002,"Non-significant",1.39513553624933,"PUS3","PUS3_HUMAN"
-0.143416162499999,10.45231282625,-3.02029668474347,0.0188197381825229,0.0485854741624765,-4.81695435526571,"RAE1_HUMAN",23,-3.13661919622183,0.0148064213397894,0.0402591372493821,-0.143416162499999,"Non-significant",1.39513553624933,"CHM","RAE1_HUMAN"
0.0918028349999993,14.3490508825,2.99728025228587,0.0194510152176588,0.049795427127144,-4.8517744917408,"GSDMD_HUMAN",22,3.13594745978845,0.0148210142222998,0.0402858203417495,0.0918028349999993,"Non-significant",1.39484778837422,"GSDMD","GSDMD_HUMAN"
0.251845002499998,7.78516358125,3.0608005862888,0.0177608871912687,0.0466959839786521,-4.75575787505276,"1A1L1_HUMAN",16,3.13486093797603,0.0148446500752424,0.0403370585055506,0.251845002499998,"Non-significant",1.39429577497267,"ACCS","1A1L1_HUMAN"
0.0559585075000015,14.60754764125,2.58989689857032,0.0352017505650136,0.0782792289995697,-5.4712664753698,"MATR3_HUMAN",48,3.1343512260557,0.0148557518851686,0.0403542161263572,0.0559585075000015,"Non-significant",1.39411108436801,"MATR3","MATR3_HUMAN"
-0.0915360424999889,17.34003377125,-2.98003679279279,0.0199386009310015,0.0508355920288602,-4.87788113837331,"SDHB_HUMAN",23,-3.13411723464427,0.0148608512811415,0.0403550629667338,-0.0915360424999889,"Non-significant",1.39410197071697,"SDHB","SDHB_HUMAN"
0.0784189674999993,15.18676435875,3.06205408461522,0.0177291423502648,0.046655929088474,-4.75386568430118,"DHRS1_HUMAN",19,3.13293482008935,0.0148866479998762,0.0404120953272002,0.0784189674999993,"Non-significant",1.39348863123393,"DHRS1","DHRS1_HUMAN"
0.157720804999999,15.2121230375,3.05648744410582,0.0178705784523439,0.0469109641154802,-4.76226948006313,"S61A1_HUMAN",18,3.13159757928299,0.0149158794807387,0.040465635304837,0.157720804999999,"Non-significant",1.39291363685504,"SEC61A1","S61A1_HUMAN"
-0.142044544249998,9.984236240375,-3.51809573114864,0.00937406496344822,0.0289671761231647,-4.07424039603184,"GDE1_HUMAN",9,-3.13159334632878,0.014915972107264,0.040465635304837,-0.142044544249998,"Non-significant",1.39291363685504,"GDE1","GDE1_HUMAN"
-0.0630185600000051,14.22803247,-2.88420702331464,0.022893771451285,0.0564409475176604,-5.02324413751151,"PP1R7_HUMAN",24,-3.13126681286254,0.0149231192200033,0.0404719986825637,-0.0630185600000051,"Non-significant",1.39284534773655,"PPP1R7","PP1R7_HUMAN"
0.0535774200000017,11.386989595,2.46794012198587,0.0421585422436641,0.0898873628579399,-5.65674831973391,"NUMA1_HUMAN",122,3.1304315158432,0.0149414185098741,0.0405085933160916,0.0535774200000017,"Non-significant",1.3924528376771,"NUMA1","NUMA1_HUMAN"
-0.43619537325,7.386870503375,-3.06329427749596,0.0176977936346045,0.046587977059988,-4.75199368154085,"CSTN3_HUMAN",11,-3.12900032681867,0.0149728273477679,0.04057448228487,-0.43619537325,"Non-significant",1.39174701290059,"CLSTN3","CSTN3_HUMAN"
0.326175214999997,13.45543599,7.91200638663657,8.5862338020317e-05,0.00110662637182454,1.10241258122903,"NU2M_HUMAN",1,3.12888557401364,0.0149753487232448,0.04057448228487,0.326175214999997,"Non-significant",1.39174701290059,"MT-ND2","NU2M_HUMAN"
-0.0888235575000014,11.23331487125,-2.81689880578989,0.0252425617899376,0.0610004453346858,-5.12557033190794,"WDR11_HUMAN",57,-3.12604644951362,0.015037873413925,0.0407239450609145,-0.0888235575000014,"Non-significant",1.39015015711541,"WDR11","WDR11_HUMAN"
0.0764737149999988,13.179560185,3.09772788928051,0.0168504611701736,0.044819355381317,-4.70005997596616,"CC124_HUMAN",18,3.12574026010673,0.0150446329027464,0.0407239450609145,0.0764737149999988,"Non-significant",1.39015015711541,"CCDC124","CC124_HUMAN"
0.131444454,9.29935956,3.00484095136724,0.0192412125558707,0.0493561109657438,-4.84033292723831,"PRP39_HUMAN",23,3.1255699515489,0.0150483940495627,0.0407239450609145,0.131444454,"Non-significant",1.39015015711541,"PRPF39","PRP39_HUMAN"
0.059964180000005,16.1192488675,2.55580000700471,0.0370184191253748,0.0812573580228605,-5.52317097243498,"GDE_HUMAN",118,3.12550455649367,0.0150498385175879,0.0407239450609145,0.059964180000005,"Non-significant",1.39015015711541,"AGL","GDE_HUMAN"
0.19624733925,8.649782299875,3.04429245273078,0.0181846206368173,0.0474986573745685,-4.78068700870043,"GO45_HUMAN",18,3.12427414091583,0.0150770436204208,0.0407823667569132,0.19624733925,"Non-significant",1.38952757405466,"BLZF1","GO45_HUMAN"
-0.0433878900000018,16.3948714725,-2.50041165311766,0.0401783025491321,0.0869034929911816,-5.60741541310449,"DPYS_HUMAN",33,-3.12388026221966,0.0150857634269296,0.0407823667569132,-0.0433878900000018,"Non-significant",1.38952757405466,"DPYS","DPYS_HUMAN"
0.0365402649999993,12.2800735225,2.07904240275582,0.0752313095874838,0.14115319182211,-6.24067059740567,"GOGB1_HUMAN",203,3.12351619659088,0.0150938279512937,0.0407823667569132,0.0365402649999993,"Non-significant",1.38952757405466,"GOLGB1","GOGB1_HUMAN"
-0.0746006950000009,11.00650835,-2.8878524839649,0.0227733004280008,0.0562591293398647,-5.01770677110106,"NADE_HUMAN",26,-3.12335301921817,0.0150974440160912,0.0407823667569132,-0.0746006950000009,"Non-significant",1.38952757405466,"NADSYN1","NADE_HUMAN"
0.233511805749999,8.075336992875,3.05185018198277,0.0179893137571295,0.047134574342196,-4.7692717801644,"TRAK2_HUMAN",16,3.12326788204828,0.0150993310466337,0.0407823667569132,0.233511805749999,"Non-significant",1.38952757405466,"TRAK2","TRAK2_HUMAN"
0.245242834999999,10.784210325,4.68075750555753,0.00211645005788604,0.00975372199995703,-2.45551169918261,"SCAM4_HUMAN",3,3.12321700963435,0.0151004587315608,0.0407823667569132,0.245242834999999,"Non-significant",1.38952757405466,"SCAMP4","SCAM4_HUMAN"
-0.09467435,12.49529159,-3.10497551905541,0.0166776588833908,0.0444700013990299,-4.68913949922784,"ST1E1_HUMAN",17,-3.12226128925085,0.0151216606235779,0.0408265462511653,-0.09467435,"Non-significant",1.38905735795365,"SULT1E1","ST1E1_HUMAN"
-0.106196882500001,12.96097850875,-3.21048717196617,0.0143644640854545,0.0396327554095894,-4.53061181551839,"SNP29_HUMAN",14,-3.12074145785195,0.0151554415273862,0.0408962550166111,-0.106196882500001,"Non-significant",1.38831645972093,"SNAP29","SNP29_HUMAN"
0.0636944750000001,10.5337183475,2.80309681269921,0.0257546753198801,0.0619891942522185,-5.14657053653448,"PUM3_HUMAN",28,3.12054985709248,0.0151597058318526,0.0408962550166111,0.0636944750000001,"Non-significant",1.38831645972093,"PUM3","PUM3_HUMAN"
0.161907434750001,9.734740376375,3.00622409973039,0.0192030909283142,0.0492883232139953,-4.8382401775232,"BRD2_HUMAN",24,3.1204452076745,0.0151620354641013,0.0408962550166111,0.161907434750001,"Non-significant",1.38831645972093,"BRD2","BRD2_HUMAN"
0.168047430000005,10.422869445,3.03473618069001,0.0184347936388061,0.0479589122165113,-4.79512609025712,"PIGG_HUMAN",19,3.11968858649865,0.0151788900683234,0.0409286194452648,0.168047430000005,"Non-significant",1.38797290420436,"PIGG","PIGG_HUMAN"
-0.0597479325000023,14.35745751875,-2.63259936092184,0.0330558491887802,0.0746191089481062,-5.40623216129115,"ERAP1_HUMAN",46,-3.11906988336148,0.0151926870681952,0.0409527212337119,-0.0597479325000023,"Non-significant",1.38771723486768,"ERAP1","ERAP1_HUMAN"
-0.0851523900000029,12.2261987925,-3.04378842093971,0.0181977254504511,0.0475181622744277,-4.78144843175803,"PTER_HUMAN",19,-3.11726822566105,0.0152329391485045,0.0410480959343813,-0.0851523900000029,"Non-significant",1.38670698335258,"PTER","PTER_HUMAN"
0.20612382875,8.943569183375,3.07245933189753,0.0174679393071257,0.0461125150077552,-4.73816273972051,"TADA3_HUMAN",14,3.11692355724118,0.0152406524250004,0.0410557556057298,0.20612382875,"Non-significant",1.38662595053994,"TADA3","TADA3_HUMAN"
-0.0700876724999979,14.20418035875,-3.09876187422406,0.0168256925124679,0.0447958819291194,-4.69850177314576,"PMM2_HUMAN",18,-3.11517757171649,0.0152797888352311,0.0411384010326202,-0.0700876724999979,"Non-significant",1.38575259247127,"PMM2","PMM2_HUMAN"
-0.104540825000001,18.252616405,-3.21000527629734,0.0143742164021938,0.0396466852271241,-4.53133380535066,"PROF1_HUMAN",14,-3.11494863749698,0.0152849282641131,0.0411384010326202,-0.104540825000001,"Non-significant",1.38575259247127,"PFN1","PROF1_HUMAN"
0.349101544249999,9.636677265625,3.57782918970461,0.00864174366413521,0.0273018205940763,-3.98677756148588,"S35A3_HUMAN",3,3.11490208031484,0.0152859736664096,0.0411384010326202,0.349101544249999,"Non-significant",1.38575259247127,"SLC35A3","S35A3_HUMAN"
0.114860062500004,13.75531339625,3.00498809436871,0.0192371532757751,0.0493561109657438,-4.84011028961485,"IDH3B_HUMAN",21,3.11364322293651,0.015314268831757,0.0412013954621386,0.114860062500004,"Non-significant",1.38508807447067,"IDH3B","IDH3B_HUMAN"
0.127899645000003,20.23294282,2.92945991847913,0.021444600154826,0.0536847444921379,-4.95454619180953,"ACTB_HUMAN",41,3.11300923934148,0.015328539688829,0.0412033144924571,0.127899645000003,"Non-significant",1.38506784688226,"ACTB","ACTB_HUMAN"
-0.188320159750003,9.330700874375,-3.02172911854023,0.0187811734880967,0.048545388326025,-4.81478836307899,"UBP11_HUMAN",20,-3.11298620372995,0.0153290584801035,0.0412033144924571,-0.188320159750003,"Non-significant",1.38506784688226,"USP11","UBP11_HUMAN"
0.0532181275000028,13.20957696375,2.99251853184369,0.0195843883684081,0.050053611145334,-4.85898207062983,"COQ6_HUMAN",20,3.11296007464778,0.01532964696267,0.0412033144924571,0.0532181275000028,"Non-significant",1.38506784688226,"COQ6","COQ6_HUMAN"
0.209120510000002,11.50387442,4.45454384749374,0.00278299511349315,0.0119317730476265,-2.75579567809572,"TLCD4_HUMAN",4,3.11259816457685,0.0153378003971686,0.0412120878379771,0.209120510000002,"Non-significant",1.38497538320547,"TLCD4","TLCD4_HUMAN"
0.187667609250003,10.111096977875,3.72835403138897,0.00705633185322804,0.023370460192872,-3.76824328231307,"SMAD2_HUMAN",6,3.11120709698649,0.0153691821808095,0.0412702536714925,0.187667609250003,"Non-significant",1.38436286168253,"SMAD2","SMAD2_HUMAN"
0.41668510425,7.287152767125,3.10288866092738,0.0167272213350844,0.0445759559384845,-4.6922835176738,"RNFT1_HUMAN",7,3.11120452462495,0.0153692402746251,0.0412702536714925,0.41668510425,"Non-significant",1.38436286168253,"RNFT1","RNFT1_HUMAN"
0.449784397999998,7.38562709075,3.02753458790945,0.0186257297065211,0.0483511782249051,-4.8060111640409,"CCD9B_HUMAN",15,3.10951833839878,0.015407370677516,0.0413594673378288,0.449784397999998,"Non-significant",1.38342506308944,"CCDC9B","CCD9B_HUMAN"
0.069254637500002,12.67414557875,3.04262021865545,0.018228137142007,0.0475681015386927,-4.78321325640716,"RAB43_HUMAN",19,3.10811073329461,0.0154392777507342,0.041431923642451,0.069254637500002,"Non-significant",1.38266490237858,"RAB43","RAB43_HUMAN"
0.209516047249998,10.007694482125,3.02658208588374,0.0186511396965958,0.048367477059486,-4.80745109471622,"MIGA1_HUMAN",18,3.10732028560514,0.0154572258459279,0.0414668862684042,0.209516047249998,"Non-significant",1.38229857440738,"MIGA1","MIGA1_HUMAN"
0.267836093250001,9.833122014875,3.44462956658195,0.0103676370402821,0.0312214407333111,-4.18235799444327,"S38A7_HUMAN",5,3.10691814222071,0.015466365445988,0.0414761598470045,0.267836093250001,"Non-significant",1.38220146044258,"SLC38A7","S38A7_HUMAN"
-0.183893680500001,9.72879171375,-3.12025780443549,0.0163194253632934,0.0437381355762162,-4.66612517713579,"ILRUN_HUMAN",12,-3.10673524950505,0.0154705239718807,0.0414761598470045,-0.183893680500001,"Non-significant",1.38220146044258,"ILRUN","ILRUN_HUMAN"
-0.146534682500002,10.65643489375,-3.1391611495999,0.0158875817336133,0.0429306121444556,-4.63768173738712,"MK09_HUMAN",13,-3.10593892706743,0.0154886441010663,0.0415115361296942,-0.146534682500002,"Non-significant",1.38183119530599,"MAPK9","MK09_HUMAN"
-0.369838237499998,11.59095764125,-5.10952844589884,0.00128535752954221,0.006741928199447,-1.90641417792132,"MGN2_HUMAN",1,-3.1027228853849,0.0155620521792206,0.0416950215571044,-0.369838237499998,"Non-significant",1.37991579728889,"MAGOHB","MGN2_HUMAN"
0.710314631750001,7.643312990875,3.05007885208832,0.0180348882880214,0.0472099606769355,-4.77194687257266,"SIN3B_HUMAN",6,3.10195803531523,0.0155795642295159,0.0417286771180773,0.710314631750001,"Up in D1CM",1.37956538306749,"SIN3B","SIN3B_HUMAN"
0.240877032250001,8.182968199125,3.04498836996161,0.0181665432278975,0.0474808660055654,-4.77963573789659,"ZER1_HUMAN",14,3.10155463978822,0.0155888087564467,0.0417401743990119,0.240877032250001,"Non-significant",1.37944574069533,"ZER1","ZER1_HUMAN"
0.0979306725000004,11.44522607375,2.82886767220687,0.0248071024215363,0.0602938484172807,-5.10736362012699,"VCIP1_HUMAN",60,3.10040076675873,0.0156152837278123,0.0417977855007081,0.0979306725000004,"Non-significant",1.3788467270838,"VCPIP1","VCIP1_HUMAN"
0.142563105000002,13.635759235,3.99911500334745,0.00494210966971335,0.0180943622122826,-3.38235225328098,"RNPS1_HUMAN",7,3.09917199993757,0.0156435291732455,0.0418600975877099,0.142563105000002,"Non-significant",1.37819976353306,"RNPS1","RNPS1_HUMAN"
-0.63759791825,7.768875300875,-3.40469735598511,0.0109546795398403,0.0324901456162259,-4.24136833232946,"CO3A1_HUMAN",1,-3.09777855549371,0.0156756251594384,0.0419326704122203,-0.63759791825,"Up in D1BM",1.37744747939556,"COL3A1","CO3A1_HUMAN"
0.533632993749999,7.385323643625,3.01063073363111,0.0190821690604135,0.0490227378879079,-4.83157354608918,"SNX13_HUMAN",16,3.09556744597963,0.0157266973011738,0.0420559427511403,0.533632993749999,"Up in D1CM",1.37617262717474,"SNX13","SNX13_HUMAN"
-0.141344070500001,9.09049320225,-2.993415168328,0.0195592004257919,0.050004398055505,-4.85762477761807,"PGM2L_HUMAN",21,-3.09455344901232,0.0157501771523372,0.0421053736812719,-0.141344070500001,"Non-significant",1.37566247396968,"PGM2L1","PGM2L_HUMAN"
0.0653772324999995,12.83163785875,2.6269355181022,0.0333324949944726,0.0750669896984578,-5.41485932419499,"COBL1_HUMAN",67,3.09313555505497,0.0157830714558025,0.0421677135277664,0.0653772324999995,"Non-significant",1.37501994722311,"COBLL1","COBL1_HUMAN"
1.2426490785,7.8355777265,3.038744742653,0.0183294129738594,0.0477388872682852,-4.78906863349872,"P3IP1_HUMAN",3,3.09302067801664,0.0157857397014406,0.0421677135277664,1.2426490785,"Up in D1CM",1.37501994722311,"PIK3IP1","P3IP1_HUMAN"
0.176405669999998,11.176713825,2.99174064649121,0.019606268165658,0.050087245878573,-4.86015963990943,"FBXL8_HUMAN",22,3.09290166835629,0.0157885044363069,0.0421677135277664,0.176405669999998,"Non-significant",1.37501994722311,"FBXL8","FBXL8_HUMAN"
0.131620645,11.964000105,2.93153499388267,0.0213805091873881,0.0535751229045791,-4.95139824974623,"RIC8A_HUMAN",33,3.09259799552974,0.0157955614251374,0.0421731983694911,0.131620645,"Non-significant",1.37496346131503,"RIC8A","RIC8A_HUMAN"
-0.248791456250002,8.083348870125,-3.00930585295962,0.0191184400751004,0.0491009541112191,-4.83357778751322,"EVI5L_HUMAN",18,-3.09195777316968,0.0158104503023753,0.042178868699073,-0.248791456250002,"Non-significant",1.37490507287389,"EVI5L","EVI5L_HUMAN"
0.0882380024999989,15.26521122375,2.79320402146306,0.0261284258672507,0.0626261674494035,-5.16162579120273,"PI3R4_HUMAN",53,3.09194343045084,0.0158107840228302,0.042178868699073,0.0882380024999989,"Non-significant",1.37490507287389,"PIK3R4","PI3R4_HUMAN"
-0.0958757424999988,11.79318475625,-3.15689661580738,0.0154934508829067,0.042086463903326,-4.61102041079341,"BACH_HUMAN",15,-3.09166176385437,0.015817339228075,0.042178868699073,-0.0958757424999988,"Non-significant",1.37490507287389,"ACOT7","BACH_HUMAN"
-0.0560500624999989,11.78692805625,-2.53953237708783,0.0379189901613387,0.0829102900311085,-5.5479241389691,"KANK1_HUMAN",57,-3.09164621131844,0.0158177012644169,0.042178868699073,-0.0560500624999989,"Non-significant",1.37490507287389,"KANK1","KANK1_HUMAN"
0.73408555975,7.476726174375,3.01356042984232,0.0190022213978672,0.0488939368522264,-4.82714195720015,"PIGN_HUMAN",10,3.09118730124485,0.0158283878312602,0.0421844716873516,0.73408555975,"Up in D1CM",1.37484738556838,"PIGN","PIGN_HUMAN"
-0.0526709600000004,16.20888257,-2.60861291911716,0.034243998596078,0.0766443611700322,-5.44276581708487,"ALDOC_HUMAN",34,-3.09112617535853,0.0158298118337992,0.0421844716873516,-0.0526709600000004,"Non-significant",1.37484738556838,"ALDOC","ALDOC_HUMAN"
-0.1380343475,17.03205275375,-3.34750176027599,0.0118584632057809,0.0344053594751138,-4.326175828347,"CYC_HUMAN",10,-3.09061175598037,0.0158418012101812,0.0422030791405238,-0.1380343475,"Non-significant",1.37465586171714,"CYCS","CYC_HUMAN"
-0.0788264250000026,11.498444795,-2.80468947692152,0.0256950292919551,0.0618986573026264,-5.1441469848683,"BICD2_HUMAN",34,-3.08922790170891,0.0158741016533444,0.0422757670887962,-0.0788264250000026,"Non-significant",1.37390850343669,"BICD2","BICD2_HUMAN"
-0.0950348375000019,15.38113391375,-3.21845188629126,0.0142042964791701,0.039358321835281,-4.51868171266211,"NUDT5_HUMAN",14,-3.08621524347832,0.0159446599084456,0.0424497271309419,-0.0950348375000019,"Non-significant",1.37212509707862,"NUDT5","NUDT5_HUMAN"
0.231875419250001,7.821961402875,2.97061786406691,0.020210371526771,0.0513421403252421,-4.89214838362074,"THADA_HUMAN",38,3.08600934948129,0.0159494941065005,0.0424497271309419,0.231875419250001,"Non-significant",1.37212509707862,"THADA","THADA_HUMAN"
-0.162790775000001,13.38302636,-3.32279220566408,0.0122733386686531,0.0352476905070108,-4.36291485012753,"NENF_HUMAN",9,-3.08516971700455,0.0159692238706636,0.0424888219715351,-0.162790775000001,"Non-significant",1.37172530982256,"NENF","NENF_HUMAN"
0.467135191000001,7.7127206325,3.04158534306364,0.0182551229049769,0.0476237793147788,-4.78477673494044,"SH3R1_HUMAN",8,3.08346444567166,0.016009373615794,0.0425717092231097,0.467135191000001,"Non-significant",1.37087891286578,"SH3RF1","SH3R1_HUMAN"
0.135449886750003,9.925909519375,3.25584738385062,0.0134773417608546,0.0377786876296119,-4.46274163207612,"CCDB1_HUMAN",11,3.08341760719033,0.0160104779021542,0.0425717092231097,0.135449886750003,"Non-significant",1.37087891286578,"CCNDBP1","CCDB1_HUMAN"
0.147124529499997,9.97692644625,2.98266311770929,0.0198635117470643,0.0506594676296536,-4.87390379955339,"TRAF6_HUMAN",21,3.08231783666974,0.0160364296713332,0.0426272676441714,0.147124529499997,"Non-significant",1.37031250420695,"TRAF6","TRAF6_HUMAN"
0.0576348275000029,16.35080075375,2.78861564370885,0.0263036978861073,0.0629868947392041,-5.16860937450134,"EST2_HUMAN",25,3.07902844765642,0.0161143154183855,0.0428207959210503,0.0576348275000029,"Non-significant",1.36834526462431,"CES2","EST2_HUMAN"
0.125643967499995,14.58779132375,3.29338620149463,0.0127874083106307,0.036364731663396,-4.40671312356224,"NDUS7_HUMAN",11,3.07465876288178,0.0162183964571496,0.0430837893908963,0.125643967499995,"Non-significant",1.36568610576448,"NDUFS7","NDUS7_HUMAN"
-0.107514381750004,10.068188429125,-3.42983865693181,0.0105810412352264,0.0316268072949374,-4.20419588358532,"BL1S5_HUMAN",11,-3.07357031912492,0.0162444318641677,0.0431393560753212,-0.107514381750004,"Non-significant",1.36512634173282,"BLOC1S5","BL1S5_HUMAN"
-0.0928759599999989,10.25452423,-3.14681225757278,0.0157162610548189,0.0426367442649078,-4.62617700943414,"THOC7_HUMAN",15,-3.0732286905558,0.0162526126312054,0.0431474872026551,-0.0928759599999989,"Non-significant",1.36504449139251,"THOC7","THOC7_HUMAN"
0.207058429750001,9.333139896375,3.0426674088586,0.0182269076018073,0.0475681015386927,-4.78314196360607,"NR2F6_HUMAN",13,3.07296061367468,0.0162590351369019,0.0431509468416076,0.207058429750001,"Non-significant",1.36500967031786,"NR2F6","NR2F6_HUMAN"
0.182073116500002,9.65801787375,3.32935842031685,0.0121615969145796,0.0350102801888631,-4.35314618727976,"CF089_HUMAN",8,3.07271288871827,0.0162649724311665,0.0431517513459538,0.182073116500002,"Non-significant",1.36500157342621,"C6orf89","CF089_HUMAN"
0.0828115949999972,11.8340693725,2.75997119589823,0.0274260541264851,0.065156203560356,-5.21221688217208,"WASC4_HUMAN",49,3.07216711382145,0.0162780612231545,0.0431517513459538,0.0828115949999972,"Non-significant",1.36500157342621,"WASHC4","WASC4_HUMAN"
0.269888997249999,7.326884925375,2.97736279447355,0.0200153611594501,0.0509850345158673,-4.88193106446245,"SETD2_HUMAN",23,3.07210571434942,0.0162795344006717,0.0431517513459538,0.269888997249999,"Non-significant",1.36500157342621,"SETD2","SETD2_HUMAN"
0.218892097499998,8.8295583725,3.01173087343165,0.0190521060283183,0.0489604273514313,-4.8299093655726,"GNB1L_HUMAN",15,3.07209397737695,0.0162798160256416,0.0431517513459538,0.218892097499998,"Non-significant",1.36500157342621,"GNB1L","GNB1L_HUMAN"
-0.0585811125000006,15.75041139125,-3.44586617437437,0.0103500057854014,0.0311794849053425,-4.1805332712288,"AN32A_HUMAN",15,-3.0708242274702,0.0163103135682261,0.0432111761658135,-0.0585811125000006,"Non-significant",1.36440391245825,"ANP32A","AN32A_HUMAN"
1.93015336975,8.580552577875,3.00448400468599,0.0192510635187305,0.049357606246722,-4.84087301774017,"TM35B_HUMAN",2,3.07073378554706,0.0163124881432695,0.0432111761658135,1.93015336975,"Up in D1CM",1.36440391245825,"TMEM35B","TM35B_HUMAN"
0.324296236000001,8.04932296275,3.37339235925136,0.0114398229465711,0.0335279094633686,-4.28774531090094,"FOSB_HUMAN",4,3.07029861449184,0.0163229556106451,0.0432253197744668,0.324296236000001,"Non-significant",1.36426178519637,"FOSB","FOSB_HUMAN"
0.159612895,9.80394947575,2.95349272888636,0.0207145590360849,0.052307674689982,-4.91810064450926,"RRP1B_HUMAN",25,3.06963406612828,0.0163389540841147,0.0432540967258174,0.159612895,"Non-significant",1.36397275291228,"RRP1B","RRP1B_HUMAN"
0.0596714025000011,12.74405288625,2.58352338805887,0.0355341909864251,0.0787375646226543,-5.4809705933966,"HS74L_HUMAN",51,3.06873643359779,0.0163605900666828,0.0432908119334674,0.0596714025000011,"Non-significant",1.3636042687741,"HSPA4L","HS74L_HUMAN"
0.134410858249998,9.394214868625,2.98705304253101,0.0197386655556623,0.05037154464689,-4.86725649840984,"APC4_HUMAN",19,3.068632594316,0.0163630948890767,0.0432908119334674,0.134410858249998,"Non-significant",1.3636042687741,"ANAPC4","APC4_HUMAN"
0.1461155415,9.300773263,2.99617227604708,0.019481963105805,0.0498371675322702,-4.85345146416279,"VPP2_HUMAN",18,3.06811100290769,0.0163756828772568,0.0433105211711321,0.1461155415,"Non-significant",1.36340659021648,"ATP6V0A2","VPP2_HUMAN"
0.0956869150000017,17.0318593975,3.08253750349896,0.0172188334129152,0.0455834003886503,-4.72296041720845,"RS13_HUMAN",16,3.06663807784146,0.0164112852002946,0.0433910674257474,0.0956869150000017,"Non-significant",1.36259966604018,"RPS13","RS13_HUMAN"
0.212949752750003,8.120753526625,2.99066477368842,0.0196365721067729,0.0501413711869098,-4.86178836165907,"CNKR3_HUMAN",17,3.06495663881566,0.0164520270921215,0.043485147807931,0.212949752750003,"Non-significant",1.36165904940076,"CNKSR3","CNKR3_HUMAN"
-0.0657231800000009,15.1465312225,-2.80181793915739,0.0258026746639125,0.0620161804226171,-5.14851664113939,"HEXB_HUMAN",26,-3.06441298085775,0.016465222874008,0.0435063835752394,-0.0657231800000009,"Non-significant",1.3614470155028,"HEXB","HEXB_HUMAN"
0.0605366200000006,11.6024385675,2.626303535761,0.0333635121614028,0.0750747590453019,-5.41582193960286,"UBE3A_HUMAN",41,3.06393675637237,0.0164767910425643,0.0435233067056643,0.0605366200000006,"Non-significant",1.36127811630923,"UBE3A","UBE3A_HUMAN"
-0.137108805,11.883636,-3.31474049287308,0.0124118618898837,0.0355607015193168,-4.37489917013612,"DHE4_HUMAN",10,-3.06221929920779,0.0165185815654947,0.0436200263206625,-0.137108805,"Non-significant",1.36031407670058,"GLUD2","DHE4_HUMAN"
0.194173334999999,11.4756703375,3.58114421654615,0.0086029501104321,0.0272200700003124,-3.98193565109437,"UB2E2_HUMAN",6,3.06176024235314,0.0165297705680965,0.043635902323359,0.194173334999999,"Non-significant",1.36015603906236,"UBE2E2","UB2E2_HUMAN"
0.147943975000002,10.2207319725,2.94457874491293,0.0209822332946873,0.0528253418282317,-4.93161529941896,"RB12B_HUMAN",24,3.06031914494452,0.0165649475342821,0.0437150728761627,0.147943975000002,"Non-significant",1.35936879327493,"RBM12B","RB12B_HUMAN"
-0.0596504174999986,17.25345516125,-2.5453320122567,0.0375953602778613,0.0823736136683372,-5.53910017812238,"C1TC_HUMAN",68,-3.06010594051253,0.01657015850277,0.0437151380343813,-0.0596504174999986,"Non-significant",1.35936814595052,"MTHFD1","C1TC_HUMAN"
0.568914413499998,7.421334386,3.01250604409331,0.0190309533622771,0.0489508409797478,-4.82873680894943,"PIAS1_HUMAN",7,3.05946966743523,0.0165857200201186,0.0437425012670776,0.568914413499998,"Up in D1CM",1.35909638692638,"PIAS1","PIAS1_HUMAN"
-0.0555593975000033,14.76469624125,-2.53903160290014,0.0379470686097892,0.0829163633477873,-5.54868600281184,"DDX1_HUMAN",48,-3.05818929487099,0.01661708106145,0.043811503367833,-0.0555593975000033,"Non-significant",1.35841184398795,"DDX1","DDX1_HUMAN"
0.573042631500001,7.318274021,3.02389227508483,0.0187230942776559,0.0484844736302186,-4.81151767812787,"NRG1_HUMAN",6,3.05683458440213,0.0166503308075869,0.043885440393105,0.573042631500001,"Up in D1CM",1.35767953911357,"NRG1","NRG1_HUMAN"
0.115092760000001,10.29219246,3.03863311129556,0.0183323389909768,0.0477388872682852,-4.78923730918689,"CTU2_HUMAN",16,3.05619335912609,0.0166660932983817,0.0439037970622843,0.115092760000001,"Non-significant",1.35749791775592,"CTU2","CTU2_HUMAN"
-0.134793997499996,14.77506029625,-4.08281726088327,0.0044367334066507,0.016751962511422,-3.26503314105693,"IF1AX_HUMAN",7,-3.05612751604515,0.0166677127297793,0.0439037970622843,-0.134793997499996,"Non-significant",1.35749791775592,"EIF1AX","IF1AX_HUMAN"
-0.0492949449999998,15.2586450575,-2.36472552858725,0.0491428293355266,0.101401446381678,-5.81316756601408,"SYEP_HUMAN",106,-3.0552874433868,0.0166883891097959,0.0439445272747485,-0.0492949449999998,"Non-significant",1.35709520301046,"EPRS1","SYEP_HUMAN"
0.0983247775000002,11.48659157875,3.35541546854824,0.0117287866712183,0.0341374112056971,-4.31442209780024,"GRAN_HUMAN",12,3.0550365792893,0.0166945687571684,0.0439470705978052,0.0983247775000002,"Non-significant",1.35707006861317,"GCA","GRAN_HUMAN"
0.205230952500003,10.34841263125,3.04456104342714,0.0181776413672906,0.0474951454075921,-4.78028126486798,"ABHD5_HUMAN",12,3.0546029618337,0.0167052559233239,0.043948443661782,0.205230952500003,"Non-significant",1.35705649990916,"ABHD5","ABHD5_HUMAN"
-0.182393547500002,16.87002682625,-3.06606312301804,0.0176280165030089,0.0464623361800693,-4.74781463309524,"H31_HUMAN",12,-3.0545923211628,0.0167055182693498,0.043948443661782,-0.182393547500002,"Non-significant",1.35705649990916,"H3C1","H31_HUMAN"
0.084544657500004,11.43324780625,2.72953784499575,0.0286734657452246,0.0673602683295703,-5.25856337811703,"PSME4_HUMAN",69,3.053539992693,0.0167314848636883,0.0440030221266859,0.084544657500004,"Non-significant",1.3565174951531,"PSME4","PSME4_HUMAN"
-0.0487120125000011,15.23399222125,-2.58613012070734,0.0353978339767941,0.0784766813756963,-5.47700175604112,"PSD11_HUMAN",30,-3.05160433805519,0.0167793587227713,0.0441151636538489,-0.0487120125000011,"Non-significant",1.35541210533373,"PSMD11","PSD11_HUMAN"
-0.0511071699999999,13.42792523,-2.82436180120085,0.0249701066772693,0.0605000966288004,-5.11421733427674,"VASP_HUMAN",22,-3.05095824835002,0.016795370265301,0.0441434911026573,-0.0511071699999999,"Non-significant",1.35513332349278,"VASP","VASP_HUMAN"
-0.0732660300000045,14.863193275,-2.75343553396329,0.027689079120601,0.0656515465281424,-5.22216876591945,"NSF1C_HUMAN",33,-3.05014254534609,0.0168156081446337,0.0441829055645629,-0.0732660300000045,"Non-significant",1.35474572736988,"NSFL1C","NSF1C_HUMAN"
0.129482987500001,12.31618988375,4.22490777753525,0.00370322003723241,0.0147307417148806,-3.06808648139943,"MSS4_HUMAN",7,3.04931765912219,0.0168360999315809,0.0442117113492587,0.129482987500001,"Non-significant",1.35446267407501,"RABIF","MSS4_HUMAN"
-0.0925128499999985,14.21661532,-3.90194751965636,0.00560880677279263,0.0197810176936691,-3.51973120829084,"HAP28_HUMAN",10,-3.04927896783903,0.0168370617429257,0.0442117113492587,-0.0925128499999985,"Non-significant",1.35446267407501,"PDAP1","HAP28_HUMAN"
0.189651965749999,10.102668762125,2.94766253475539,0.0208892211995005,0.0526383394590702,-4.92693945703382,"IPO8_HUMAN",23,3.04876376653416,0.0168498744348316,0.0442315763348476,0.189651965749999,"Non-significant",1.35426758287035,"IPO8","IPO8_HUMAN"
0.878844141750001,7.918507158875,3.06500970237009,0.0176545291261009,0.046503466254657,-4.74940451171071,"ZDHC4_HUMAN",2,3.04752465995567,0.016880732119666,0.0442628157993396,0.878844141750001,"Up in D1CM",1.35396096168718,"ZDHHC4","ZDHC4_HUMAN"
0.362908363499999,8.6076915265,3.42345818754708,0.0106745511668667,0.0318385675107994,-4.2136234056351,"NINJ1_HUMAN",3,3.0474930016319,0.0168815212900432,0.0442628157993396,0.362908363499999,"Non-significant",1.35396096168718,"NINJ1","NINJ1_HUMAN"
-0.117262599999997,15.37594545,-3.44948376547708,0.0102986117540592,0.0310357520468233,-4.1751961366754,"CHSP1_HUMAN",10,-3.04746724748808,0.0168821633111761,0.0442628157993396,-0.117262599999997,"Non-significant",1.35396096168718,"CARHSP1","CHSP1_HUMAN"
-0.162132263,8.966228485,-3.27602603989417,0.0131016637625199,0.0370086876187267,-4.43260797558654,"NUD15_HUMAN",9,-3.04744250966579,0.016882780020747,0.0442628157993396,-0.162132263,"Non-significant",1.35396096168718,"NUDT15","NUD15_HUMAN"
0.103932385,11.742041825,3.08344571764299,0.0171965705286154,0.0455530776196416,-4.72159077418517,"FHIT_HUMAN",15,3.04701851263002,0.0168933538739906,0.0442767661081677,0.103932385,"Non-significant",1.35382410668822,"FHIT","FHIT_HUMAN"
-0.0752985499999994,12.5804594775,-2.82552447878964,0.0249279385038779,0.0604307143080779,-5.11244877025157,"QNG1_HUMAN",26,-3.04639068703694,0.0169090236922582,0.044304059901164,-0.0752985499999994,"Non-significant",1.35355647441162,"QNG1","QNG1_HUMAN"
-0.0980546449999959,10.5692206625,-2.9916282013815,0.0196094330762001,0.050087245878573,-4.86032986309009,"PP4R2_HUMAN",18,-3.04449027744601,0.0169565489379375,0.0444117611137267,-0.0980546449999959,"Non-significant",1.35250200487612,"PPP4R2","PP4R2_HUMAN"
-0.048068519999994,17.3716013425,-2.48945947516815,0.040835303731706,0.0879858832194656,-5.62405994920445,"BHMT1_HUMAN",37,-3.04432588533622,0.0169606666300968,0.0444117611137267,-0.048068519999994,"Non-significant",1.35250200487612,"BHMT","BHMT1_HUMAN"
0.287391185749998,8.237667083875,3.29255184427297,0.0128023261673323,0.0363830543684856,-4.40795703220128,"SAMD1_HUMAN",5,3.04358624351762,0.0169792061756682,0.044446499644319,0.287391185749998,"Non-significant",1.35216243593147,"SAMD1","SAMD1_HUMAN"
4.1649075775,9.17832225625,2.95650590334265,0.0206248940534476,0.0521437408447839,-4.9135332269003,"SNX29_HUMAN",13,3.04306393774308,0.016992310896673,0.044458725771945,4.1649075775,"Up in D1CM",1.35204298873877,"SNX29","SNX29_HUMAN"
0.170601847500002,12.50292587375,2.91577197126359,0.0218724696741306,0.0545452801429723,-4.97531618945583,"HDAC6_HUMAN",32,3.04292647368405,0.0169957616545023,0.044458725771945,0.170601847500002,"Non-significant",1.35204298873877,"HDAC6","HDAC6_HUMAN"
0.130724906500001,9.057145357,2.85764080098204,0.0237921792365249,0.0581962503727999,-5.06361308414219,"ZFY26_HUMAN",55,3.04276961315985,0.0169997002210201,0.044458725771945,0.130724906500001,"Non-significant",1.35204298873877,"ZFYVE26","ZFY26_HUMAN"
0.102006437500002,12.92397332125,2.94699127813484,0.0209094303073548,0.0526735170534051,-4.92795721947011,"QORX_HUMAN",20,3.04180692913358,0.0170238929957744,0.0445066336969984,0.102006437500002,"Non-significant",1.35157525276545,"TP53I3","QORX_HUMAN"
0.149968864999998,11.3612717375,3.01196788208355,0.0190456359572905,0.0489604273514313,-4.82955085224051,"EXOS7_HUMAN",15,3.0416206228051,0.0170285791520726,0.0445066336969984,0.149968864999998,"Non-significant",1.35157525276545,"EXOSC7","EXOS7_HUMAN"
0.300709722000004,10.276667834,3.70847075181489,0.0072464188258192,0.0238687238307268,-3.79695207998989,"MYADM_HUMAN",3,3.0406224054361,0.0170537103735582,0.0445585011589343,0.300709722000004,"Non-significant",1.35106942621296,"MYADM","MYADM_HUMAN"
-0.243104934500003,8.512446165,-3.1258846247791,0.0161895927379554,0.0435008215454976,-4.65765581895036,"NECT3_HUMAN",8,-3.03949305638734,0.0170821899706691,0.0446190825109296,-0.243104934500003,"Non-significant",1.35047936423006,"NECTIN3","NECT3_HUMAN"
0.0599033875000003,10.83114945875,2.63193892489059,0.0330879846710248,0.0746716526886393,-5.40723815292645,"BRD4_HUMAN",36,3.03776706767501,0.0171258120333548,0.0446982798958737,0.0599033875000003,"Non-significant",1.34970918930887,"BRD4","BRD4_HUMAN"
0.608102321500001,7.77092623725,3.01661141704642,0.0189193402543111,0.048809379140383,-4.82252744500457,"CDR2_HUMAN",5,3.03750186356004,0.0171325250793392,0.0446982798958737,0.608102321500001,"Up in D1CM",1.34970918930887,"CDR2","CDR2_HUMAN"
0.112325904999997,10.1102370025,3.02269132528301,0.018755315424008,0.0485122748215774,-4.8133334745459,"AFG1L_HUMAN",16,3.03748985920078,0.0171328290080973,0.0446982798958737,0.112325904999997,"Non-significant",1.34970918930887,"AFG1L","AFG1L_HUMAN"
-0.160944699999998,11.2470399125,-4.75240468307415,0.00194367882832044,0.00913735016392248,-2.36193334297093,"CBX1_HUMAN",5,-3.03734510344349,0.017136494409184,0.0446982798958737,-0.160944699999998,"Non-significant",1.34970918930887,"CBX1","CBX1_HUMAN"
0.227194787500002,10.57309532375,4.91024803005238,0.00161539253621531,0.00799538678083314,-2.1583643489811,"L10K_HUMAN",3,3.03724518829029,0.0171390248693159,0.0446982798958737,0.227194787500002,"Non-significant",1.34970918930887,"C19orf53","L10K_HUMAN"
-0.0739576849999963,13.7903677225,-3.20695354428866,0.0144361396097465,0.0397654316243638,-4.53590645331172,"PPCT_HUMAN",15,-3.03680210288927,0.0171502512210571,0.0447137233350727,-0.0739576849999963,"Non-significant",1.34955916469808,"PCTP","PPCT_HUMAN"
0.228636980000001,9.20495665075,2.92892987571744,0.0214610035355136,0.0537098571261414,-4.95535031283351,"TBD2A_HUMAN",28,3.03352199186315,0.0172335992663133,0.0449171330289903,0.228636980000001,"Non-significant",1.34758797167649,"TBC1D2","TBD2A_HUMAN"
0.321033597,7.477546513,3.32999640482632,0.0121507980773874,0.0349911434896817,-4.35219726952726,"PKNX1_HUMAN",4,3.03267322809995,0.0172552356816938,0.0449596233573406,0.321033597,"Non-significant",1.34717733566217,"PKNOX1","PKNX1_HUMAN"
0.127274037500001,16.33299183875,3.09844349092748,0.01683331512574,0.0448020250062717,-4.69898156479519,"RS16_HUMAN",13,3.03224324862151,0.0172662074678137,0.0449743086360327,0.127274037500001,"Non-significant",1.34703550408833,"RPS16","RS16_HUMAN"
0.0554080024999983,13.20102715625,2.67518504870024,0.0310506082990686,0.0713537560940157,-5.34135914083839,"ATLA2_HUMAN",28,3.03098609305546,0.0172983283559702,0.0450320672917087,0.0554080024999983,"Non-significant",1.34647811537832,"ATL2","ATLA2_HUMAN"
0.184838771750002,8.793608665375,2.90090237380445,0.0223474784435563,0.0553694579073298,-4.99788877519908,"ATR_HUMAN",42,3.03095722125417,0.0172990667802293,0.0450320672917087,0.184838771750002,"Non-significant",1.34647811537832,"ATR","ATR_HUMAN"
0.137369871000004,9.26246559625,3.61056329417357,0.00826679620974109,0.0264644228074089,-3.93902261446718,"TEX30_HUMAN",8,3.03054259573669,0.0173096748813462,0.0450457701682207,0.137369871000004,"Non-significant",1.34634598334964,"TEX30","TEX30_HUMAN"
0.15317201625,9.422819137375,2.96819994913112,0.0202807660924199,0.0514899329497009,-4.89581167307785,"ARP5_HUMAN",17,3.03005596739891,0.0173221338735866,0.0450642797594016,0.15317201625,"Non-significant",1.34616756566079,"ACTR5","ARP5_HUMAN"
-0.907279372,7.04237252475,-2.94112131577537,0.0210870343468902,0.0530416629394023,-4.93685823921847,"DREB_HUMAN",25,-3.02825573587867,0.0173683065593739,0.0451704584970574,-0.907279372,"Up in D1BM",1.34514550116472,"DBN1","DREB_HUMAN"
-0.900475383000003,7.0470953585,-2.96057600483904,0.0205044268867125,0.0519326364868089,-4.90736444558832,"SEM7A_HUMAN",6,-3.02585770728328,0.0174300124972275,0.0453169572298368,-0.900475383000003,"Up in D1BM",1.34373925817878,"SEMA7A","SEM7A_HUMAN"
0.33439481275,8.285100519625,2.95950073757091,0.0205361804063633,0.0519974360604496,-4.9089940729604,"CBL_HUMAN",13,3.02511338989634,0.0174492120112382,0.0453528856129283,0.33439481275,"Non-significant",1.34339507539765,"CBL","CBL_HUMAN"
-0.0863497250000016,12.308297515,-2.87317569721587,0.0232624197873221,0.057245114859967,-5.04000365189342,"5NTC_HUMAN",23,-3.02469642390127,0.0174599772664272,0.0453668768121809,-0.0863497250000016,"Non-significant",1.34326111780084,"NT5C2","5NTC_HUMAN"
-0.0926592374999995,13.38817679875,-3.55086058185847,0.00896443861715441,0.0280156892072869,-4.02621500254661,"APOH_HUMAN",11,-3.02400311287206,0.0174778926559251,0.0453994321099516,-0.0926592374999995,"Non-significant",1.34294957958908,"APOH","APOH_HUMAN"
0.510900020000001,9.202516079,3.14074816950757,0.0158518832834047,0.0428667065113308,-4.63529501616972,"TNR12_HUMAN",3,3.02367884575097,0.0174862784506778,0.0454072215221082,0.510900020000001,"Up in D1CM",1.34287507186107,"TNFRSF12A","TNR12_HUMAN"
0.0403676024999982,16.72253298875,2.22895293067376,0.0601586404674933,0.119144074365719,-6.01759744951596,"RADI_HUMAN",57,3.02160592958091,0.0175399855532148,0.0455131542880364,0.0403676024999982,"Non-significant",1.34186306468219,"RDX","RADI_HUMAN"
0.154047966000002,9.815566778,3.11839295298921,0.0163626983876921,0.0437984073387921,-4.66893262697436,"CNO11_HUMAN",11,3.02143876591125,0.0175443241292782,0.0455131542880364,0.154047966000002,"Non-significant",1.34186306468219,"CNOT11","CNO11_HUMAN"
0.396922945999997,7.69215601675,2.99557949029604,0.0194985421035407,0.0498644452035027,-4.85434870131366,"ZDHC6_HUMAN",8,3.02130083551143,0.0175479048315936,0.0455131542880364,0.396922945999997,"Non-significant",1.34186306468219,"ZDHHC6","ZDHC6_HUMAN"
0.115192417499999,13.52426743625,2.88331598787333,0.0229233191430472,0.0564807533050995,-5.02459767973145,"CP1A2_HUMAN",25,3.0212713098233,0.0175486714243823,0.0455131542880364,0.115192417499999,"Non-significant",1.34186306468219,"CYP1A2","CP1A2_HUMAN"
0.6720223425,7.06239247325,2.9623698565628,0.0204515682189088,0.0518454942908819,-4.90464589770222,"NSMA_HUMAN",7,3.02086763564619,0.0175591557811103,0.0455263377665268,0.6720223425,"Up in D1CM",1.34173728383981,"SMPD2","NSMA_HUMAN"
0.108913900000001,13.5335993775,3.50684639205359,0.00951931595542589,0.0292918726199037,-4.09075711669695,"FUS_HUMAN",10,3.02037898552252,0.0175718559591161,0.0455452564204765,0.108913900000001,"Non-significant",1.34155684849755,"FUS","FUS_HUMAN"
0.219917536000004,8.76702320575,2.92037450087202,0.021727605312378,0.0542964675891,-4.96833137919402,"STA13_HUMAN",24,3.01888380070195,0.01761077623438,0.0456321035596646,0.219917536000004,"Non-significant",1.34072951055459,"STARD13","STA13_HUMAN"
-0.110321995000001,14.0653438575,-2.956840404111,0.0206149653733067,0.0521342763671173,-4.91302621408789,"SPB6_HUMAN",18,-3.01685112688453,0.0176638327571532,0.0457555151536707,-0.110321995000001,"Non-significant",1.33955655063694,"SERPINB6","SPB6_HUMAN"
0.65141773225,7.430443048625,2.94179067957027,0.0210667017062613,0.0530063369200229,-4.93584315168204,"NR1H2_HUMAN",10,3.01537907074569,0.0177023608594962,0.0458412287817799,0.65141773225,"Up in D1CM",1.33874374954865,"NR1H2","NR1H2_HUMAN"
0.211867572000003,9.9007505185,2.90681894087995,0.0221571863204372,0.0550435966681301,-4.98890605252524,"SYTC2_HUMAN",29,3.0148722324022,0.0177156467352714,0.0458615437136373,0.211867572000003,"Non-significant",1.33855133087449,"TARS3","SYTC2_HUMAN"
-0.0983984499999977,12.7488909975,-4.91845169323312,0.00160008971449378,0.00793878479175899,-2.14788131768666,"LIN7C_HUMAN",8,-3.01350738874568,0.0177514757706493,0.0459401870650302,-0.0983984499999977,"Non-significant",1.33780724072251,"LIN7C","LIN7C_HUMAN"
0.118704079999999,13.7555664775,3.0997178330605,0.0168028273092533,0.0447491410393983,-4.69706122268214,"ZN207_HUMAN",13,3.0117893229471,0.0177966855213763,0.0460282577398847,0.118704079999999,"Non-significant",1.33697546369552,"ZNF207","ZN207_HUMAN"
0.080419305000003,12.2224320175,2.97494731251047,0.0200849686138515,0.0511160025501674,-4.88558978847902,"CPSF7_HUMAN",18,3.01161718934479,0.0178012217564813,0.0460282577398847,0.080419305000003,"Non-significant",1.33697546369552,"CPSF7","CPSF7_HUMAN"
0.116681337499999,11.56529366875,3.05611496624433,0.0178800848702231,0.0469213061553892,-4.76283187223164,"NUP35_HUMAN",14,3.0115918834393,0.0178018887450497,0.0460282577398847,0.116681337499999,"Non-significant",1.33697546369552,"NUP35","NUP35_HUMAN"
0.033033372500002,11.49204206625,2.01758781105696,0.0824459703378567,0.151633664407112,-6.33104904757038,"ITSN2_HUMAN",59,3.01129706707499,0.0178096611622164,0.0460342330378173,0.033033372500002,"Non-significant",1.33691908809886,"ITSN2","ITSN2_HUMAN"
-0.0794303425000003,11.69546878375,-3.22746707510738,0.0140252986119763,0.0389905151716187,-4.50518469070066,"NDRG3_HUMAN",14,-3.00872558745977,0.0178776057632159,0.0461949914923677,-0.0794303425000003,"Non-significant",1.33540510853781,"NDRG3","NDRG3_HUMAN"
0.101811408750001,8.217866659375,2.88718969276047,0.02279515392289,0.0562801266596485,-5.01871349506986,"HCFC2_HUMAN",22,3.00852881537245,0.0178828161394704,0.0461949914923677,0.101811408750001,"Non-significant",1.33540510853781,"HCFC2","HCFC2_HUMAN"
-0.0737090099999982,15.02857709,-3.02973098443959,0.0185672757401108,0.0482291424386423,-4.80269100876219,"GALM_HUMAN",17,-3.00768522743341,0.0179051717747957,0.046238570125537,-0.0737090099999982,"Non-significant",1.33499560443594,"GALM","GALM_HUMAN"
0.0824773312499989,9.865430235875,2.74348713954231,0.0280945152132029,0.0663329604291561,-5.2373185459748,"TOP3B_HUMAN",36,3.00574020572789,0.0179568279425431,0.0463577650008256,0.0824773312499989,"Non-significant",1.33387751039625,"TOP3B","TOP3B_HUMAN"
-0.211026191750001,9.187759160875,-2.91106519702091,0.0220216672324875,0.0548200334030234,-4.98246018943087,"TAU_HUMAN",22,-3.0050565197168,0.017975022491672,0.0463905280411217,-0.211026191750001,"Non-significant",1.3335706840874,"MAPT","TAU_HUMAN"
0.192295077499999,13.91879749375,2.96422185390593,0.0203971470106644,0.0517542300279622,-4.90183940812543,"TOM40_HUMAN",14,3.00413160815702,0.0179996674247812,0.0464399132915459,0.192295077499999,"Non-significant",1.33310859980854,"TOMM40","TOM40_HUMAN"
-1.434699535,7.0122021435,-2.92852327116672,0.0214735957985144,0.0537254197048614,-4.95596717633131,"STK39_HUMAN",5,-3.00298407342274,0.0180302935923231,0.0465046954374821,-1.434699535,"Up in D1BM",1.3325031955049,"STK39","STK39_HUMAN"
0.172040940000002,11.4690737725,4.2306896197406,0.00367632378986593,0.0146583411659319,-3.06013208299165,"CS012_HUMAN",5,3.00118909313914,0.0180783088853005,0.0466142751894152,0.172040940000002,"Non-significant",1.33148106428417,"C19orf12","CS012_HUMAN"
-0.179450511749998,9.721835374875,-3.38077366302314,0.011323392633006,0.0332761904137267,-4.27680123632169,"DRB1_HUMAN",7,-3.0009460934675,0.0180848193684894,0.0466168019746169,-0.179450511749998,"Non-significant",1.33145752344556,"HLA-DRB1","DRB1_HUMAN"
-0.0985145600000052,19.0318760875,-2.74885913612472,0.0278748213277396,0.0659376280020011,-5.2291376846633,"BIP_HUMAN",61,-3.00031132129959,0.0181018378835161,0.0466464052339214,-0.0985145600000052,"Non-significant",1.33118181916777,"HSPA5","BIP_HUMAN"
-0.0829694249999999,13.2066630125,-2.84494108640165,0.024234661690621,0.0592098444609405,-5.08292007285352,"DEOC_HUMAN",23,-2.99925082466231,0.0181303077383954,0.0467054901977186,-0.0829694249999999,"Non-significant",1.33063206542044,"DERA","DEOC_HUMAN"
0.163073780000001,11.178658605,3.32447299086526,0.0122446313592205,0.0351892252733958,-4.36041392305655,"RAB35_HUMAN",8,2.99764318235696,0.0181735557307746,0.0468025973891533,0.163073780000001,"Non-significant",1.32973004435162,"RAB35","RAB35_HUMAN"
0.179839134250003,8.851659298125,2.86678202072748,0.0234789361829484,0.0576643219947763,-5.04971947884696,"TBCD8_HUMAN",40,2.99519064977647,0.0182397410772124,0.0469586980879117,0.179839134250003,"Non-significant",1.32828395224327,"TBC1D8","TBCD8_HUMAN"
0.6532619,7.4088641405,2.91852676258431,0.0217856410208028,0.0544052937772294,-4.97113539559703,"OTUD5_HUMAN",11,2.99474425276086,0.0182518149493764,0.046975434567418,0.6532619,"Up in D1CM",1.32812919357212,"OTUD5","OTUD5_HUMAN"
0.784050703000002,7.48396301275,2.91690299505615,0.0218367767704007,0.0544723857347462,-4.97359965583403,"CAVN3_HUMAN",9,2.99108133992271,0.0183512042338767,0.047216819440582,0.784050703000002,"Up in D1CM",1.3259032706653,"CAVIN3","CAVN3_HUMAN"
0.144895314999999,10.5042234675,3.0163695793673,0.0189258958881286,0.048809379140383,-4.82289319564358,"ENDD1_HUMAN",13,2.99078594941384,0.0183592440316636,0.0472230906142486,0.144895314999999,"Non-significant",1.32584559301354,"ENDOD1","ENDD1_HUMAN"
-0.234521627500005,12.66291487125,-3.73703373490779,0.00697505148097636,0.0231564309343162,-3.75572638618888,"CD99_HUMAN",4,-2.99029479192766,0.0183726202973585,0.0472430800751785,-0.234521627500005,"Non-significant",1.32566179573152,"CD99","CD99_HUMAN"
0.0853171349999986,10.0022716525,2.69237657211036,0.0302773086342783,0.0699581783109461,-5.31516956960274,"APC1_HUMAN",59,2.98837438620819,0.0184250191016564,0.0473587957193309,0.0853171349999986,"Non-significant",1.32459934976273,"ANAPC1","APC1_HUMAN"
0.200466395000001,10.4302085625,2.97864881511459,0.0199784055704132,0.0509216754015764,-4.87998326240203,"HAKAI_HUMAN",12,2.98823389100076,0.0184288586972838,0.0473587957193309,0.200466395000001,"Non-significant",1.32459934976273,"CBLL1","HAKAI_HUMAN"
0.0616812700000011,11.575457095,2.68807452741488,0.0304689221205909,0.0702313767183162,-5.32172323995115,"AACS_HUMAN",28,2.98759333447067,0.0184463751090314,0.0473893617171673,0.0616812700000011,"Non-significant",1.32431914073252,"AACS","AACS_HUMAN"
0.379214286999998,8.8343167305,3.28914217511935,0.012863482842817,0.0365071706673752,-4.4130410410552,"CR032_HUMAN",3,2.98670760375939,0.0184706247153053,0.0474372016225803,0.379214286999998,"Non-significant",1.32388093844054,"C18orf32","CR032_HUMAN"
-0.0853803175000003,12.73433005625,-2.78230308873203,0.0265468445215453,0.0634609621304893,-5.17821796896359,"CFAI_HUMAN",28,-2.98509194252176,0.0185149445254933,0.0475365420059041,-0.0853803175000003,"Non-significant",1.32297241373901,"CFI","CFAI_HUMAN"
-0.169413569999998,15.0488896375,-4.25466173140664,0.00356706784425899,0.0143311796278642,-3.02720241795336,"CRP_HUMAN",5,-2.98470776969138,0.0185254993088927,0.047549157635401,-0.169413569999998,"Non-significant",1.32285717247079,"CRP","CRP_HUMAN"
0.229981899000002,8.3375616075,2.97293309232766,0.0201432082213785,0.0512178286871794,-4.88864096463795,"CLK3_HUMAN",11,2.98289917763215,0.0185752734526694,0.047623284243333,0.229981899000002,"Non-significant",1.32218065765912,"CLK3","CLK3_HUMAN"
0.113643884500002,8.63812124725,2.80279393167715,0.025766034752907,0.0619988315535979,-5.14703143693001,"MAGI3_HUMAN",36,2.98276551907237,0.0185789574186118,0.047623284243333,0.113643884500002,"Non-significant",1.32218065765912,"MAGI3","MAGI3_HUMAN"
-0.143209219999999,10.9454571,-2.93889325897712,0.0211548631002299,0.053196402467732,-4.94023723677443,"BORC5_HUMAN",16,-2.98269407265295,0.0185809269756017,0.047623284243333,-0.143209219999999,"Non-significant",1.32218065765912,"BORCS5","BORC5_HUMAN"
-0.0956306450000017,11.034956695,-2.82606582309435,0.0249083304166686,0.060409602029744,-5.11162533807481,"AKT1_HUMAN",25,-2.98269107480639,0.0185810096217502,0.047623284243333,-0.0956306450000017,"Non-significant",1.32218065765912,"AKT1","AKT1_HUMAN"
-0.708770633,8.3295660615,-3.05191040798368,0.0179877663488113,0.047134574342196,-4.76918082943305,"ATNG_HUMAN",2,-2.9826323287135,0.0185826292414666,0.047623284243333,-0.708770633,"Up in D1BM",1.32218065765912,"FXYD2","ATNG_HUMAN"
0.28537011125,8.622488140875,2.9117221136461,0.0220007798120098,0.0547842165540416,-4.98146305392081,"CP2U1_HUMAN",15,2.98215238550745,0.0185958667366954,0.0476427236241962,0.28537011125,"Non-significant",1.32200341886961,"CYP2U1","CP2U1_HUMAN"
0.17001867325,8.950714588125,2.90558384887041,0.0221967687918673,0.0551094445203681,-4.99078108393975,"PTN9_HUMAN",18,2.98003714767018,0.0186543257735978,0.0477779738516122,0.17001867325,"Non-significant",1.32077227157489,"PTPN9","PTN9_HUMAN"
0.173326730500001,9.0828443765,2.84620007463164,0.0241904130000213,0.0591188724781616,-5.0810058266382,"GANP_HUMAN",44,2.97955335579682,0.0186677234181612,0.0477977644871449,0.173326730500001,"Non-significant",1.32059241496949,"MCM3AP","GANP_HUMAN"
-0.0767266775,14.45883786625,-3.2135878662068,0.0143018825265172,0.0395150081279531,-4.52596673812738,"OTUB1_HUMAN",14,-2.97909302527853,0.0186804807091569,0.0478159040077388,-0.0767266775,"Non-significant",1.32042762903633,"OTUB1","OTUB1_HUMAN"
-0.0995194900000023,15.07557571,-2.94990784011092,0.0208217727049027,0.052562660116689,-4.92353527893589,"TBB6_HUMAN",17,-2.97880184521295,0.018688554994649,0.0478220491954756,-0.0995194900000023,"Non-significant",1.32037181811527,"TUBB6","TBB6_HUMAN"
0.248553749500001,10.24763369525,3.19047665196765,0.0147754220866001,0.0405410262916512,-4.56060855412314,"I10R2_HUMAN",6,2.97600884616912,0.018766189554876,0.0480061340692108,0.248553749500001,"Non-significant",1.31870326632849,"IL10RB","I10R2_HUMAN"
0.2628617285,7.8283411265,2.96550847366219,0.0203594294697539,0.0516740834087791,-4.89988978973179,"SALL1_HUMAN",10,2.97525274549712,0.0187872642921596,0.0480454644170551,0.2628617285,"Non-significant",1.318347604283,"SALL1","SALL1_HUMAN"
0.369759320999998,8.59435784825,2.8914948000752,0.0226535988136763,0.0559962417596709,-5.01217471893616,"TAF2_HUMAN",18,2.97403467224907,0.0188212677206021,0.0481178239663194,0.369759320999998,"Non-significant",1.31769402099945,"TAF2","TAF2_HUMAN"
0.1788902275,11.35689306375,2.84273416667693,0.0243124316191793,0.0593482438801224,-5.08627574141418,"EXOC4_HUMAN",45,2.97331064957826,0.0188415099025643,0.0481549687594647,0.1788902275,"Non-significant",1.31735889455223,"EXOC4","EXOC4_HUMAN"
0.202775001500001,9.30926823625,3.01623182739792,0.0189296310843412,0.048809379140383,-4.82310153064129,"RETR2_HUMAN",10,2.97182949244175,0.018882991086083,0.0482463570368577,0.202775001500001,"Non-significant",1.31653547358485,"RETREG2","RETR2_HUMAN"
-0.212088107500001,10.53845357875,-3.99235740253827,0.00498556752576749,0.0181998045364635,-3.39186541618438,"GSKIP_HUMAN",4,-2.97059586628566,0.0189176129506159,0.048320169563861,-0.212088107500001,"Non-significant",1.31587155036954,"GSKIP","GSKIP_HUMAN"
0.0892751224999966,11.00636684875,2.72022422975039,0.0290669335013626,0.0679814601784087,-5.27274933044783,"EXOC2_HUMAN",42,2.96977078382205,0.0189408060904683,0.0483647544794176,0.0892751224999966,"Non-significant",1.3154710125532,"EXOC2","EXOC2_HUMAN"
0.0836632250000005,14.4300173525,2.96387108045522,0.0204074427973327,0.0517647713929334,-4.90237095122276,"ORNT1_HUMAN",17,2.96909426383191,0.0189598453477417,0.0483987087934934,0.0836632250000005,"Non-significant",1.31516622454032,"SLC25A15","ORNT1_HUMAN"
0.102803468499998,9.67785608775,2.77661945795531,0.0267677774310355,0.0638623254928384,-5.18686999609649,"PLD1_HUMAN",34,2.96843451714214,0.0189784318615734,0.0484230207131363,0.102803468499998,"Non-significant",1.31494812199617,"PLD1","PLD1_HUMAN"
-0.0717544550000042,18.383966445,-2.63674535729967,0.0328548513431808,0.0743744505755141,-5.39991679472204,"AL1A1_HUMAN",43,-2.96834841373671,0.0189808589911261,0.0484230207131363,-0.0717544550000042,"Non-significant",1.31494812199617,"ALDH1A1","AL1A1_HUMAN"
-0.0771698925000006,12.64893126375,-2.82433955471006,0.0249709142450583,0.0605000966288004,-5.11425117409368,"SAE1_HUMAN",22,-2.96766860344435,0.019000033272438,0.0484544811907203,-0.0771698925000006,"Non-significant",1.31466605212391,"SAE1","SAE1_HUMAN"
-1.4199370145,7.685508311,-2.88542259627326,0.0228535262991457,0.0563912099459892,-5.02139765229573,"NCAM1_HUMAN",10,-2.9675036832343,0.0190046879601995,0.0484544811907203,-1.4199370145,"Up in D1BM",1.31466605212391,"NCAM1","NCAM1_HUMAN"
-0.0672850575000012,11.90516877125,-2.86508894581428,0.0235366244903441,0.0577723377487217,-5.05229252933113,"CP2CI_HUMAN",20,-2.96692976503597,0.0190208954684855,0.0484811393721996,-0.0672850575000012,"Non-significant",1.31442718221544,"CYP2C18","CP2CI_HUMAN"
0.78080403825,6.966915667125,2.89648741529899,0.0224905947742761,0.0556422727773329,-5.00459268254944,"NFIL3_HUMAN",8,2.96657188763976,0.0190310092895583,0.0484922543233635,0.78080403825,"Up in D1CM",1.31432762579497,"NFIL3","NFIL3_HUMAN"
0.131240840000004,16.3207311625,4.7828383879513,0.0018750478796185,0.00890410060693201,-2.32240628837296,"CISD1_HUMAN",6,2.96608373215198,0.0190448139256122,0.0485127641520051,0.131240840000004,"Non-significant",1.314143979512,"CISD1","CISD1_HUMAN"
0.063736200000001,11.8224853275,2.5904506482525,0.0351730194114733,0.0782616255977443,-5.47042331550339,"DDX23_HUMAN",40,2.96462261600805,0.0190861957915263,0.0486034877120166,0.063736200000001,"Non-significant",1.31333256531104,"DDX23","DDX23_HUMAN"
0.124620199250003,9.300257802125,3.26148663847101,0.0133712077690764,0.0375811638164538,-4.45431658183039,"SNX11_HUMAN",10,2.96388706552575,0.0191070637417454,0.0486419330350866,0.124620199250003,"Non-significant",1.31298917448799,"SNX11","SNX11_HUMAN"
0.32888054875,9.441653370875,3.21246640620954,0.01432448342953,0.0395483363339367,-4.5276466768333,"CD320_HUMAN",4,2.96228545914783,0.0191525848383784,0.0487430971022619,0.32888054875,"Non-significant",1.31208687950728,"CD320","CD320_HUMAN"
0.189217327500003,15.20302641375,2.90001571791712,0.0223761434153924,0.0554241883186432,-4.99923505426396,"RL8_HUMAN",16,2.96151224183532,0.0191746019672567,0.0487844008397243,0.189217327500003,"Non-significant",1.31171902455943,"RPL8","RL8_HUMAN"
0.243377924000001,7.170425415,3.03544938713941,0.0184159974301873,0.0479248046739886,-4.79404826867031,"RAD17_HUMAN",8,2.96099451914772,0.0191893587750216,0.0488072133719546,0.243377924000001,"Non-significant",1.31151598750289,"RAD17","RAD17_HUMAN"
-0.096226930000002,10.5532592525,-4.86003370603489,0.00171265903127458,0.00833946078011225,-2.22273951298079,"STEEP_HUMAN",8,-2.95777584442854,0.0192813687849492,0.0490264426812479,-0.096226930000002,"Non-significant",1.30956961766453,"STEEP1","STEEP_HUMAN"
0.155493259750001,8.876474618875,2.92160772297361,0.0216889615816827,0.0542159718778184,-4.96646000257412,"ORC4_HUMAN",15,2.95729542824008,0.0192951416705521,0.049046667412872,0.155493259750001,"Non-significant",1.30939049640574,"ORC4","ORC4_HUMAN"
-0.0783789149999983,11.1195622675,-2.72959297102252,0.0286711534661028,0.0673602683295703,-5.25847941619516,"FAF1_HUMAN",29,-2.95692888866667,0.0193056567929323,0.0490586014795376,-0.0783789149999983,"Non-significant",1.30928483644714,"FAF1","FAF1_HUMAN"
0.0942785725000004,12.18384420875,2.90491984672064,0.0222180796124906,0.0551298772604307,-4.99178915356879,"TGT_HUMAN",18,2.95558727849716,0.019344195488796,0.0491417190401028,0.0942785725000004,"Non-significant",1.30854965541449,"QTRT1","TGT_HUMAN"
0.0965080250000021,14.5365431325,3.60448335481914,0.00833508807193084,0.0266122944539034,-3.94788296711369,"ISG20_HUMAN",10,2.95515350359883,0.0193566731986841,0.0491586015039796,0.0965080250000021,"Non-significant",1.30840048070307,"ISG20","ISG20_HUMAN"
-0.081023694999999,12.6756572725,-2.65695137260933,0.031893257035801,0.0727546044803157,-5.36913637977195,"SP16H_HUMAN",51,-2.95401215733439,0.0193895447462068,0.049227250802945,-0.081023694999999,"Non-significant",1.30779441761846,"SUPT16H","SP16H_HUMAN"
-0.0645799625000016,17.38068485125,-2.81667576787436,0.0252507521198932,0.0610027485292577,-5.12590965034778,"PARK7_HUMAN",21,-2.95374380125588,0.0193972820640542,0.0492320657988294,-0.0645799625000016,"Non-significant",1.30775194066012,"PARK7","PARK7_HUMAN"
0.154658794250002,8.930197715625,3.31431575644763,0.0124192154324788,0.0355696795380101,-4.37553152799042,"CC174_HUMAN",8,2.95264365489464,0.0194290355881834,0.0492978148623715,0.154658794250002,"Non-significant",1.30717233050464,"CCDC174","CC174_HUMAN"
0.184746259999997,10.274121285,2.8836520613891,0.0229121698786241,0.0564697894464685,-5.02408715794859,"MTA1_HUMAN",17,2.95226935739218,0.0194398513363401,0.0493104143587153,0.184746259999997,"Non-significant",1.3070613480479,"MTA1","MTA1_HUMAN"
1.252944112,6.358616054,2.91302724470154,0.021959343516778,0.0547222127487867,-4.97948204892944,"TUSC1_HUMAN",2,2.95178833698445,0.0194537602163869,0.0493308251453665,1.252944112,"Up in D1CM",1.30688162013319,"TUSC1","TUSC1_HUMAN"
-0.132935520000004,13.12237811,-3.52793782834978,0.00924894049065563,0.0286931613528658,-4.0598014826462,"CSN8_HUMAN",8,-2.95155771032889,0.0194604325634173,0.0493308251453665,-0.132935520000004,"Non-significant",1.30688162013319,"COPS8","CSN8_HUMAN"
0.239397049000001,9.14152646075,2.95623803848147,0.0206328484777718,0.0521482098408212,-4.91393924183122,"ZC12A_HUMAN",10,2.95138414929164,0.019465455502846,0.0493308251453665,0.239397049000001,"Non-significant",1.30688162013319,"ZC3H12A","ZC12A_HUMAN"
0.0944621549999987,12.964619755,2.73279897254735,0.0285370106492847,0.067151999654612,-5.2535964473177,"PYRG1_HUMAN",37,2.95031971439418,0.0194962904491479,0.0493941184838796,0.0944621549999987,"Non-significant",1.30632476083476,"CTPS1","PYRG1_HUMAN"
-0.0793409374999996,16.43886041625,-2.73424338522774,0.0284767887932581,0.0670477242285956,-5.25139654423993,"SERA_HUMAN",28,-2.94865226044164,0.0195446966708197,0.0495018774754626,-0.0793409374999996,"Non-significant",1.30537832911147,"PHGDH","SERA_HUMAN"
0.311120750000001,12.9147306675,4.04790713511535,0.00464031406713721,0.0172640925291008,-3.31384782649143,"VATL_HUMAN",2,2.94779390000377,0.0195696639085318,0.0495502244172469,0.311120750000001,"Non-significant",1.30495437421703,"ATP6V0C","VATL_HUMAN"
-0.143383265000001,10.568487525,-3.13178403562081,0.0160546480583012,0.0432485230052479,-4.6487787093355,"GGPPS_HUMAN",10,-2.94633031995092,0.0196123122387558,0.0496426393479256,-0.143383265000001,"Non-significant",1.3041451364447,"GGPS1","GGPPS_HUMAN"
0.0581891549999973,13.537168385,2.59595746165781,0.034888616371742,0.0777567814377084,-5.4620381306079,"CLPB_HUMAN",31,2.94613737588551,0.0196179418279677,0.0496426393479256,0.0581891549999973,"Non-significant",1.3041451364447,"CLPB","CLPB_HUMAN"
0.063534494999999,11.44283712,2.54445547421217,0.0376440893738514,0.0824423972418948,-5.54043386788743,"FKB15_HUMAN",49,2.94520234622294,0.0196452474398052,0.0496968159274065,0.063534494999999,"Non-significant",1.30367143560178,"FKBP15","FKB15_HUMAN"
-0.0946457400000025,13.5788503875,-4.04719932061117,0.00464454572746767,0.0172690233510476,-3.314839285652,"RFA2_HUMAN",9,-2.94199253597601,0.0197392862483535,0.0499197251087224,-0.0946457400000025,"Non-significant",1.30172781483392,"RPA2","RFA2_HUMAN"
0.313649415999997,8.24548923975,2.94767743695064,0.0208887727820712,0.0526383394590702,-4.92691686251162,"STK11_HUMAN",8,2.94086500743282,0.0197724314637267,0.0499885497323793,0.313649415999997,"Non-significant",1.30112946281455,"STK11","STK11_HUMAN"
-0.124269484999996,17.810916425,-2.90872568710453,0.0220962243375201,0.0549569415582642,-4.98601149289064,"NPM_HUMAN",16,-2.93979634056312,0.0198039001014179,0.050053095638636,-0.124269484999996,"Non-significant",1.30056905750129,"NPM1","NPM_HUMAN"
-0.0914950350000012,15.1084723475,-3.42642530685306,0.0106309562038841,0.0317309949867348,-4.20923877779617,"GBB1_HUMAN",11,-2.93897223191924,0.0198282030969475,0.0500994975731927,-0.0914950350000012,"Non-significant",1.30016662946777,"GNB1","GBB1_HUMAN"
-0.352979897500003,12.43055713125,-3.63916228794391,0.00795356774124697,0.0256707405787354,-3.89740388352505,"RAB6D_HUMAN",2,-2.93707364777902,0.0198843112037325,0.0502262089110761,-0.352979897500003,"Non-significant",1.29906960127775,"RAB6D","RAB6D_HUMAN"
0.612246394249999,8.199142754125,3.05525151013016,0.017902142695511,0.0469645691815941,-4.76413561156325,"NFIP2_HUMAN",2,2.93667240195549,0.0198961903033867,0.0502411587978569,0.612246394249999,"Non-significant",1.2989403522782,"NDFIP2","NFIP2_HUMAN"
0.0644247574999994,15.37264025125,2.80047634206916,0.0258531288457887,0.0620843370487615,-5.15055823893129,"CNN3_HUMAN",21,2.93638292979497,0.019904764891741,0.0502477577934965,0.0644247574999994,"Non-significant",1.29888331300474,"CNN3","CNN3_HUMAN"
0.0732047557500017,8.792623639125,2.63748391349793,0.032819179368768,0.0743237138364711,-5.3987917778435,"KI16B_HUMAN",38,2.93481750956042,0.0199512019322977,0.0503441977228419,0.0732047557500017,"Non-significant",1.2980505756001,"KIF16B","KI16B_HUMAN"
-0.0612733349999992,12.477859615,-2.93067458807253,0.0214070592347765,0.0536066851722909,-4.95270348240444,"NMNA1_HUMAN",18,-2.9346925600789,0.0199549133458316,0.0503441977228419,-0.0612733349999992,"Non-significant",1.2980505756001,"NMNAT1","NMNA1_HUMAN"
-0.0433959974999993,11.05017638375,-2.45691553434379,0.0428534144220737,0.0909852468926093,-5.67348621727444,"DJC10_HUMAN",29,-2.93341692188991,0.019992845362229,0.0504248035781653,-0.0433959974999993,"Non-significant",1.29735578483726,"DNAJC10","DJC10_HUMAN"
0.127269267499999,11.09261989875,2.94869121069202,0.0208582914424544,0.0526233279163268,-4.92537981760278,"IMP4_HUMAN",14,2.93247474191935,0.0200209101641376,0.0504676146202126,0.127269267499999,"Non-significant",1.2969872219507,"IMP4","IMP4_HUMAN"
0.14133548725,8.740906953875,2.90649134043634,0.0221676780802526,0.0550534350437388,-4.98940338642536,"ADPRH_HUMAN",15,2.93244508595813,0.0200217941974126,0.0504676146202126,0.14133548725,"Non-significant",1.2969872219507,"ADPRH","ADPRH_HUMAN"
-0.0702767399999988,14.3600251675,-2.90815838860292,0.0221143433860285,0.0549857818291546,-4.98687267073271,"FCL_HUMAN",18,-2.93196138519477,0.0200362189021998,0.0504888756731367,-0.0702767399999988,"Non-significant",1.29680430041541,"GFUS","FCL_HUMAN"
0.317162156249999,8.308954179375,2.91291526695241,0.0219628954477572,0.0547222127487867,-4.97965201239229,"UBP22_HUMAN",9,2.93115210853849,0.0200603770868509,0.0505346438927275,0.317162156249999,"Non-significant",1.29641079033657,"USP22","UBP22_HUMAN"
0.11975479,10.8306016925,2.90218644617274,0.0223060337417409,0.0552830221726357,-4.99593912707851,"CNOT9_HUMAN",16,2.92940526601279,0.0201126269652179,0.0506511301732361,0.11975479,"Non-significant",1.29541085982938,"CNOT9","CNOT9_HUMAN"
-0.0540318475000028,14.47279763125,-2.94806348369753,0.020877159903063,0.0526383394590702,-4.92633154714017,"TPMT_HUMAN",18,-2.92856217439128,0.0201378956006972,0.050699618285029,-0.0540318475000028,"Non-significant",1.29499531043648,"TPMT","TPMT_HUMAN"
0.0729482200000042,16.03564465,2.82664350848237,0.0248874238455572,0.0603941158342853,-5.11074663756482,"SC22B_HUMAN",20,2.92407158929642,0.0202730449848725,0.0510246330777816,0.0729482200000042,"Non-significant",1.29222010964703,"SEC22B","SC22B_HUMAN"
-0.142400026000001,9.94301378675,-2.86402979867037,0.0235727885905786,0.0578229935155241,-5.05390222163387,"MRTFA_HUMAN",17,-2.92186332811689,0.020339852581066,0.0511774977330762,-0.142400026000001,"Non-significant",1.29092095227618,"MRTFA","MRTFA_HUMAN"
0.0991470799999998,10.9959532025,2.697817651581,0.0300367568599437,0.0695548965858421,-5.30688081559655,"ITA6_HUMAN",49,2.92158629459109,0.0203482500395534,0.0511833481299299,0.0991470799999998,"Non-significant",1.29087130839034,"ITGA6","ITA6_HUMAN"
0.0619182599999988,13.0168380725,2.72572840206583,0.0288337260157249,0.0676424927877944,-5.26436558681558,"GALK2_HUMAN",23,2.92032483897469,0.0203865332006772,0.0512643461660227,0.0619182599999988,"Non-significant",1.29018457731862,"GALK2","GALK2_HUMAN"
0.109153032,9.390208602,2.79169546097771,0.0261859163293876,0.0627405027687345,-5.16392178960226,"TAF4_HUMAN",24,2.92001796196055,0.020395857805211,0.0512724978944597,0.109153032,"Non-significant",1.29011552407794,"TAF4","TAF4_HUMAN"
-0.145051956250001,9.202558755875,-3.02347130100469,0.0187343822229247,0.0484951520514111,-4.81215416695967,"NSRP1_HUMAN",11,-2.91946175728135,0.020412769711115,0.0512997125506824,-0.145051956250001,"Non-significant",1.28988506837751,"NSRP1","NSRP1_HUMAN"
-0.0703101175000018,15.76147627875,-3.08857717648888,0.0170713562726779,0.0453068205360208,-4.71385329668715,"DHB8_HUMAN",15,-2.91882067443711,0.0204322805944383,0.051333440575416,-0.0703101175000018,"Non-significant",1.28959962658587,"HSD17B8","DHB8_HUMAN"
-0.073601720000001,12.6574716575,-2.66442978075498,0.0315448127599175,0.0721746000959132,-5.35774382326822,"UBP2L_HUMAN",31,-2.91828366214387,0.0204486391657127,0.0513592310869465,-0.073601720000001,"Non-significant",1.28938148683165,"UBAP2L","UBP2L_HUMAN"
-0.144756794000003,8.83367609975,-3.02076869529567,0.0188070212346715,0.0485824033058677,-4.81624061130811,"FGOP2_HUMAN",11,-2.91645183735714,0.020504543598313,0.0514843008609413,-0.144756794000003,"Non-significant",1.28832518045151,"FGFR1OP2","FGOP2_HUMAN"
-1.533134818,7.463285625,-2.84396514559883,0.0242690207566115,0.059259436835886,-5.08440399186287,"PGS1_HUMAN",4,-2.91445916049513,0.0205655383588071,0.0516220735039861,-1.533134818,"Non-significant",1.287164555134,"BGN","PGS1_HUMAN"
-0.0787677725000009,15.17378091875,-2.68692058115414,0.0305205332930826,0.0703081648339418,-5.32348115442576,"PSD13_HUMAN",30,-2.91320494471051,0.020604026401916,0.0517032862583358,-0.0787677725000009,"Non-significant",1.28648185229283,"PSMD13","PSD13_HUMAN"
0.133576869999997,9.086214304,3.25988561345956,0.0134012489574773,0.0376530424875253,-4.45670822365382,"RND3_HUMAN",9,2.91245432607561,0.0206270965759064,0.05174577292807,0.133576869999997,"Non-significant",1.2861251216004,"RND3","RND3_HUMAN"
0.1802105925,10.28490757875,2.86348133686069,0.0235915384999066,0.0578397550947391,-5.05473579023744,"PI42B_HUMAN",15,2.91216361804982,0.0206360387000385,0.0517528027975675,0.1802105925,"Non-significant",1.28606612497142,"PIP4K2B","PI42B_HUMAN"
0.258460044500001,9.51142168025,3.40214022564027,0.0109934683270889,0.0325937194966697,-4.2451528409474,"PCFT_HUMAN",4,2.91140184137802,0.0206594900207767,0.0517875092385156,0.258460044500001,"Non-significant",1.28577497621866,"SLC46A1","PCFT_HUMAN"
0.4057025875,12.41577863625,2.9630632552492,0.0204311746781615,0.0518093776661321,-4.90359511041954,"NDUB1_HUMAN",5,2.91131498815543,0.0206621655675795,0.0517875092385156,0.4057025875,"Non-significant",1.28577497621866,"NDUFB1","NDUB1_HUMAN"
0.186517715500001,8.8523392675,3.02577961804691,0.0186725756775544,0.0483833816126978,-4.80866425695718,"SPIR1_HUMAN",9,2.91106901251753,0.0206697449055864,0.0517911057696752,0.186517715500001,"Non-significant",1.285744816448,"SPIRE1","SPIR1_HUMAN"
0.0908114925000039,14.57342732125,2.78742573352494,0.0263493519770386,0.0630782981580399,-5.17042051622704,"DNJA3_HUMAN",22,2.91077987996622,0.0206786577667673,0.0517980405099797,0.0908114925000039,"Non-significant",1.28568666905398,"DNAJA3","DNJA3_HUMAN"
0.0453894150000025,15.245155455,2.35463095566855,0.0498864259680919,0.102584211877298,-5.82842592681672,"MCCA_HUMAN",39,2.90810077125834,0.0207614357189656,0.0519899410799647,0.0453894150000025,"Non-significant",1.2840806747507,"MCCC1","MCCA_HUMAN"
-0.0636398800000055,12.2984246025,-2.80447769156819,0.0257029524091093,0.0619000531018235,-5.14446925413391,"AL3A1_HUMAN",20,-2.90541572286233,0.0208447444875694,0.0521830565149161,-0.0636398800000055,"Non-significant",1.28247048658717,"ALDH3A1","AL3A1_HUMAN"
0.199090719499999,8.8122035265,2.83429083936361,0.0246123922115204,0.0599887176162989,-5.09911545874661,"ZMYM3_HUMAN",17,2.90435044054441,0.0208778935711868,0.0522505240236146,0.199090719499999,"Non-significant",1.28190934962987,"ZMYM3","ZMYM3_HUMAN"
-0.0809476350000011,14.48896277,-2.89953733529856,0.0223916252574679,0.0554462424486477,-4.99996143394815,"ADRM1_HUMAN",17,-2.90293364317883,0.0209220662899314,0.0523455318366969,-0.0809476350000011,"Non-significant",1.28112038335446,"ADRM1","ADRM1_HUMAN"
0.062661649999999,14.3099908825,2.50498743613589,0.0399070370850279,0.0865017032169085,-5.60045991058635,"UFL1_HUMAN",50,2.90178114634642,0.0209580706553465,0.0524200526866218,0.062661649999999,"Non-significant",1.28050254688622,"UFL1","UFL1_HUMAN"
0.0714139949999968,16.501769065,2.70328679601153,0.0297969684819576,0.0692278520767421,-5.29854945795271,"DLDH_HUMAN",25,2.90123883138783,0.0209750351230506,0.0524469211071474,0.0714139949999968,"Non-significant",1.28028000194943,"DLD","DLDH_HUMAN"
0.0739860550000024,10.63755536,2.57865415565803,0.0357903546698737,0.0791802885859227,-5.48838378841564,"TENS2_HUMAN",52,2.90081613801764,0.0209882675805469,0.0524644446727252,0.0739860550000024,"Non-significant",1.28013491971076,"TNS2","TENS2_HUMAN"
0.0898022649999977,11.010902165,2.65874730241276,0.0318092154902193,0.0726218519412401,-5.36640048783023,"SYF1_HUMAN",45,2.89988608737639,0.0210174136020846,0.0525217252451738,0.0898022649999977,"Non-significant",1.27966101654766,"XAB2","SYF1_HUMAN"
0.0455930250000023,12.2104381325,2.28744671486599,0.0551352833362324,0.111100957026322,-5.92975129401973,"MYO1E_HUMAN",53,2.89813760634313,0.0210723221263192,0.0526433323066817,0.0455930250000023,"Non-significant",1.27865662781737,"MYO1E","MYO1E_HUMAN"
0.0453934725000025,14.38163471125,2.31892779963926,0.0526094183963108,0.106957257033889,-5.88232404316946,"ES8L2_HUMAN",44,2.89756385525631,0.0210903725666758,0.0526728149228178,0.0453934725000025,"Non-significant",1.27841347160303,"EPS8L2","ES8L2_HUMAN"
0.0409953574999982,11.82108938625,2.2799473176567,0.0557548833261499,0.112199226630562,-5.94103480971504,"DDX42_HUMAN",38,2.89713914909445,0.021103744388915,0.0526899032870305,0.0409953574999982,"Non-significant",1.27827259857938,"DDX42","DDX42_HUMAN"
-0.122914787500005,16.06269383375,-2.91778572970946,0.0218089619986524,0.0544352208133375,-4.97225998621709,"CATZ_HUMAN",14,-2.89694954657223,0.0211097168585007,0.0526899032870305,-0.122914787500005,"Non-significant",1.27827259857938,"CTSZ","CATZ_HUMAN"
0.0962920250000003,10.605274915,2.74872854377433,0.0278801407283346,0.0659376280020011,-5.22933655492825,"ATTY_HUMAN",25,2.89609474420224,0.0211366650045307,0.052741548053046,0.0962920250000003,"Non-significant",1.27784712708281,"TAT","ATTY_HUMAN"
0.122591255000001,11.03004396,2.91392822682351,0.0219307863871666,0.0546745337052433,-4.97811452941039,"NEP1_HUMAN",14,2.89285496489109,0.0212391273290151,0.052981534257552,0.122591255000001,"Non-significant",1.27587546940721,"EMG1","NEP1_HUMAN"
-0.146107195000001,13.2352144725,-2.98846964555125,0.0196985555134186,0.0502844107881905,-4.86511168334824,"TTC36_HUMAN",11,-2.89210500682558,0.0212629195542071,0.0530251919888792,-0.146107195000001,"Non-significant",1.27551775035388,"TTC36","TTC36_HUMAN"
-0.0942668899999948,15.6820006375,-3.30412876638236,0.0125969883095885,0.0359080197705516,-4.39070330368175,"TMED2_HUMAN",11,-2.88934555192168,0.0213507022639661,0.0532283553336203,-0.0942668899999948,"Non-significant",1.27385695258674,"TMED2","TMED2_HUMAN"
0.0649075524999976,11.98562455125,2.93128890833584,0.021388099249485,0.0535751229045791,-4.95177155708116,"TATD1_HUMAN",17,2.88913271944633,0.0213574884980847,0.0532295300267167,0.0649075524999976,"Non-significant",1.27384736827595,"TATDN1","TATD1_HUMAN"
0.256078482500001,10.62093412875,5.19273632335485,0.00117027931756726,0.00630305710400922,-1.80287130272564,"S46A3_HUMAN",2,2.88857934284634,0.0213751436303447,0.0532577847059341,0.256078482500001,"Non-significant",1.27361690229809,"SLC46A3","S46A3_HUMAN"
0.097111224999999,16.7406313425,2.7068468040157,0.0296419557058782,0.0689627503849979,-5.29312645776733,"RS3_HUMAN",31,2.88801052893523,0.0213933071524688,0.0532852061797977,0.097111224999999,"Non-significant",1.27339334944025,"RPS3","RS3_HUMAN"
-0.0843253149999974,15.514092925,-2.77620682726564,0.0267838917974319,0.0638826892927428,-5.18749815833761,"HEBP1_HUMAN",21,-2.88783884385349,0.0213987926110589,0.0532852061797977,-0.0843253149999974,"Non-significant",1.27339334944025,"HEBP1","HEBP1_HUMAN"
0.131482841499997,10.05728256675,2.77982418648021,0.0266429685071607,0.0636366057089424,-5.18199144589858,"SMG9_HUMAN",23,2.88708834488802,0.0214227888131886,0.0533292046386199,0.131482841499997,"Non-significant",1.27303489341509,"SMG9","SMG9_HUMAN"
-2.9132047905,8.23413914475,-2.81737067585103,0.0252252430942323,0.0609935668506266,-5.12485245763227,"CALR3_HUMAN",1,-2.88676714717555,0.0214330672586044,0.0533390386544957,-2.9132047905,"Non-significant",1.27295481599541,"CALR3","CALR3_HUMAN"
0.154531478749998,9.519156217625,3.09685846677995,0.0168713177529674,0.0448465270702498,-4.70137024418842,"GPAT3_HUMAN",9,2.88509490824092,0.0214866627067647,0.0534538015437084,0.154531478749998,"Non-significant",1.27202140306987,"GPAT3","GPAT3_HUMAN"
0.0577356799999986,15.0097907775,2.63440560315856,0.0329681262821372,0.074524606830444,-5.40348083079135,"PGAM5_HUMAN",25,2.88481122443071,0.0214957686678654,0.0534538015437084,0.0577356799999986,"Non-significant",1.27202140306987,"PGAM5","PGAM5_HUMAN"
0.0513491624999993,16.53062319625,2.38520904347397,0.0476684405800051,0.0989892302657953,-5.78218165581114,"ACTN1_HUMAN",47,2.88473528120578,0.0214982070510347,0.0534538015437084,0.0513491624999993,"Non-significant",1.27202140306987,"ACTN1","ACTN1_HUMAN"
0.164875030500001,9.45207309725,3.56318824251901,0.00881534760622842,0.0276713550936562,-4.00817729074839,"CB076_HUMAN",6,2.88413464945336,0.0215175022890874,0.0534860002343608,0.164875030500001,"Non-significant",1.27175987810227,"C2orf76","CB076_HUMAN"
0.106564280000002,14.624905705,2.93825518581478,0.0211743302961704,0.0532294751167375,-4.94120496218427,"ERF3A_HUMAN",14,2.88246243512583,0.0215713172383692,0.0536039602011245,0.106564280000002,"Non-significant",1.27080312392734,"GSPT1","ERF3A_HUMAN"
0.0906267145000008,10.09424090275,2.77399724452046,0.0268703548246892,0.0640588689503549,-5.19086194341773,"RMC1_HUMAN",21,2.88138896988563,0.0216059373087612,0.05366837094252,0.0906267145000008,"Non-significant",1.2702815871503,"RMC1","RMC1_HUMAN"
-0.0315125025000036,11.77682030125,-1.94760274157391,0.0914938337901746,0.164155284167174,-6.43304865929573,"ITSN1_HUMAN",53,-2.88126399393418,0.0216099716430078,0.05366837094252,-0.0315125025000036,"Non-significant",1.2702815871503,"ITSN1","ITSN1_HUMAN"
0.134874344999997,10.41343689,2.79314253474073,0.0261307665108022,0.0626261674494035,-5.16171937168922,"WWOX_HUMAN",20,2.87912986982345,0.0216789844541278,0.0538239057330907,0.134874344999997,"Non-significant",1.26902479083864,"WWOX","WWOX_HUMAN"
0.197669505000004,16.0093989375,4.01745260105643,0.00482624716701359,0.017756629144809,-3.35656823009967,"B2MG_HUMAN",4,2.87758962445959,0.0217289353400869,0.053932036508125,0.197669505000004,"Non-significant",1.26815318016535,"B2M","B2MG_HUMAN"
0.236747265000002,9.0612339975,3.49289818978191,0.00970278713337548,0.0296967293926006,-4.11125597509732,"DNLZ_HUMAN",4,2.87737766907295,0.0217358185428589,0.0539332394753483,0.236747265000002,"Non-significant",1.26814349322908,"DNLZ","DNLZ_HUMAN"
0.179719447500002,13.15166211125,3.07874567721473,0.0173121124861895,0.0457871967825829,-4.72867934231133,"CD9_HUMAN",8,2.87612198002114,0.0217766434231541,0.0540186366726798,0.179719447500002,"Non-significant",1.26745638077433,"CD9","CD9_HUMAN"
-0.10375166,14.096406935,-3.60279524044004,0.00835415735020991,0.0266517777857274,-3.95034384536704,"CZIB_HUMAN",9,-2.87588946796513,0.0217842116095871,0.0540215121086231,-0.10375166,"Non-significant",1.26743326370206,"CZIB","CZIB_HUMAN"
0.216017841750002,7.921579778125,4.61452756654201,0.00229130652595923,0.0103557226312656,-2.54266879938138,"TBPL1_HUMAN",3,2.87559352259148,0.0217938484958003,0.054029514403265,0.216017841750002,"Non-significant",1.26736893571696,"TBPL1","TBPL1_HUMAN"
-0.276421545,12.6407246575,-2.80238937161829,0.0257812158009173,0.0620047157610073,-5.14764706810763,"S2512_HUMAN",16,-2.87454468291845,0.021828037732345,0.0540983622599046,-0.276421545,"Non-significant",1.26681588225484,"SLC25A12","S2512_HUMAN"
-0.0690302825000018,16.47104239375,-2.77703907590321,0.0267514005876552,0.0638413237693504,-5.18623120051958,"NIT2_HUMAN",20,-2.87387901952029,0.0218497655015793,0.0541362943600269,-0.0690302825000018,"Non-significant",1.26651147509065,"NIT2","NIT2_HUMAN"
0.230754136750001,8.696146368875,3.10828413804892,0.0165993991068261,0.0442913374711736,-4.68415544571963,"SL9A7_HUMAN",6,2.87345849845766,0.021863503256894,0.0541544134447134,0.230754136750001,"Non-significant",1.26636614371865,"SLC9A7","SL9A7_HUMAN"
0.1175570525,13.85988426125,2.78569848620195,0.0264157699904205,0.0632013980270378,-5.17304958672165,"UBXN4_HUMAN",20,2.87271949062953,0.0218876672929677,0.0541965486588341,0.1175570525,"Non-significant",1.26602836929462,"UBXN4","UBXN4_HUMAN"
0.189705371499999,9.00888872125,3.58961234968717,0.00850470338103038,0.0269598137640862,-3.969572953998,"SAMC_HUMAN",5,2.87254509136274,0.0218933738501993,0.0541965486588341,0.189705371499999,"Non-significant",1.26602836929462,"SLC25A26","SAMC_HUMAN"
0.0595099924999989,12.34985601875,2.44150173302761,0.0438446662404465,0.0926696819811242,-5.69687721912379,"DPYD_HUMAN",57,2.87099636635904,0.0219441181273485,0.0543062159998298,0.0595099924999989,"Non-significant",1.26515045733711,"DPYD","DPYD_HUMAN"
0.151891709999999,13.8616263875,2.75928265423046,0.02745364080387,0.0652033638590646,-5.21326529358583,"LYRIC_HUMAN",26,2.87013487546461,0.0219723981039766,0.0543602417430052,0.151891709999999,"Non-significant",1.26471862060364,"MTDH","LYRIC_HUMAN"
0.0692698974999999,11.73769891375,2.52314290114549,0.038849163332783,0.0845493410100769,-5.57285441276187,"RPB2_HUMAN",54,2.86901697072842,0.0220091519721061,0.0544351942408693,0.0692698974999999,"Non-significant",1.26412022304987,"POLR2B","RPB2_HUMAN"
-0.172225952499998,10.85447216125,-2.87706309843622,0.0231318026015957,0.0569444988694072,-5.03409711687275,"CA050_HUMAN",12,-2.86742811558034,0.022061499800768,0.0545486599649967,-0.172225952499998,"Non-significant",1.2632159137641,"C1orf50","CA050_HUMAN"
0.297159195500001,9.19044685375,3.03966147674757,0.0183054027587975,0.0477388872682852,-4.78768347240986,"PPT2_HUMAN",5,2.86663528785067,0.0220876695261658,0.0545973508610121,0.297159195500001,"Non-significant",1.26282842935306,"PPT2","PPT2_HUMAN"
-0.084639787500004,14.03967177875,-2.79635689640304,0.0260086975033684,0.0624045861815806,-5.1568273553972,"CRKL_HUMAN",19,-2.86596173151274,0.0221099277517497,0.0546363474111693,-0.084639787500004,"Non-significant",1.26251834212661,"CRKL","CRKL_HUMAN"
1.046011806,6.85768574475,2.79720747919869,0.0259764956203252,0.0623628258569413,-5.15553287439947,"PAPOG_HUMAN",6,2.8657240853739,0.0221177865429339,0.0546397487603723,1.046011806,"Non-significant",1.26249130625615,"PAPOLG","PAPOG_HUMAN"
0.0387282375000026,12.78070020625,2.08024037189153,0.0750970643944895,0.14097843113166,-6.23890192248252,"SC16A_HUMAN",82,2.863797843335,0.0221815935494318,0.0547813220123529,0.0387282375000026,"Non-significant",1.26136749132736,"SEC16A","SC16A_HUMAN"
0.194734573,8.61166119575,2.80114776946044,0.0258278652082202,0.0620413439270698,-5.14953647738621,"SMAG2_HUMAN",16,2.86322876195554,0.0222004811282784,0.0548119084447155,0.194734573,"Non-significant",1.26112507637006,"SAMD4B","SMAG2_HUMAN"
-0.0676789282500021,9.787472248375,-2.67415138044223,0.0310977538536001,0.071438793695698,-5.34293384438315,"CACO1_HUMAN",24,-2.86251683579151,0.0222241332684464,0.0548542369896735,-0.0676789282500021,"Non-significant",1.26078982150463,"CALCOCO1","CACO1_HUMAN"
-0.393852469999999,12.7128561725,-2.77373700224115,0.0268805575367666,0.0640588689503549,-5.19125813293686,"URP2_HUMAN",26,-2.85953632943365,0.0223234393092665,0.0550798340615234,-0.393852469999999,"Non-significant",1.25900737680787,"FERMT3","URP2_HUMAN"
0.11754655825,9.482460021875,2.68803842149002,0.0304705356102601,0.0702313767183162,-5.32177824343164,"VIR_HUMAN",43,2.85914114090888,0.0223366410782596,0.0550798340615234,0.11754655825,"Non-significant",1.25900737680787,"VIRMA","VIR_HUMAN"
0.143558979000002,9.4745886325,2.71746088420902,0.0291847547506365,0.0681723763577679,-5.27695846407486,"RHG29_HUMAN",42,2.85909723142673,0.0223381084317045,0.0550798340615234,0.143558979000002,"Non-significant",1.25900737680787,"ARHGAP29","RHG29_HUMAN"
0.927564621,7.7329781055,2.7827016050532,0.0265314251902156,0.0634420944477525,-5.17761134504876,"NEPRO_HUMAN",10,2.85899060899557,0.0223416719250621,0.0550798340615234,0.927564621,"Non-significant",1.25900737680787,"NEPRO","NEPRO_HUMAN"
-0.0438241949999956,17.860996245,-2.43394261349226,0.044339338701837,0.093410718799746,-5.70834361005415,"F16P1_HUMAN",28,-2.85708559296154,0.0224054405517905,0.0552208942722346,-0.0438241949999956,"Non-significant",1.25789656447778,"FBP1","F16P1_HUMAN"
0.0960302349999989,13.9611968975,2.82750491784197,0.0248562833936439,0.0603941158342853,-5.10943639130442,"MIC27_HUMAN",17,2.85591328362365,0.0224447767313886,0.0553016729227929,0.0960302349999989,"Non-significant",1.25726173071794,"APOOL","MIC27_HUMAN"
1.125594616,6.93679142,2.86044475948104,0.0236956317824655,0.0580105954964861,-5.05935106837149,"TMM69_HUMAN",1,2.85522758754515,0.0224678182178934,0.0553300431636553,1.125594616,"Non-significant",1.25703899098719,"TMEM69","TMM69_HUMAN"
0.2519397735,8.42103052125,2.90524738311596,0.0222075648043641,0.0551200128786763,-4.99129189451607,"TEAD1_HUMAN",8,2.85517995914048,0.0224694195929757,0.0553300431636553,0.2519397735,"Non-significant",1.25703899098719,"TEAD1","TEAD1_HUMAN"
0.0557537099999976,13.647275685,2.43918590715014,0.0439956119040767,0.0929188205310605,-5.70039043263441,"ABCF1_HUMAN",41,2.85251691510249,0.0225591466128777,0.0555347683411057,0.0557537099999976,"Non-significant",1.25543503541771,"ABCF1","ABCF1_HUMAN"
0.103317977500003,10.42896592375,2.6681088686304,0.0313748452896547,0.0719223744755234,-5.35213907754768,"INT13_HUMAN",37,2.85163618704349,0.0225889033988288,0.0555917859120374,0.103317977500003,"Non-significant",1.25498937382465,"INTS13","INT13_HUMAN"
0.198389411000003,8.24989277125,2.79599493946409,0.0260224133597899,0.0624197274358761,-5.15737821410584,"VPS54_HUMAN",15,2.85077512124814,0.0226180353876076,0.0556472330070475,0.198389411000003,"Non-significant",1.2545564255727,"VPS54","VPS54_HUMAN"
-0.162813422500001,13.63746178125,-2.90351286152911,0.0222633072812736,0.0552095960793926,-4.99392526249945,"GNAI3_HUMAN",11,-2.84982640064727,0.0226501782660647,0.0556995868534209,-0.162813422500001,"Non-significant",1.25414802615383,"GNAI3","GNAI3_HUMAN"
0.1463506225,11.01939499375,2.73793325652567,0.028323548213359,0.0667428537574513,-5.24577682964705,"K319L_HUMAN",26,2.84975701329041,0.0226525309922324,0.0556995868534209,0.1463506225,"Non-significant",1.25414802615383,"KIAA0319L","K319L_HUMAN"
0.28485798825,8.546335816375,2.75149033531901,0.0277678704793225,0.0657458933343286,-5.22513086552451,"EP400_HUMAN",48,2.84939065991712,0.0226649572038001,0.0557138886762411,0.28485798825,"Non-significant",1.25403652792192,"EP400","EP400_HUMAN"
-0.0450034124999981,17.08782839875,-2.46346547689358,0.0424391724069185,0.0902876790050268,-5.66354261948632,"AK1A1_HUMAN",27,-2.84815773904559,0.0227068283833933,0.0558005412372075,-0.0450034124999981,"Non-significant",1.25336158860377,"AKR1A1","AK1A1_HUMAN"
0.332204345000001,13.5804440975,2.90236719712403,0.0223002063225417,0.0552830221726357,-4.99566469280123,"SSRG_HUMAN",6,2.84733349947272,0.0227348652713789,0.0558531563312308,0.332204345000001,"Non-significant",1.25295227933434,"SSR3","SSRG_HUMAN"
0.194367885500004,8.51049947725,2.80368252972316,0.0257327231053283,0.0619540482875785,-5.14567924535063,"KRIT1_HUMAN",14,2.84684907743569,0.0227513599261178,0.0558773930120183,0.194367885500004,"Non-significant",1.25276386431351,"KRIT1","KRIT1_HUMAN"
0.0675220450000005,11.5254797925,2.45450595228621,0.0430068459110573,0.091242059950743,-5.67714369062244,"VP13A_HUMAN",118,2.8462278997615,0.0227725293703751,0.0559130935225435,0.0675220450000005,"Non-significant",1.25248647871962,"VPS13A","VP13A_HUMAN"
0.278069972999997,8.99404311175,2.80852840719464,0.0255518532563632,0.0616065706801731,-5.1383055698207,"ZN363_HUMAN",11,2.84569429576625,0.0227907307208725,0.0559414878410701,0.278069972999997,"Non-significant",1.2522659871498,"RCHY1","ZN363_HUMAN"
-0.0709803099999995,11.17681682,-2.91837174238567,0.0217905174744248,0.0544052937772294,-4.97137065200212,"HS2ST_HUMAN",16,-2.84498411157033,0.022814978759402,0.0559847033371176,-0.0709803099999995,"Non-significant",1.25193061877532,"HS2ST1","HS2ST_HUMAN"
0.129446506500001,9.529163599,2.71056983477901,0.0294807426341504,0.0687014596801918,-5.28745521661767,"TRI32_HUMAN",30,2.84342807288891,0.0228682010149981,0.056098971581903,0.129446506500001,"Non-significant",1.25104510024827,"TRIM32","TRI32_HUMAN"
0.161100387499998,14.03660702625,2.80214994929356,0.0257902044937478,0.0620047157610073,-5.14801140620972,"OXDA_HUMAN",15,2.84308885484515,0.0228798206730058,0.0561111458983897,0.161100387499998,"Non-significant",1.25095086207063,"DAO","OXDA_HUMAN"
0.10035658,10.61333227,2.76952872135177,0.0270461051428024,0.0643987627821133,-5.19766495302123,"RFC3_HUMAN",19,2.84215965221934,0.0229116812967509,0.0561641425236075,0.10035658,"Non-significant",1.25054086724587,"RFC3","RFC3_HUMAN"
-0.137223958999998,9.71799218675,-3.54445797572483,0.00904294217648255,0.0281577242724682,-4.03559010171826,"RAB23_HUMAN",7,-2.84207002386648,0.022914756927119,0.0561641425236075,-0.137223958999998,"Non-significant",1.25054086724587,"RAB23","RAB23_HUMAN"
0.0938665850000007,14.3322616825,2.76958151965097,0.0270440215473258,0.0643987627821133,-5.19758456906706,"IC1_HUMAN",19,2.84099204888761,0.0229517817289178,0.0562385372654209,0.0938665850000007,"Non-significant",1.24996598361088,"SERPING1","IC1_HUMAN"
-0.0530061725000017,15.07652926375,-2.50154898033222,0.0401107019844794,0.086813869949183,-5.60568667706,"SERB1_HUMAN",29,-2.84073108334579,0.0229607543736777,0.0562392529609428,-0.0530061725000017,"Non-significant",1.24996045678438,"SERBP1","SERB1_HUMAN"
0.124582768500002,9.9096686845,2.72256654187479,0.0289674521541444,0.0678240706131343,-5.26918157311512,"NEMF_HUMAN",25,2.84059548441457,0.0229654180438445,0.0562392529609428,0.124582768500002,"Non-significant",1.24996045678438,"NEMF","NEMF_HUMAN"
-0.0709400174999999,11.68000507375,-2.62337595296807,0.0335075862450403,0.0753563085537472,-5.4202810851192,"ASNS_HUMAN",27,-2.83793583426484,0.0230570913135791,0.0564473490218292,-0.0709400174999999,"Non-significant",1.24835644934974,"ASNS","ASNS_HUMAN"
0.0447864499999984,13.8410873425,2.5341394632958,0.0382225011416368,0.083379260383762,-5.55612835202241,"CLPT1_HUMAN",24,2.83679672570845,0.0230964707197302,0.0565273378910007,0.0447864499999984,"Non-significant",1.24774146680367,"CLPTM1","CLPT1_HUMAN"
0.0977087025000021,13.25630760125,2.73473432218889,0.0284563503696866,0.0670183227901895,-5.25064883186117,"NOLC1_HUMAN",21,2.83634930827726,0.0231119572468228,0.0565488207934598,0.0977087025000021,"Non-significant",1.2475764469407,"NOLC1","NOLC1_HUMAN"
0.0898370750000019,10.8997495175,2.66250723019152,0.0316340115502683,0.0722906187756217,-5.36067263849102,"IL6RB_HUMAN",28,2.835460946868,0.0231427382729631,0.0566077019450975,0.0898370750000019,"Non-significant",1.24712447544258,"IL6ST","IL6RB_HUMAN"
0.181112770000002,11.2436110975,3.30537264548733,0.0125751362725745,0.0358699910800441,-4.38885023182126,"TM38B_HUMAN",6,2.83513562383663,0.0231540211304337,0.0566188697732597,0.181112770000002,"Non-significant",1.24703880427745,"TMEM38B","TM38B_HUMAN"
0.257193565750002,8.866732120375,2.77381436724705,0.0268775240444969,0.0640588689503549,-5.19114035329823,"KDM8_HUMAN",14,2.83336257307633,0.0232156147944006,0.0567508098803936,0.257193565750002,"Non-significant",1.24602793635376,"KDM8","KDM8_HUMAN"
-0.0777873972499989,9.984033106875,-2.65011931108281,0.0322150798768424,0.0733459107943308,-5.37954411804054,"DSC2_HUMAN",26,-2.83319505366209,0.0232214430273434,0.0567508098803936,-0.0777873972499989,"Non-significant",1.24602793635376,"DSC2","DSC2_HUMAN"
-0.0938575275000026,11.66612637125,-2.7167369702214,0.0292157025946846,0.068196941891608,-5.27806114295646,"HRG_HUMAN",22,-2.83238429561341,0.0232496719479429,0.0568033289418001,-0.0938575275000026,"Non-significant",1.24562621184726,"HRG","HRG_HUMAN"
0.122034788499999,9.88101494325,2.78190226171073,0.0265623627118154,0.0634800553722405,-5.17882811372772,"SYBU_HUMAN",17,2.83097011906934,0.0232989961427941,0.0569073423609422,0.122034788499999,"Non-significant",1.24483169597538,"SYBU","SYBU_HUMAN"
-0.0931472749999962,17.256729125,-2.65746117319246,0.0318693772187792,0.0727395019163525,-5.36835975853075,"QCR1_HUMAN",29,-2.82916629774565,0.0233620685638828,0.0570302442477778,-0.0931472749999962,"Non-significant",1.2438947684248,"UQCRC1","QCR1_HUMAN"
0.0593903074999993,12.25406634875,2.38706194272115,0.0475373133058569,0.0988143067460092,-5.7793771942673,"PLXB2_HUMAN",80,2.82914408022169,0.0233628465283636,0.0570302442477778,0.0593903074999993,"Non-significant",1.2438947684248,"PLXNB2","PLXB2_HUMAN"
0.11934399575,9.444621682125,2.66752635326278,0.0314016929538886,0.0719447866018828,-5.35302648656582,"SHIP2_HUMAN",40,2.82869101857293,0.0233787167263818,0.0570524618664367,0.11934399575,"Non-significant",1.24372561063332,"INPPL1","SHIP2_HUMAN"
-0.159184217499998,10.66059887625,-5.70501385182551,0.000670437189059293,0.00420469871025356,-1.18641910779756,"S10A4_HUMAN",4,-2.82792378622614,0.0234056175231698,0.0571015774537765,-0.159184217499998,"Non-significant",1.24335189403072,"S100A4","S10A4_HUMAN"
0.7306081055,7.11859589825,2.74744641019123,0.0279324220097748,0.0660416854347507,-5.23128904330814,"PTN21_HUMAN",18,2.8275168737513,0.0234198978050182,0.0571198838537322,0.7306081055,"Non-significant",1.24321268431547,"PTPN21","PTN21_HUMAN"
-0.0765273574999981,14.23310649375,-3.01567586251201,0.0189447142053377,0.0488271175433853,-4.82394237919978,"UBE2K_HUMAN",14,-2.82643048211416,0.02345806830557,0.0571964297794762,-0.0765273574999981,"Non-significant",1.24263107916963,"UBE2K","UBE2K_HUMAN"
0.0623071199999998,13.4783629175,2.438236537787,0.0440576454951928,0.0929429736947192,-5.70183058085551,"NAA15_HUMAN",56,2.82603916261858,0.0234718332108161,0.0572134419126573,0.0623071199999998,"Non-significant",1.24250192465681,"NAA15","NAA15_HUMAN"
0.2916920185,7.660717368,2.79691921833819,0.0259874040990088,0.0623712497581278,-5.15597156951507,"ATAT_HUMAN",10,2.82577124618029,0.0234812621821075,0.0572198782691484,0.2916920185,"Non-significant",1.24245307045759,"ATAT1","ATAT_HUMAN"
-0.112021447500002,11.23281073625,-3.16484395618518,0.015320225231132,0.0417774760508612,-4.59908133546213,"IKBA_HUMAN",10,-2.82501955271274,0.0235077380976991,0.0572678394293369,-0.112021447500002,"Non-significant",1.2420892014094,"NFKBIA","IKBA_HUMAN"
0.101281645,13.0941770075,3.12809937221764,0.0161387912607393,0.0433919845412349,-4.65432288177787,"PVR_HUMAN",11,2.82468595073262,0.023519498069803,0.0572799333228459,0.101281645,"Non-significant",1.24199749624379,"PVR","PVR_HUMAN"
0.067818165000002,14.267789365,2.46782571217573,0.0421656937644198,0.0898873628579399,-5.65692205197497,"PREP_HUMAN",62,2.82092204266052,0.0236526062451986,0.0575874691047888,0.067818165000002,"Non-significant",1.23967200773468,"PITRM1","PREP_HUMAN"
-0.339511990499998,7.74880343675,-2.91943625946872,0.0217570542135354,0.0543539448624451,-4.96975517837954,"ARV1_HUMAN",5,-2.82047225431235,0.0236685650403527,0.0576096837208008,-0.339511990499998,"Non-significant",1.23950450905898,"ARV1","ARV1_HUMAN"
-2.08072590825,7.256812095625,-2.76200639413983,0.0273446823118491,0.0649995282590456,-5.20911802613333,"TENXA_HUMAN",1,-2.81872987974915,0.0237304914415895,0.0577437391342834,-2.08072590825,"Non-significant",1.23849509726845,"TNXA","TENXA_HUMAN"
-0.111519815000001,16.7598514575,-2.7056107771982,0.0296956804036632,0.0690305819422165,-5.29500930189452,"ENOB_HUMAN",23,-2.81809400421704,0.0237531332771582,0.0577821530716209,-0.111519815000001,"Non-significant",1.2382062795617,"ENO3","ENOB_HUMAN"
0.137108564,10.0905703305,2.67858022539211,0.0308962766531739,0.071057221257736,-5.33618688799126,"UBP32_HUMAN",38,2.81754431112205,0.023772724486749,0.0578131259950397,0.137108564,"Non-significant",1.23797354739201,"USP32","UBP32_HUMAN"
-0.274878022499999,11.61081981625,-2.93477613211569,0.0212808065765071,0.0534174861921913,-4.94648177146114,"HMGN1_HUMAN",6,-2.8161791898636,0.0238214504758703,0.0579149137759189,-0.274878022499999,"Non-significant",1.23720958590009,"HMGN1","HMGN1_HUMAN"
-0.212854862500004,10.40174984875,-3.60858680049584,0.00828893034021801,0.0265050811220401,-3.9419024984665,"MRP_HUMAN",4,-2.81497682387893,0.0238644531545356,0.0580027323066841,-0.212854862500004,"Non-significant",1.23655154785488,"MARCKSL1","MRP_HUMAN"
0.242011069999997,11.2035362725,5.49726563999722,0.000836892695789423,0.00492953775877641,-1.43211095865733,"YIPF5_HUMAN",2,2.81463750398959,0.0238766035423708,0.0580155350990612,0.242011069999997,"Non-significant",1.23645569774043,"YIPF5","YIPF5_HUMAN"
-0.170168637500002,13.46641719375,-4.7288462192227,0.00199870889371072,0.00933875679882906,-2.3926219174161,"CD63_HUMAN",4,-2.81435314251709,0.0238867909286227,0.0580235621721501,-0.170168637500002,"Non-significant",1.23639561258575,"CD63","CD63_HUMAN"
-0.0903954500000008,11.37890458,-2.82173410283419,0.0250656841040484,0.0606948150856145,-5.11821450708174,"IRF3_HUMAN",16,-2.81284487032103,0.0239409010961227,0.058138247000639,-0.0903954500000008,"Non-significant",1.23553806732698,"IRF3","IRF3_HUMAN"
0.111851453749999,9.470209956125,2.76843793133157,0.0270891888803258,0.0644467324505409,-5.19932566276109,"CA198_HUMAN",17,2.81159679571301,0.0239857728511368,0.0582304376043296,0.111851453749999,"Non-significant",1.23484994613736,"C1orf198","CA198_HUMAN"
-0.0694558650000001,11.196064355,-2.71736146430511,0.0291890029985982,0.0681723763577679,-5.27710990199167,"AATF_HUMAN",20,-2.81129674565816,0.023996573513808,0.0582398842925102,-0.0694558650000001,"Non-significant",1.23477949652425,"AATF","AATF_HUMAN"
-0.0909566875000039,16.10353422125,-2.76080213335908,0.0273928008611804,0.0650955507355201,-5.21095166214454,"PSB7_HUMAN",18,-2.80990999079644,0.0240465571311965,0.0583443955264409,-0.0909566875000039,"Non-significant",1.23400085527996,"PSMB7","PSB7_HUMAN"
-0.0597243299999981,14.7768085,-2.55144802985347,0.0372571600181802,0.0816750589839377,-5.52979377548959,"SEPT7_HUMAN",27,-2.8096925910608,0.0240544028031141,0.0583466363244457,-0.0597243299999981,"Non-significant",1.23398417591406,"SEPTIN7","SEPT7_HUMAN"
0.3256138565,7.524793327,2.76844097187627,0.0270890686860566,0.0644467324505409,-5.19932103355039,"RNF34_HUMAN",10,2.80800284854562,0.0241154741674646,0.0584649275269941,0.3256138565,"Non-significant",1.23310458433269,"RNF34","RNF34_HUMAN"
0.239701747999998,8.67198657975,2.70629238289797,0.0296660414449441,0.0689807071281197,-5.29397100818683,"HELZ_HUMAN",44,2.80777738266874,0.0241236352235192,0.0584649275269941,0.239701747999998,"Non-significant",1.23310458433269,"HELZ","HELZ_HUMAN"
0.0516262050000016,13.648635625,2.44094398998412,0.0438809714288046,0.0927231657491587,-5.69772336861293,"EHD4_HUMAN",31,2.80776789032748,0.0241239788751792,0.0584649275269941,0.0516262050000016,"Non-significant",1.23310458433269,"EHD4","EHD4_HUMAN"
1.21202731125,6.501123070875,2.73000176549419,0.028654012515442,0.0673521114034189,-5.25785678635526,"TMCC3_HUMAN",10,2.80711521001682,0.0241476200946146,0.0585054009133391,1.21202731125,"Non-significant",1.23280404026669,"TMCC3","TMCC3_HUMAN"
0.108364342499998,10.64768683625,2.72118000829508,0.0290262972801446,0.0679241143182507,-5.27129350347014,"MTRR_HUMAN",20,2.80682835280238,0.0241580181779531,0.0585137744890708,0.108364342499998,"Non-significant",1.2327418863893,"MTRR","MTRR_HUMAN"
0.1252317425,10.68041443875,2.95474813307336,0.0206771512980444,0.0522445168738659,-4.91619762639294,"SPF30_HUMAN",11,2.80614109217764,0.0241829491308411,0.0585573335891581,0.1252317425,"Non-significant",1.23241870711837,"SMNDC1","SPF30_HUMAN"
0.342538357500001,16.39362740375,2.74511019921896,0.0280279484606549,0.066194333867991,-5.23484678958075,"ATIF1_HUMAN",12,2.804185258818,0.0242540450202395,0.058712620756921,0.342538357500001,"Non-significant",1.23126853357454,"ATP5IF1","ATIF1_HUMAN"
0.362264752749999,8.290018737375,2.76676546460611,0.0271553868722041,0.0645677731864057,-5.20187200977322,"NFAT5_HUMAN",9,2.80331256419854,0.0242858381065195,0.0587727043927227,0.362264752749999,"Non-significant",1.23082432501107,"NFAT5","NFAT5_HUMAN"
0.131359342499998,10.69123494625,2.67254831751189,0.0311710167064245,0.071513473004478,-5.34537597106742,"ARHGI_HUMAN",31,2.80311160660894,0.0242931653119307,0.0587735621166085,0.131359342499998,"Non-significant",1.23081798700032,"ARHGEF18","ARHGI_HUMAN"
0.885763406750001,6.635749340125,2.72802473420734,0.0287370096502039,0.0674907367906293,-5.26086799614746,"GAS6_HUMAN",10,2.80253477540079,0.0243142101756035,0.0588075975811082,0.885763406750001,"Non-significant",1.23056656211436,"GAS6","GAS6_HUMAN"
-0.129228353249999,8.267725825375,-3.60180789686083,0.00836533239993673,0.0266517777857274,-3.95178331828071,"IBP3_HUMAN",7,-2.79903402944488,0.0244423368008103,0.0591005326718389,-0.129228353249999,"Non-significant",1.22840860481421,"IGFBP3","IBP3_HUMAN"
-0.0895152075000052,13.11819815625,-2.97521343255649,0.0200772872645766,0.0511118859417446,-4.88518668159853,"GGCT_HUMAN",13,-2.79785467381116,0.0244856587573707,0.0591883044639741,-0.0895152075000052,"Non-significant",1.22776410085408,"GGCT","GGCT_HUMAN"
0.21075106,10.8473212725,2.72764532624322,0.0287529661070641,0.0675094014809034,-5.26144587620907,"CP1B1_HUMAN",17,2.79723589647624,0.0245084205567631,0.0592263408466043,0.21075106,"Non-significant",1.22748509834366,"CYP1B1","CP1B1_HUMAN"
-0.0997276324999987,10.51884007375,-2.91730097713538,0.021824231823071,0.0544572084181957,-4.9729956596516,"INGR1_HUMAN",13,-2.79598391234473,0.0245545421851138,0.0593207899335983,-0.0997276324999987,"Non-significant",1.22679307440834,"IFNGR1","INGR1_HUMAN"
0.0643353475000019,14.19513320875,2.43841253317318,0.0440461388671145,0.0929429736947192,-5.70156360811733,"DMD_HUMAN",53,2.79573819424329,0.0245636047288095,0.059325680303477,0.0643353475000019,"Non-significant",1.22675727291084,"DMD","DMD_HUMAN"
0.0752723199999998,14.904807925,2.63437154748547,0.032969778012899,0.074524606830444,-5.40353270583326,"VAT1_HUMAN",24,2.79550261261659,0.0245722966820048,0.0593296730829614,0.0752723199999998,"Non-significant",1.2267280446957,"VAT1","VAT1_HUMAN"
-1.5989089015,7.72139334675,-2.71677811914466,0.0292139425322197,0.068196941891608,-5.27799846404631,"TSP2_HUMAN",10,-2.79477779487276,0.0245990593900554,0.0593772828175193,-1.5989089015,"Non-significant",1.2263796801714,"THBS2","TSP2_HUMAN"
0.0466349099999999,11.193978905,2.46474642293085,0.0423586419128324,0.0901618668392082,-5.66159773382556,"PARN_HUMAN",26,2.79431000527837,0.0246163478250938,0.0593958005741246,0.0466349099999999,"Non-significant",1.2262442595972,"PARN","PARN_HUMAN"
0.088951352499997,15.84321534625,2.57700787654735,0.0358773942722524,0.0793104002939459,-5.49089006296321,"TCPD_HUMAN",41,2.79418893928018,0.02462082420287,0.0593958005741246,0.088951352499997,"Non-significant",1.2262442595972,"CCT4","TCPD_HUMAN"
0.125648499999999,10.4230699525,2.67881644314687,0.0308855688229481,0.071051981334233,-5.33582703135142,"AVL9_HUMAN",25,2.79310072675622,0.0246610984899943,0.0594759368160693,0.125648499999999,"Non-significant",1.22565870858712,"AVL9","AVL9_HUMAN"
0.0852222475000062,18.12258958875,2.6152074983248,0.0339129963995088,0.076166439288958,-5.43272233775739,"A4_HUMAN",28,2.79218811714551,0.0246949265261602,0.0595404850369006,0.0852222475000062,"Non-significant",1.22518763176535,"APP","A4_HUMAN"
-0.0909402325000013,12.48685157375,-2.8368539318666,0.0245209267423897,0.0598052348123851,-5.09521753855035,"IAH1_HUMAN",15,-2.79181861639585,0.0247086366462,0.0595565050874519,-0.0909402325000013,"Non-significant",1.2250707955701,"IAH1","IAH1_HUMAN"
0.0579891200000002,14.358430625,2.65533707470703,0.03196899579729,0.0728879268529504,-5.37159556633715,"PAHX_HUMAN",21,2.78996773717026,0.024777431530558,0.0596914700694329,0.0579891200000002,"Non-significant",1.22408772526009,"PHYH","PAHX_HUMAN"
0.33591627925,10.100821615375,3.12267669571662,0.0162634771091816,0.0436575950806661,-4.66248402962103,"CKLF6_HUMAN",3,2.78993113748476,0.0247787938987953,0.0596914700694329,0.33591627925,"Non-significant",1.22408772526009,"CMTM6","CKLF6_HUMAN"
0.769140005000001,7.64912140375,2.70955588333663,0.0295245576232838,0.0687539734040278,-5.28899974473731,"MED13_HUMAN",21,2.78934244552104,0.0248007177603237,0.0597272142862196,0.769140005000001,"Non-significant",1.22382774054066,"MED13","MED13_HUMAN"
-0.175252674999998,10.3725806475,-3.6101890504,0.00827098234641146,0.0264677715253995,-3.93956787734152,"T2AG_HUMAN",5,-2.78866021606126,0.0248261503069671,0.0597713855862399,-0.175252674999998,"Non-significant",1.22350667648214,"GTF2A2","T2AG_HUMAN"
0.0476295974999985,13.04625427625,2.32310885632126,0.0522828915998605,0.106421756410341,-5.87601805792878,"RBM25_HUMAN",38,2.78815480417345,0.0248450088028972,0.0597894464457796,0.0476295974999985,"Non-significant",1.22337546743043,"RBM25","RBM25_HUMAN"
0.2525134075,14.05374574625,2.8299952098804,0.0247664873996992,0.0602298679434693,-5.10564865986278,"MPC1_HUMAN",8,2.78806620524474,0.0248483162372906,0.0597894464457796,0.2525134075,"Non-significant",1.22337546743043,"MPC1","MPC1_HUMAN"
0.129173992500002,15.16859471875,2.62972558427071,0.0331959177386889,0.0748350870872984,-5.41060953553649,"PSMD1_HUMAN",56,2.78773137511939,0.0248608197115451,0.0597894464457796,0.129173992500002,"Non-significant",1.22337546743043,"PSMD1","PSMD1_HUMAN"
0.227579951250001,7.622892558375,3.14592372129267,0.0157360556262886,0.0426629825905393,-4.62751284168556,"TET5A_HUMAN",5,2.78769910458757,0.0248620251266411,0.0597894464457796,0.227579951250001,"Non-significant",1.22337546743043,"TENT5A","TET5A_HUMAN"
0.0721626275000027,16.92601919125,2.63331711758669,0.033020961296488,0.0746191089481062,-5.40513885304131,"S25A3_HUMAN",23,2.78521031087661,0.0249551731218822,0.0599963360651299,0.0721626275000027,"Non-significant",1.22187527087107,"SLC25A3","S25A3_HUMAN"
0.0680840025000009,12.85012543125,2.64291832218487,0.0325579319180871,0.0738312639595254,-5.39051360480544,"CAB39_HUMAN",22,2.78436783625343,0.0249867863932463,0.0600552102961713,0.0680840025000009,"Non-significant",1.22144930791612,"CAB39","CAB39_HUMAN"
0.228101730000001,15.8168022625,3.38780595582703,0.0112136486415621,0.0330919318294346,-4.2663797713281,"EBP_HUMAN",4,2.78411032489065,0.02499645761914,0.0600613287547693,0.228101730000001,"Non-significant",1.22140506400383,"EBP","EBP_HUMAN"
0.0570633399999991,11.8158653975,2.64725916297621,0.0323508059042956,0.0735793154256092,-5.3839011059442,"SPF45_HUMAN",21,2.78302464526878,0.0250372746851048,0.0601248208897529,0.0570633399999991,"Non-significant",1.22094620436793,"RBM17","SPF45_HUMAN"
-0.16303896925,9.508493304125,-2.93454739155569,0.0212878269101366,0.0534192000671454,-4.94682873119718,"2ABD_HUMAN",9,-2.78296421460633,0.0250395486595031,0.0601248208897529,-0.16303896925,"Non-significant",1.22094620436793,"PPP2R2D","2ABD_HUMAN"
0.192619562250002,9.447263121625,2.82077805750295,0.0251005534519389,0.0607269130443148,-5.11966886336263,"S22A7_HUMAN",10,2.78283846631946,0.0250442811892185,0.0601248208897529,0.192619562250002,"Non-significant",1.22094620436793,"SLC22A7","S22A7_HUMAN"
0.0881121200000052,10.1131309275,2.71259921089859,0.0293932523232886,0.0685165165467366,-5.28436394006053,"RBM45_HUMAN",19,2.7816939430924,0.0250873979536738,0.0602111837561264,0.0881121200000052,"Non-significant",1.22032283444872,"RBM45","RBM45_HUMAN"
1.75522816175,7.368834674125,2.70303388882577,0.0298080128386714,0.0692344282769801,-5.29893471738312,"ABCG5_HUMAN",10,2.78093475059745,0.025116040933022,0.0602627694347971,1.75522816175,"Non-significant",1.21995091377429,"ABCG5","ABCG5_HUMAN"
0.142111778249998,8.260484456875,2.86573903963637,0.0235144561930326,0.0577347367465982,-5.0513045368113,"ANGE2_HUMAN",11,2.77785160426047,0.0252327117318081,0.060525477287254,0.142111778249998,"Non-significant",1.21806177714598,"ANGEL2","ANGE2_HUMAN"
0.0348939900000005,16.1833438875,2.04206032206649,0.0794945069108632,0.147168723644117,-6.29514362961366,"MUTA_HUMAN",45,2.77759279010053,0.0252425311903068,0.0605318052355892,0.0348939900000005,"Non-significant",1.21801637396182,"MMUT","MUTA_HUMAN"
-0.121196505000002,11.9815403225,-2.87282349180233,0.0232742921610045,0.057245114859967,-5.040538822952,"KT3K_HUMAN",12,-2.77665004845258,0.0252783325228726,0.0605898618432624,-0.121196505000002,"Non-significant",1.21760003777872,"FN3KRP","KT3K_HUMAN"
0.57077050175,7.427501559125,2.71000841586089,0.0295049943592878,0.0687389711040455,-5.28831041174707,"FOXO1_HUMAN",10,2.77657675622734,0.0252811180570357,0.0605898618432624,0.57077050175,"Non-significant",1.21760003777872,"FOXO1","FOXO1_HUMAN"
-0.0507855399999979,14.7799155725,-2.58887853976499,0.0352546512160549,0.0782827858535635,-5.47281705125306,"ICAM1_HUMAN",22,-2.7756841652698,0.0253150673111051,0.0606539802061697,-0.0507855399999979,"Non-significant",1.21714069479973,"ICAM1","ICAM1_HUMAN"
-0.149851322500002,15.79237341875,-2.72468019071551,0.0288779870862771,0.0677059083159364,-5.26596215801431,"RD23B_HUMAN",16,-2.77359520071882,0.0253947050302025,0.0608274989200275,-0.149851322500002,"Non-significant",1.21590004031106,"RAD23B","RD23B_HUMAN"
-1.481751442,7.97272896775,-2.69427341497795,0.0301932217927301,0.0698021575674499,-5.31227996943375,"KPRP_HUMAN",21,-2.77336739361141,0.0254034054357955,0.0608310523915682,-1.481751442,"Non-significant",1.21587467007501,"KPRP","KPRP_HUMAN"
-0.0918703075000025,15.91734957625,-3.70741380556443,0.00725667735257783,0.0238838474833575,-3.79847954156916,"SRSF3_HUMAN",9,-2.77207202008124,0.025452937133371,0.0609323507802285,-0.0918703075000025,"Non-significant",1.21515206639896,"SRSF3","SRSF3_HUMAN"
-0.115589379999999,8.78997743125,-3.90967728077748,0.0055523397048657,0.0196311540991246,-3.50875652325376,"EAPP_HUMAN",7,-2.76978846735207,0.02554049830437,0.0611246053968015,-0.115589379999999,"Non-significant",1.21378393154186,"EAPP","EAPP_HUMAN"
0.114529609749999,9.044723510625,2.60798168713917,0.0342758570207653,0.076695300989655,-5.44372714514133,"CARL1_HUMAN",40,2.76876882285237,0.0255796966642149,0.0611906012336683,0.114529609749999,"Non-significant",1.21331527958352,"CARMIL1","CARL1_HUMAN"
0.2678320405,8.49258887775,2.97835467463759,0.0199868517462881,0.0509278033160408,-4.88042875848152,"GTR10_HUMAN",5,2.76869353917883,0.0255825932788524,0.0611906012336683,0.2678320405,"Non-significant",1.21331527958352,"SLC2A10","GTR10_HUMAN"
0.316632745000003,10.8016991625,3.54476821211954,0.0090391212804812,0.0281577242724682,-4.03513572617765,"NDUA1_HUMAN",2,2.76701670402124,0.0256471994273932,0.0613171058480235,0.316632745000003,"Non-significant",1.21241835192425,"NDUFA1","NDUA1_HUMAN"
0.145038843249999,9.298800825875,2.69961559616102,0.0299577071561686,0.0694481610614261,-5.3041419194032,"GCP4_HUMAN",18,2.76694329948717,0.0256500314651953,0.0613171058480235,0.145038843249999,"Non-significant",1.21241835192425,"TUBGCP4","GCP4_HUMAN"
0.57019853575,6.972434282375,2.80729130633215,0.0255979004906012,0.0616999437332793,-5.14018793192255,"ARMX2_HUMAN",3,2.76545201577879,0.0257076373018216,0.0614336412670883,0.57019853575,"Non-significant",1.21159374261081,"ARMCX2","ARMX2_HUMAN"
0.1795067785,9.387494564,3.03689713112133,0.0183779051977504,0.0478404456182329,-4.79186048786662,"LRMDA_HUMAN",7,2.76518521481514,0.0257179575222924,0.0614336412670883,0.1795067785,"Non-significant",1.21159374261081,"LRMDA","LRMDA_HUMAN"
0.0580925899999976,11.0641174325,2.33349641680411,0.0514805285485634,0.105118550178256,-5.86034441582727,"DICER_HUMAN",80,2.76511574547574,0.0257206453946559,0.0614336412670883,0.0580925899999976,"Non-significant",1.21159374261081,"DICER1","DICER_HUMAN"
-0.0808191325000021,12.13800811875,-2.72341690971065,0.0289314236833174,0.0677773680452146,-5.26788632544609,"MK08_HUMAN",18,-2.76470429758127,0.0257365708995753,0.0614424368939393,-0.0808191325000021,"Non-significant",1.21153156790162,"MAPK8","MK08_HUMAN"
1.0855534075,7.22028410425,2.70093753728685,0.0298997239371269,0.0693709807503558,-5.30212815339893,"DOK4_HUMAN",5,2.76454095024096,0.0257428962575704,0.0614424368939393,1.0855534075,"Non-significant",1.21153156790162,"DOK4","DOK4_HUMAN"
-0.0923185375000006,12.23455190625,-3.33007942228732,0.012149393638147,0.0349911434896817,-4.35207379490954,"COMD3_HUMAN",10,-2.76436823935108,0.025749585956726,0.0614424368939393,-0.0923185375000006,"Non-significant",1.21153156790162,"COMMD3","COMD3_HUMAN"
-0.140598297499999,12.23449849875,-4.65259940363872,0.00218892789748769,0.010027431113002,-2.49249030364687,"TRIR_HUMAN",5,-2.76416021488311,0.0257576458676277,0.0614424368939393,-0.140598297499999,"Non-significant",1.21153156790162,"TRIR","TRIR_HUMAN"
0.153157232999998,9.9237415785,4.05726350416534,0.00458477051981265,0.017145089046806,-3.30074848425398,"SDHF1_HUMAN",5,2.76407947237929,0.0257607749416516,0.0614424368939393,0.153157232999998,"Non-significant",1.21153156790162,"SDHAF1","SDHF1_HUMAN"
0.2401690485,8.43256831175,2.71563745804774,0.0292627729627699,0.068250114361701,-5.27973594869246,"XPO6_HUMAN",13,2.76376803069898,0.0257728481638884,0.0614538436134132,0.2401690485,"Non-significant",1.21145094910148,"XPO6","XPO6_HUMAN"
0.260792493999999,8.8983427285,2.68546467295726,0.0305857797420505,0.0704356632658306,-5.32569908096073,"AP4M1_HUMAN",19,2.76304919762797,0.0258007365564155,0.061502943561659,0.260792493999999,"Non-significant",1.21110409817591,"AP4M1","AP4M1_HUMAN"
0.0504202849999995,14.87771082,2.25957984292734,0.0574733804544188,0.114851380713679,-5.97164943345978,"DHX9_HUMAN",65,2.76199315003146,0.0258417645334448,0.0615833285983619,0.0504202849999995,"Non-significant",1.2105368410445,"DHX9","DHX9_HUMAN"
-0.0835227962500014,9.770324706875,-2.5784343831265,0.0358019615214551,0.0791842552369627,-5.48871837073855,"ADA17_HUMAN",29,-2.76153713282102,0.0258595019326745,0.0616081802686584,-0.0835227962500014,"Non-significant",1.21036161884742,"ADAM17","ADA17_HUMAN"
0.119334460000001,11.94785583,2.63506144543478,0.0329363340761732,0.0745229010450446,-5.40248182214249,"CPNE8_HUMAN",27,2.75928560756647,0.0259472631804756,0.0617997969336616,0.119334460000001,"Non-significant",1.20901295194573,"CPNE8","CPNE8_HUMAN"
0.142370464999999,10.69450891,2.72701605896955,0.0287794510671852,0.0675405218158859,-5.26240432300402,"SCMC3_HUMAN",15,2.75854327941206,0.0259762656994557,0.0618513964917265,0.142370464999999,"Non-significant",1.20865049034684,"SLC25A23","SCMC3_HUMAN"
-0.0643129374999969,14.21842312875,-3.22861429422862,0.0140026935190219,0.0389405158930504,-4.50346764327365,"CCS_HUMAN",13,-2.7580194492397,0.0259967517921532,0.06188269439595,-0.0643129374999969,"Non-significant",1.20843078521478,"CCS","CCS_HUMAN"
0.0527896875000042,12.83055853875,2.43814078427528,0.0440639071791745,0.0929429736947192,-5.70197583151397,"PICAL_HUMAN",29,2.75611351565415,0.0260714309646357,0.0620274035777585,0.0527896875000042,"Non-significant",1.20741639770739,"PICALM","PICAL_HUMAN"
0.32038187975,7.720780611125,3.12223466161964,0.0162736859951211,0.0436710917710524,-4.6631493893244,"RTP4_HUMAN",3,2.75609235482277,0.0260722613448806,0.0620274035777585,0.32038187975,"Non-significant",1.20741639770739,"RTP4","RTP4_HUMAN"
-0.676993250750002,7.699486076875,-2.68890641828112,0.0304317714625984,0.070210895206419,-5.32045594507561,"NAB2_HUMAN",9,-2.75583271923539,0.0260824520353434,0.0620341388842859,-0.676993250750002,"Non-significant",1.20736924197478,"NAB2","NAB2_HUMAN"
-0.0673544400000026,11.56126988,-2.73089678443347,0.0286165212385557,0.0673015227454761,-5.25649360077979,"BODG_HUMAN",18,-2.7554908552772,0.0260958764833733,0.0620485593450926,-0.0673544400000026,"Non-significant",1.20726829757766,"BBOX1","BODG_HUMAN"
0.0751271274999983,15.86925959625,2.62576226434885,0.0333901010954789,0.0751121329420314,-5.41664638368202,"BPHL_HUMAN",22,2.75392013908786,0.0261576480671789,0.0621778949684859,0.0751271274999983,"Non-significant",1.20636398507581,"BPHL","BPHL_HUMAN"
-0.1227824675,10.85022437625,-2.89926646381978,0.0224003964366326,0.055451671531388,-5.00037273150149,"A2GL_HUMAN",11,-2.75312365362445,0.0261890293405495,0.0622349389093578,-0.1227824675,"Non-significant",1.20596573242437,"LRG1","A2GL_HUMAN"
0.0806465124999995,10.86277389625,2.521290589834,0.038955758014114,0.0847375701421849,-5.57567141876776,"GCP2_HUMAN",39,2.75235747566568,0.0262192533192726,0.0622892013044388,0.0806465124999995,"Non-significant",1.20558723777731,"TUBGCP2","GCP2_HUMAN"
0.851213454999999,8.1274962425,2.67400219480766,0.0311045643449059,0.071438793695698,-5.34316111570876,"INO80_HUMAN",16,2.75149126093157,0.0262534670510423,0.0623529089245521,0.851213454999999,"Non-significant",1.2051432807514,"INO80","INO80_HUMAN"
-0.0869543550000031,12.35694182,-2.73061505839566,0.0286283168864471,0.0673104834130718,-5.25692269110439,"YAP1_HUMAN",17,-2.7510417768228,0.0262712389904857,0.0623775418171278,-0.0869543550000031,"Non-significant",1.2049717439792,"YAP1","YAP1_HUMAN"
-0.0729968575000015,10.61176359625,-2.50483599111521,0.0399159849749148,0.0865017032169085,-5.60069013078816,"IREB2_HUMAN",35,-2.7507567295268,0.0262825157985485,0.0623867433584809,-0.0729968575000015,"Non-significant",1.20490768432244,"IREB2","IREB2_HUMAN"
0.0609350199999987,12.284505845,2.79316234905463,0.0261300122061737,0.0626261674494035,-5.16168921503639,"SUCHY_HUMAN",17,2.7495411808123,0.0263306606603335,0.0624834286897386,0.0609350199999987,"Non-significant",1.20423514718169,"SUGCT","SUCHY_HUMAN"
0.344420195250001,9.394002318375,2.90465955405622,0.0222264394500331,0.0551343902661357,-4.9921843278808,"SOAT1_HUMAN",4,2.74841172562632,0.0263754774581093,0.0625721642258382,0.344420195250001,"Non-significant",1.20361882352521,"SOAT1","SOAT1_HUMAN"
-0.127658367500004,17.01902413375,-2.62689648041135,0.0333344100654084,0.0750669896984578,-5.4149187852847,"GSTM1_HUMAN",28,-2.74786240829813,0.0263973029315568,0.0626063214434701,-0.127658367500004,"Non-significant",1.20338181328461,"GSTM1","GSTM1_HUMAN"
0.246701956000003,8.37016713625,2.70649256184938,0.0296573427124443,0.0689795093055168,-5.2936660750845,"ZN143_HUMAN",12,2.74666581436154,0.0264449107805661,0.0627015901461017,0.246701956000003,"Non-significant",1.20272144508762,"ZNF143","ZN143_HUMAN"
0.0505664375000023,10.14213144875,2.2414077057635,0.0590517245473467,0.117448557387821,-5.9989253660556,"SVIL_HUMAN",74,2.74589475106253,0.0264756355193703,0.06275678621844,0.0505664375000023,"Non-significant",1.20233930478132,"SVIL","SVIL_HUMAN"
0.141122577499997,11.39432036875,2.63782649959594,0.0328026462362303,0.0743062362604637,-5.39826992691517,"ANAG_HUMAN",26,2.74550784278332,0.0264910666722365,0.0627757101434584,0.141122577499997,"Non-significant",1.20220836567771,"NAGLU","ANAG_HUMAN"
0.736188650250002,6.961098194125,2.71295067262789,0.029378127632316,0.068500204097591,-5.28382857421771,"MAFF_HUMAN",4,2.74485857840645,0.0265169823688359,0.0628194616039678,0.736188650250002,"Non-significant",1.20190579005512,"MAFF","MAFF_HUMAN"
-0.0733535274999983,12.32072413125,-2.63099670247592,0.0331338873928877,0.0747345623293915,-5.40867336120908,"PUR1_HUMAN",21,-2.7422443336394,0.0266215971816602,0.0630495764664833,-0.0733535274999983,"Non-significant",1.20031782644042,"PPAT","PUR1_HUMAN"
0.125213622499999,11.07720542125,3.07035367663215,0.0175204664923622,0.04622222599816,-4.74133987258417,"DGUOK_HUMAN",9,2.73989470553867,0.026715987455937,0.0632553534455317,0.125213622499999,"Non-significant",1.19890271325939,"DGUOK","DGUOK_HUMAN"
-0.152883292499997,14.23228943375,-3.9852325259547,0.00503183857435945,0.0182737472396708,-3.40190229699245,"TBB4A_HUMAN",5,-2.73954167453333,0.0267301994857112,0.0632712304029934,-0.152883292499997,"Non-significant",1.19879371995788,"TUBB4A","TBB4A_HUMAN"
0.122973914999999,11.779939415,2.65703531351803,0.0318893238413526,0.0727546044803157,-5.36900850573331,"DCA13_HUMAN",20,2.73917716022475,0.026744882014752,0.0632882118198609,0.122973914999999,"Non-significant",1.19867717494859,"DCAF13","DCA13_HUMAN"
0.1594328875,10.23979926125,2.82693444659559,0.0248769016915864,0.0603941158342853,-5.11030410380855,"P2RX4_HUMAN",10,2.73748427001456,0.0268131806507962,0.0634158914708965,0.1594328875,"Non-significant",1.19780189805975,"P2RX4","P2RX4_HUMAN"
0.214026927999999,9.01714086525,2.88451974224859,0.0228834108495221,0.0564319104887718,-5.02276910411483,"FBX17_HUMAN",7,2.7374668332886,0.0268138850637413,0.0634158914708965,0.214026927999999,"Non-significant",1.19780189805975,"FBXO17","FBX17_HUMAN"
0.252444505750002,10.095851302125,2.74291448452849,0.028118040945058,0.0663699151850724,-5.2381906508931,"H1X_HUMAN",9,2.73597225125115,0.0268743347917815,0.0635410288807648,0.252444505750002,"Non-significant",1.19694575718874,"H1-10","H1X_HUMAN"
0.0469188675000041,17.33363771375,2.27550354600232,0.0561253438332988,0.112826263575215,-5.94771809650748,"G6PI_HUMAN",39,2.73563116913799,0.0268881499278902,0.0635558653231033,0.0469188675000041,"Non-significant",1.19684436391539,"GPI","G6PI_HUMAN"
0.162652015749998,9.140877485125,2.65065840942716,0.0321895636719815,0.0733114920808248,-5.37872288119927,"M4K3_HUMAN",21,2.73537196293861,0.0268986536909642,0.0635628685060658,0.162652015749998,"Non-significant",1.19679651190133,"MAP4K3","M4K3_HUMAN"
0.0784130097500011,9.278095960625,2.49365112737367,0.0405825596961309,0.0876654012503042,-5.61769030038694,"KI13A_HUMAN",41,2.73470269626808,0.0269257939014755,0.0636091695054756,0.0784130097500011,"Non-significant",1.19648027462538,"KIF13A","KI13A_HUMAN"
0.459392547749998,9.673072576375,2.77908531291907,0.0266716900426028,0.0636691235822993,-5.18311621208849,"ERD22_HUMAN",4,2.73446564837688,0.0269354135023375,0.0636140656797991,0.459392547749998,"Non-significant",1.19644684706022,"KDELR2","ERD22_HUMAN"
1.28264975525,8.370564580125,2.66368398995007,0.0315793834619031,0.0722144935432396,-5.35887996262955,"CMS1_HUMAN",6,2.73401386611965,0.0269537570542593,0.0636300250406829,1.28264975525,"Non-significant",1.19633790585338,"CMSS1","CMS1_HUMAN"
-0.0720646399999971,15.99592912,-2.93368197254931,0.0213144097913126,0.0534692191092376,-4.9481414444029,"SPCS2_HUMAN",14,-2.73392740977698,0.0269572688836491,0.0636300250406829,-0.0720646399999971,"Non-significant",1.19633790585338,"SPCS2","SPCS2_HUMAN"
0.0871644024999991,10.40219116125,2.73943216084112,0.0282615445688134,0.0666713011952219,-5.24349403253739,"SNF5_HUMAN",16,2.72964238363655,0.0271319200131244,0.0640077518553899,0.0871644024999991,"Non-significant",1.19376742626374,"SMARCB1","SNF5_HUMAN"
0.141843079999999,10.98723209,2.59053883382001,0.0351684461661198,0.0782616255977443,-5.47028904034674,"FOCAD_HUMAN",55,2.72962862238549,0.0271324827831662,0.0640077518553899,0.141843079999999,"Non-significant",1.19376742626374,"FOCAD","FOCAD_HUMAN"
0.2321738005,7.7335593105,2.72513553025204,0.0288587515284457,0.0676823641161016,-5.26526861134377,"BAP1_HUMAN",10,2.72847733760285,0.0271796076848242,0.0641009829813606,0.2321738005,"Non-significant",1.19313531057311,"BAP1","BAP1_HUMAN"
-0.0622849475000002,17.12390685125,-2.63475178810379,0.0329513408701959,0.0745229010450446,-5.40295350666935,"PRDX4_HUMAN",20,-2.72818854344769,0.0271914420173318,0.0641109551787664,-0.0622849475000002,"Non-significant",1.19306775258473,"PRDX4","PRDX4_HUMAN"
-0.0709993850000039,12.301392195,-2.56537130545037,0.0364988948446901,0.0803434904530688,-5.50860367862058,"BIN1_HUMAN",24,-2.72793308892728,0.0272019145876887,0.0641177119853545,-0.0709993850000039,"Non-significant",1.1930219836645,"BIN1","BIN1_HUMAN"
0.219547747500002,17.53902125375,2.66241274025502,0.0316384022616287,0.0722906187756217,-5.36081658431942,"DOPD_HUMAN",16,2.72689301824888,0.027244596253658,0.0642003639424331,0.219547747500002,"Non-significant",1.19246250997254,"DDT","DOPD_HUMAN"
-0.0547008499999997,16.869015695,-2.53333046994421,0.0382682464420343,0.0834358637506227,-5.55735898946889,"1433E_HUMAN",23,-2.72636156759387,0.0272664322827918,0.0642338618534522,-0.0547008499999997,"Non-significant",1.19223596664812,"YWHAE","1433E_HUMAN"
-0.116169450000005,12.8971722125,-3.35929975517098,0.0116656940433939,0.0340124991669896,-4.30865528242877,"SH3L2_HUMAN",8,-2.7252005111617,0.0273142003106466,0.0643284141990613,-0.116169450000005,"Non-significant",1.1915971545391,"SH3BGRL2","SH3L2_HUMAN"
0.158381938750001,9.897802114375,2.63082089010105,0.0331424598395142,0.0747345623293915,-5.40894116051534,"MGRN1_HUMAN",23,2.72293110148622,0.027407818206117,0.0645158264449022,0.158381938750001,"Non-significant",1.19033373506136,"MGRN1","MGRN1_HUMAN"
0.224493503499998,9.5406234265,2.75231755624155,0.0277343348630861,0.0656849419952102,-5.22387118688374,"GTPB8_HUMAN",9,2.72278078852245,0.027414030638654,0.0645158264449022,0.224493503499998,"Non-significant",1.19033373506136,"GTPBP8","GTPB8_HUMAN"
0.173157453750001,8.546359181375,2.66622125262892,0.0314619306834328,0.0720548731049091,-5.35501468652505,"ZMY11_HUMAN",16,2.72256059350261,0.0274231339253949,0.0645158264449022,0.173157453750001,"Non-significant",1.19033373506136,"ZMYND11","ZMY11_HUMAN"
0.233434915500002,8.4341920615,2.71802924033358,0.0291604810581103,0.068143525045415,-5.2760927370654,"RSAD1_HUMAN",10,2.72253015131981,0.02742439270994,0.0645158264449022,0.233434915500002,"Non-significant",1.19033373506136,"RSAD1","RSAD1_HUMAN"
-0.0867753049999997,12.05117464,-2.77194401012966,0.0269509613481117,0.0642084944045318,-5.19398779810949,"WASF2_HUMAN",15,-2.72226170368224,0.02743549560994,0.0645239376384443,-0.0867753049999997,"Non-significant",1.19027913721508,"WASF2","WASF2_HUMAN"
0.0724370499999942,13.269697785,3.03138041258249,0.0185235062049349,0.0481451229729869,-4.80019786863928,"CATS_HUMAN",13,2.72200226613062,0.0274462302740469,0.0645311785160227,0.0724370499999942,"Non-significant",1.190230403414,"CTSS","CATS_HUMAN"
-0.0790653174999996,11.47388982875,-2.95702839033425,0.0206093877632477,0.0521342763671173,-4.91274128028168,"RAD_HUMAN",13,-2.72151115843663,0.0274665625763308,0.0645609748900982,-0.0790653174999996,"Non-significant",1.19002992025945,"RRAD","RAD_HUMAN"
-0.0977063175000019,13.75324654375,-3.16420238711718,0.0153341325562739,0.0417883618871106,-4.60004496176416,"ARP5L_HUMAN",10,-2.72053179524007,0.0275071556221167,0.0646262803314585,-0.0977063175000019,"Non-significant",1.18959083986892,"ARPC5L","ARP5L_HUMAN"
1.44545900875,7.333526790125,2.64727046035947,0.0323502686301052,0.0735793154256092,-5.38388389623948,"CLASR_HUMAN",7,2.72047093734925,0.027509680131602,0.0646262803314585,1.44545900875,"Non-significant",1.18959083986892,"CLASRP","CLASR_HUMAN"
1.4263596535,7.1116030215,2.64469374506079,0.0324730506479972,0.0737336624465352,-5.38780907823412,"AMOL1_HUMAN",9,2.71967737762222,0.0275426205508917,0.064685636284053,1.4263596535,"Non-significant",1.189192145531,"AMOTL1","AMOL1_HUMAN"
-0.105977059999997,14.4053919325,-2.94394361284076,0.0210014440727367,0.0528579194055233,-4.9325783866956,"NDUAC_HUMAN",11,-2.71889280948421,0.0275752278354654,0.0647431355147012,-0.105977059999997,"Non-significant",1.18880627151118,"NDUFA12","NDUAC_HUMAN"
-0.0733604449999952,18.18220949,-2.68462566395246,0.0306234457696165,0.0704874452190326,-5.32697722734106,"PTGR1_HUMAN",18,-2.71866989181922,0.0275844997545014,0.0647431355147012,-0.0733604449999952,"Non-significant",1.18880627151118,"PTGR1","PTGR1_HUMAN"
0.209017157250001,7.943207561875,2.63275110461322,0.0330484702206984,0.0746191089481062,-5.40600102118436,"PLCL2_HUMAN",23,2.71853417532397,0.0275901462532693,0.0647431355147012,0.209017157250001,"Non-significant",1.18880627151118,"PLCL2","PLCL2_HUMAN"
0.249187469999999,12.0203831175,2.6874565576813,0.0304965500108981,0.0702721213892456,-5.32266465068413,"STX4_HUMAN",11,2.71711836246185,0.0276491226172807,0.0648547766211685,0.249187469999999,"Non-significant",1.18805803216555,"STX4","STX4_HUMAN"
0.192127226749996,9.996246099125,2.70105382313561,0.0298946289804746,0.0693709807503558,-5.30195101096194,"YTDC1_HUMAN",12,2.71688288538689,0.0276589441648088,0.0648547766211685,0.192127226749996,"Non-significant",1.18805803216555,"YTHDC1","YTDC1_HUMAN"
0.213797330749998,8.635083794625,2.95351977775378,0.0207137522991532,0.052307674689982,-4.91805964133997,"RAD1_HUMAN",6,2.71681263096315,0.0276618751154465,0.0648547766211685,0.213797330749998,"Non-significant",1.18805803216555,"RAD1","RAD1_HUMAN"
-0.120429755,14.8712614775,-3.27439024297618,0.013131697729803,0.0370562705605992,-4.43504940306951,"RAB1A_HUMAN",8,-2.71665388966067,0.0276684988408734,0.0648547766211685,-0.120429755,"Non-significant",1.18805803216555,"RAB1A","RAB1A_HUMAN"
-0.0813806050000014,11.6603842975,-2.73672089470093,0.0283738025597461,0.0668425885344046,-5.24762325075409,"PP4C_HUMAN",16,-2.71459642538926,0.0277544982398733,0.0650382723558222,-0.0813806050000014,"Non-significant",1.18683100364244,"PPP4C","PP4C_HUMAN"
-0.0825743699999961,14.2098546025,-2.61134999729246,0.034106211937517,0.0764577820269496,-5.43859734673643,"RBBP4_HUMAN",21,-2.71412276803094,0.0277743356247279,0.0650666689774407,-0.0825743699999961,"Non-significant",1.18664142596548,"RBBP4","RBBP4_HUMAN"
0.135319948500003,9.492237687,2.66973504471063,0.0313000223117362,0.0717703721614864,-5.34966174449465,"ARRB2_HUMAN",16,2.71238424117114,0.0278472731180222,0.065219412367827,0.135319948500003,"Non-significant",1.18562311854079,"ARRB2","ARRB2_HUMAN"
-0.0549960150000022,14.2481777675,-2.37451383554091,0.0484325653164534,0.10025493444312,-5.79836450540754,"LRC47_HUMAN",34,-2.70993013949034,0.0279505687530577,0.0654431511165343,-0.0549960150000022,"Non-significant",1.18413579736279,"LRRC47","LRC47_HUMAN"
-0.129672764999995,11.187449575,-2.88880899464888,0.0227418012653312,0.0561977844812304,-5.01625394339409,"GIPC2_HUMAN",10,-2.70877487778762,0.0279993319201209,0.0655391193431545,-0.129672764999995,"Non-significant",1.18349939858041,"GIPC2","GIPC2_HUMAN"
0.0680499074999972,14.95496893125,2.72290990987722,0.0289528986772301,0.0678088310503952,-5.2686585672595,"GMPPB_HUMAN",17,2.70805321936759,0.0280298374653434,0.0655923098265906,0.0680499074999972,"Non-significant",1.1831470751922,"GMPPB","GMPPB_HUMAN"
0.80211794425,7.915410697375,2.64401634801015,0.0325054092290426,0.0737717001592891,-5.38884096910283,"LIPT_HUMAN",7,2.70730250699421,0.0280616076177141,0.0656484292560956,0.80211794425,"Non-significant",1.18277566064184,"LIPT1","LIPT_HUMAN"
0.159669160000004,10.42534864,2.61204806688773,0.034071162536225,0.0763995288688057,-5.43753419534708,"TDRKH_HUMAN",24,2.70617533407961,0.0281093794869727,0.0657357811598491,0.159669160000004,"Non-significant",1.18219817183625,"TDRKH","TDRKH_HUMAN"
-0.111227512500003,10.71045184125,-2.56880727270709,0.036314233871037,0.080024229359208,-5.50337365382218,"PTPRJ_HUMAN",30,-2.70605359728385,0.0281145439650322,0.0657357811598491,-0.111227512500003,"Non-significant",1.18219817183625,"PTPRJ","PTPRJ_HUMAN"
0.0952043549999999,12.783257485,2.69875766779382,0.0299954003921627,0.0695153492283433,-5.30544884120392,"F185A_HUMAN",16,2.70502363894762,0.0281582774700228,0.0658138398890216,0.0952043549999999,"Non-significant",1.18168276967769,"FAM185A","F185A_HUMAN"
-0.0871226749999998,14.484730125,-2.97021854026942,0.0202219795376316,0.0513561511065673,-4.89275336210985,"RBSK_HUMAN",12,-2.7048996969491,0.0281635449614072,0.0658138398890216,-0.0871226749999998,"Non-significant",1.18168276967769,"RBKS","RBSK_HUMAN"
-0.083029269999999,11.1752638825,-2.48151749956061,0.0413186245223969,0.0887152691669971,-5.6361264803152,"HECD3_HUMAN",42,-2.70277502293274,0.0282540013636466,0.0659851675433517,-0.083029269999999,"Non-significant",1.18055367624622,"HECTD3","HECD3_HUMAN"
0.182635784250003,9.627348184375,2.74544262406498,0.0280143350000534,0.0661807258171104,-5.23434054474155,"NKAP_HUMAN",10,2.70261739917834,0.0282607240266549,0.0659851675433517,0.182635784250003,"Non-significant",1.18055367624622,"NKAP","NKAP_HUMAN"
0.17936730375,8.234929203875,2.85843737707852,0.0237647091579769,0.0581459313476306,-5.06240226034033,"PKHJ1_HUMAN",8,2.70257534468841,0.0282625179325648,0.0659851675433517,0.17936730375,"Non-significant",1.18055367624622,"PLEKHJ1","PKHJ1_HUMAN"
0.1239802825,10.48847234125,2.59749809815468,0.0348094758274649,0.0776009182093895,-5.45969211825198,"QSOX2_HUMAN",24,2.70244276393725,0.0282681741605224,0.0659851675433517,0.1239802825,"Non-significant",1.18055367624622,"QSOX2","QSOX2_HUMAN"
0.313641786499998,8.63359105575,2.8979113373054,0.0224443315423671,0.0555441193689409,-5.00243043377447,"ELOV1_HUMAN",4,2.70043429027889,0.0283540038961962,0.0661671923701656,0.313641786499998,"Non-significant",1.17935729310332,"ELOVL1","ELOV1_HUMAN"
0.0664029124999956,16.52106404125,2.49087513418173,0.0407497633775316,0.0878464847849653,-5.62190879392546,"CP3A5_HUMAN",27,2.69868370285019,0.0284290327519001,0.0663089219944343,0.0664029124999956,"Non-significant",1.17842803249629,"CYP3A5","CP3A5_HUMAN"
0.281293392250002,7.283534288375,2.63283611566409,0.0330443370633496,0.0746191089481062,-5.40587152995478,"C19L2_HUMAN",15,2.69865018087589,0.0284304714779791,0.0663089219944343,0.281293392250002,"Non-significant",1.17842803249629,"CWF19L2","C19L2_HUMAN"
0.175700902499999,11.44379699125,2.96077903666483,0.0204984370070794,0.0519326364868089,-4.90705674631707,"S22A3_HUMAN",7,2.69818972421677,0.0284502413822871,0.0663366762410229,0.175700902499999,"Non-significant",1.17824629233334,"SLC22A3","S22A3_HUMAN"
-0.169667720999998,9.56348037725,-2.72451768184992,0.0288848554163136,0.0677059083159364,-5.2662096825855,"DAF_HUMAN",11,-2.69739703091093,0.0284843092821736,0.0663977441757304,-0.169667720999998,"Non-significant",1.17784667528069,"CD55","DAF_HUMAN"
-0.0370812450000013,15.312110185,-2.19615782140982,0.0631741457901705,0.123893642360481,-6.06667182341551,"AK1D1_HUMAN",30,-2.69709290730228,0.0284973909069518,0.0664098722573119,-0.0370812450000013,"Non-significant",1.17776735514736,"AKR1D1","AK1D1_HUMAN"
0.13051486,11.4759703875,2.71952476065232,0.0290967099512442,0.0680322241828121,-5.27381475644899,"MCL1_HUMAN",13,2.6962783438236,0.0285324592560435,0.066473216989826,0.13051486,"Non-significant",1.17735330291501,"MCL1","MCL1_HUMAN"
0.385967612249999,7.916419565625,2.65290821813521,0.0320833036552528,0.0730892341919259,-5.37529561385049,"GPBL1_HUMAN",9,2.69592208606938,0.0285478107678037,0.066479213970305,0.385967612249999,"Non-significant",1.17731412415742,"GPBP1L1","GPBL1_HUMAN"
-0.0699582074999974,11.58518004625,-2.6070089346579,0.034325012160256,0.0767645336956217,-5.44520857678131,"STAM2_HUMAN",20,-2.6958525699983,0.0285508072811133,0.066479213970305,-0.0699582074999974,"Non-significant",1.17731412415742,"STAM2","STAM2_HUMAN"
0.225338816500001,8.06944090125,2.64256499543362,0.0325748515809604,0.0738497643829788,-5.39105182989486,"SNP47_HUMAN",14,2.6955611849385,0.0285633710657455,0.0664901007216705,0.225338816500001,"Non-significant",1.17724300916272,"SNAP47","SNP47_HUMAN"
0.278086781500003,8.25357884175,2.63276192748316,0.0330479439931612,0.0746191089481062,-5.40598453548733,"DDHD1_HUMAN",14,2.69398465907778,0.0286314459494592,0.0666301650767509,0.278086781500003,"Non-significant",1.17632911076258,"DDHD1","DDHD1_HUMAN"
0.200229167999995,9.567116499,2.6149954837544,0.0339235863416125,0.0761699278831783,-5.43304524300884,"ADCK5_HUMAN",20,2.69319469153168,0.0286656199874915,0.0666912809479896,0.200229167999995,"Non-significant",1.1759309409514,"ADCK5","ADCK5_HUMAN"
-0.387711047500005,19.53973603375,-2.6347805260287,0.0329499478576712,0.0745229010450446,-5.40290973175284,"FABPL_HUMAN",11,-2.69260070386718,0.0286913436665075,0.0667327085444239,-0.387711047500005,"Non-significant",1.17566124766496,"FABP1","FABPL_HUMAN"
0.100266695000002,13.9999786625,3.68479223407117,0.00748004843773801,0.0245232704323974,-3.83120445783232,"RHOB_HUMAN",8,2.69200422532755,0.0287171992044883,0.0667744198881744,0.100266695000002,"Non-significant",1.17538987628239,"RHOB","RHOB_HUMAN"
-0.117565395,12.8496466875,-3.26790617081835,0.0132514737634039,0.0373068377928294,-4.44472928664678,"CIA2A_HUMAN",8,-2.69007446264004,0.0288010135200287,0.0669508392058252,-0.117565395,"Non-significant",1.17424397488536,"CIAO2A","CIA2A_HUMAN"
0.0699324625000006,13.81688046375,2.50264356358337,0.0400457524696727,0.0867057918229826,-5.6040228622224,"ACBD5_HUMAN",26,2.68648918655022,0.0289574019720827,0.067295820574217,0.0699324625000006,"Non-significant",1.17201190691893,"ACBD5","ACBD5_HUMAN"
0.0623171325000023,11.17269504125,2.34290509205702,0.050764569954685,0.104003046629326,-5.84613961376229,"ARI1A_HUMAN",55,2.685766667895,0.0289890239606618,0.0673507395161021,0.0623171325000023,"Non-significant",1.17165763132928,"ARID1A","ARI1A_HUMAN"
0.24526,10.4796987775,2.61013645269297,0.0341672317449962,0.0765335095345664,-5.44044554406034,"OFD1_HUMAN",19,2.68546773833961,0.0290021174318659,0.067362592403747,0.24526,"Non-significant",1.17158120765779,"OFD1","OFD1_HUMAN"
0.0987822975000014,11.12827312875,2.60240596093364,0.0345586012934751,0.0771232328045278,-5.4522183782285,"CIA30_HUMAN",20,2.68488131907726,0.0290278210313043,0.0674037199649762,0.0987822975000014,"Non-significant",1.1713161343893,"NDUFAF1","CIA30_HUMAN"
0.104848385000002,13.347507475,4.12309871181108,0.0042138609476789,0.016152175501585,-3.20891593247233,"COX20_HUMAN",7,2.68319944302811,0.0291016705746962,0.0675565908218436,0.104848385000002,"Non-significant",1.17033227479994,"COX20","COX20_HUMAN"
0.159327745750003,8.707414269625,2.81903179980897,0.0251643750853866,0.0608638500989163,-5.1223253753472,"F118B_HUMAN",9,2.68024809865897,0.0292317302505293,0.0678294826178101,0.159327745750003,"Non-significant",1.16858149558553,"FAM118B","F118B_HUMAN"
0.0602703099999999,19.9970183375,2.35096295113334,0.050159448543736,0.103045086954704,-5.83396822722087,"ADH1G_HUMAN",43,2.68016683669785,0.0292353197710884,0.0678294826178101,0.0602703099999999,"Non-significant",1.16858149558553,"ADH1C","ADH1G_HUMAN"
0.0303525925000052,16.48530769125,1.88567573887513,0.100303680441548,0.176284345796873,-6.52237368406095,"PABP1_HUMAN",44,2.67966056226805,0.0292576932783771,0.0678627123399671,0.0303525925000052,"Non-significant",1.16836878644245,"PABPC1","PABP1_HUMAN"
-0.175786735000001,13.36183536,-2.93348559569158,0.0213204467227604,0.0534692191092376,-4.94843932418343,"RM12_HUMAN",7,-2.67891367023615,0.0292907325293586,0.0679206559807329,-0.175786735000001,"Non-significant",1.16799812830832,"MRPL12","RM12_HUMAN"
0.1100840575,11.33041262625,2.51676564575364,0.0392174223664916,0.0852187814197365,-5.58255246443539,"OTUD4_HUMAN",44,2.67820094857985,0.0293222961262969,0.0679751468780409,0.1100840575,"Non-significant",1.1676498453329,"OTUD4","OTUD4_HUMAN"
0.195330858249999,9.425633072875,2.73839383313371,0.0283044809203033,0.0667165742945293,-5.24507537878968,"GRM2B_HUMAN",9,2.67776400974524,0.0293416637524724,0.0680013428016469,0.195330858249999,"Non-significant",1.16748251132924,"GRAMD2B","GRM2B_HUMAN"
0.155385732750004,9.429072499375,2.64997150380648,0.0322220794485001,0.0733459107943308,-5.37976928037113,"ADCK1_HUMAN",14,2.6765001381378,0.0293977601003373,0.0681126222885495,0.155385732750004,"Non-significant",1.16677239936026,"ADCK1","ADCK1_HUMAN"
0.175024628499998,7.57307344675,2.69432956196347,0.0301907365094028,0.0698021575674499,-5.31219443683082,"NFAC3_HUMAN",11,2.67563256837088,0.0294363308081092,0.0681730107096114,0.175024628499998,"Non-significant",1.16638752592676,"NFATC3","NFAC3_HUMAN"
0.100565433500002,9.512672901,2.60598584563748,0.0343767896572762,0.0768191834626673,-5.4467666521373,"IPO13_HUMAN",19,2.67527923581388,0.0294520543421105,0.0681730107096114,0.100565433500002,"Non-significant",1.16638752592676,"IPO13","IPO13_HUMAN"
-0.2724130155,9.1380034685,-2.62024396357946,0.0336624337782263,0.075678032411794,-5.42505146651284,"MMP8_HUMAN",13,-2.67498117023332,0.0294653251958928,0.0681730107096114,-0.2724130155,"Non-significant",1.16638752592676,"MMP8","MMP8_HUMAN"
-0.204010485000001,10.037403583,-2.83139969803885,0.0247159938291282,0.0601244190434984,-5.10351251825891,"CATO_HUMAN",7,-2.67496047381645,0.0294662468970046,0.0681730107096114,-0.204010485000001,"Non-significant",1.16638752592676,"CTSO","CATO_HUMAN"
0.079747917500006,13.40129149125,2.44782317504956,0.0434353276940383,0.0919890394806656,-5.68728576975962,"COG5_HUMAN",42,2.67485173674568,0.0294710899185072,0.0681730107096114,0.079747917500006,"Non-significant",1.16638752592676,"COG5","COG5_HUMAN"
0.275447130250001,9.610271334625,3.19170248926463,0.0147498901921369,0.0404928186886755,-4.55877000569375,"NDUF8_HUMAN",3,2.67482341372111,0.0294723515275625,0.0681730107096114,0.275447130250001,"Non-significant",1.16638752592676,"NDUFAF8","NDUF8_HUMAN"
0.203963995000002,10.933594585,3.09732537730507,0.0168601136294735,0.0448308825813351,-4.70066657727695,"MOT8_HUMAN",5,2.67398857130465,0.0295095634344995,0.0682403594483941,0.203963995000002,"Non-significant",1.16595869423732,"SLC16A2","MOT8_HUMAN"
0.166412832500001,10.60863780875,2.56106704880916,0.0367315896628591,0.0807328733424352,-5.51515494958864,"WDR59_HUMAN",41,2.67370011604621,0.0295224321778206,0.0682513935345173,0.166412832500001,"Non-significant",1.16588847691471,"WDR59","WDR59_HUMAN"
0.111662147499999,11.79607307875,2.66601898737411,0.0314712771022491,0.0720548731049091,-5.35532281866611,"PDCL3_HUMAN",15,2.67165061925666,0.0296140324135183,0.0684443869518908,0.111662147499999,"Non-significant",1.16466216207747,"PDCL3","PDCL3_HUMAN"
0.0607721800000007,10.4040530925,2.4337282314823,0.0443534509615868,0.0934171009883095,-5.70866875678406,"WDR70_HUMAN",28,2.67066287326856,0.0296582833733612,0.0685162430549038,0.0607721800000007,"Non-significant",1.16420645868458,"WDR70","WDR70_HUMAN"
0.228367566999998,8.435462117,2.57971658183296,0.0357342995479008,0.0790770309501854,-5.48676633320523,"RREB1_HUMAN",31,2.67059381189824,0.0296613798679967,0.0685162430549038,0.228367566999998,"Non-significant",1.16420645868458,"RREB1","RREB1_HUMAN"
0.1497113705,8.5557090045,2.93547000541936,0.0212595256586407,0.0533958706128375,-4.94542930147809,"KMCP1_HUMAN",8,2.67026126846549,0.0296762947381154,0.0685190123369447,0.1497113705,"Non-significant",1.16418890577229,"SLC25A30","KMCP1_HUMAN"
0.101188182500003,9.80482292175,2.58835097548174,0.0352820889008149,0.0783210810624249,-5.47362032465629,"MICU1_HUMAN",20,2.6700287933645,0.0296867260472893,0.0685190123369447,0.101188182500003,"Non-significant",1.16418890577229,"MICU1","MICU1_HUMAN"
-0.151418444999997,11.609306455,-3.31487620774748,0.012409513214507,0.0355607015193168,-4.37469711818014,"CD302_HUMAN",6,-2.669857500112,0.0296944145064886,0.0685190123369447,-0.151418444999997,"Non-significant",1.16418890577229,"CD302","CD302_HUMAN"
-0.0741088399999992,10.4145489925,-2.52033491561485,0.0390108717688253,0.0848355619554769,-5.5771247661879,"M3K2_HUMAN",24,-2.6698205953333,0.0296960712380395,0.0685190123369447,-0.0741088399999992,"Non-significant",1.16418890577229,"MAP3K2","M3K2_HUMAN"
-0.119354725000001,11.7458148025,-3.52478778340173,0.00928879078903507,0.028792295615368,-4.06442159036075,"CYBC1_HUMAN",7,-2.66966129786323,0.0297032235234542,0.0685190123369447,-0.119354725000001,"Non-significant",1.16418890577229,"CYBC1","CYBC1_HUMAN"
-0.0911669750000001,15.68482399,-3.17794262774929,0.0150391998137871,0.041077581085681,-4.57941454537272,"RS17_HUMAN",10,-2.66911141061114,0.0297279265235022,0.0685572346557045,-0.0911669750000001,"Non-significant",1.16394670855845,"RPS17","RS17_HUMAN"
0.104174615000002,10.092133285,2.67333851594215,0.0311348808243939,0.0714683442167628,-5.34417217266505,"C1GLC_HUMAN",15,2.66820249811359,0.0297688047441178,0.0686327284431534,0.104174615000002,"Non-significant",1.16346873571151,"C1GALT1C1","C1GLC_HUMAN"
0.0869770025000012,12.12609839375,4.3648513118199,0.00310860205436863,0.0129075895154055,-2.87688175684633,"ATP5S_HUMAN",8,2.6674605860235,0.0298022151061608,0.0686832289959363,0.0869770025000012,"Non-significant",1.16314929559975,"DMAC2L","ATP5S_HUMAN"
0.162693262499998,10.53439724375,3.1782840062676,0.0150319494829593,0.0410710866100044,-4.57890217291406,"ZN593_HUMAN",6,2.66735427453692,0.0298070057737733,0.0686832289959363,0.162693262499998,"Non-significant",1.16314929559975,"ZNF593","ZN593_HUMAN"
-0.110032797500001,15.51726734625,-3.10747280697067,0.0166185536211893,0.0443284140737356,-4.68537754912736,"SSBP_HUMAN",9,-2.66698753516052,0.0298235380834372,0.0687025423627472,-0.110032797500001,"Non-significant",1.16302719141669,"SSBP1","SSBP_HUMAN"
0.0853216625000002,10.70485198625,2.51809005954384,0.0391406486292082,0.0850738853263528,-5.58053851586326,"WWP1_HUMAN",26,2.66597672310107,0.0298691536174285,0.0687888240003565,0.0853216625000002,"Non-significant",1.16248211509643,"WWP1","WWP1_HUMAN"
-0.0623147499999988,14.3994427925,-2.47295575282242,0.0418462453930739,0.0895688172722752,-5.64913141314974,"AHSA1_HUMAN",25,-2.66557246201634,0.0298874170861987,0.0688120837529551,-0.0623147499999988,"Non-significant",1.16233529074091,"AHSA1","AHSA1_HUMAN"
0.091014865,11.043768645,2.8795523561626,0.0230485681626326,0.0567727589254325,-5.03031523399773,"NOP16_HUMAN",12,2.66278336927197,0.030013735187118,0.0690840453009878,0.091014865,"Non-significant",1.16062223971404,"NOP16","NOP16_HUMAN"
-0.0567729449999987,11.0275288825,-2.89279103834896,0.0226111588308276,0.0559101942915767,-5.01020608699702,"RPR1A_HUMAN",15,-2.6625163917423,0.0300258554345063,0.0690893618323803,-0.0567729449999987,"Non-significant",1.16058881880772,"RPRD1A","RPR1A_HUMAN"
0.387787341999996,9.29685974125,2.69858063953241,0.0300031843033234,0.0695153492283433,-5.30571851699037,"C10_HUMAN",5,2.66237143665088,0.0300324382196988,0.0690893618323803,0.387787341999996,"Non-significant",1.16058881880772,"C12orf57","C10_HUMAN"
0.0537621950000009,14.5492953075,3.10478463580674,0.0166821858374342,0.0444700013990299,-4.68942706703287,"HNRH2_HUMAN",14,2.66067883419976,0.0301094138581336,0.0692475441774102,0.0537621950000009,"Non-significant",1.15959562398353,"HNRNPH2","HNRH2_HUMAN"
0.114143372499999,16.68075323125,2.57123433697853,0.0361843766081173,0.0798424372852935,-5.49967915080462,"ADH6_HUMAN",21,2.65962712459134,0.0301573455784032,0.0693388613967158,0.114143372499999,"Non-significant",1.15902329410713,"ADH6","ADH6_HUMAN"
-0.219112395,11.6451535225,-6.06019157223429,0.000464656710674154,0.00322327318512795,-0.779516039770148,"COPT1_HUMAN",2,-2.65758394949175,0.0302506882993502,0.0695345109558829,-0.219112395,"Non-significant",1.15779959544251,"SLC31A1","COPT1_HUMAN"
0.159608602750001,9.408040881125,2.62640732058453,0.0333584164362865,0.0750747590453019,-5.41566385814532,"F151A_HUMAN",14,2.65610843633074,0.0303182824092843,0.0696708839770603,0.159608602750001,"Non-significant",1.15694867914644,"FAM151A","F151A_HUMAN"
0.294237137249997,8.234265565875,2.60412661370966,0.034471090578072,0.0769679514203862,-5.4495980595623,"TM10A_HUMAN",12,2.6557660806771,0.0303339881516896,0.0696879765959639,0.294237137249997,"Non-significant",1.1568421451223,"TRMT10A","TM10A_HUMAN"
0.148026942750001,9.899182319375,2.58943150182927,0.0352259163211976,0.0782808459455246,-5.47197510129249,"ALKB5_HUMAN",18,2.65532889889872,0.030354056279918,0.0697015501079012,0.148026942750001,"Non-significant",1.15675756342535,"ALKBH5","ALKB5_HUMAN"
-0.166081428500004,9.43405127525,-2.9479842102233,0.0208795440153899,0.0526383394590702,-4.92645173918397,"TNR3_HUMAN",7,-2.655277098945,0.0303564349799627,0.0697015501079012,-0.166081428500004,"Non-significant",1.15675756342535,"LTBR","TNR3_HUMAN"
-0.179727079999999,10.7647752775,-3.26593811766727,0.0132880587592015,0.0373848622434276,-4.44766809276353,"ARCH_HUMAN",5,-2.6546670045745,0.0303844655137775,0.0697469117144963,-0.179727079999999,"Non-significant",1.15647501751739,"ZBTB8OS","ARCH_HUMAN"
-0.086701392500002,13.26748681125,-3.59803380092212,0.0084081976665615,0.0267444143892253,-3.95728672416111,"RHOG_HUMAN",9,-2.65447329910825,0.0303933708078771,0.0697483589816489,-0.086701392500002,"Non-significant",1.15646600588373,"RHOG","RHOG_HUMAN"
0.151602270500002,9.991989137,2.56376344563221,0.036585639660733,0.0804960471679245,-5.51105096764302,"ARNT_HUMAN",23,2.65406286410899,0.030412248776495,0.0697726850672499,0.151602270500002,"Non-significant",1.15631456371353,"ARNT","ARNT_HUMAN"
-0.0515687450000009,12.7155195475,-2.31302158753231,0.053074201383307,0.107746253241786,-5.89122920141071,"RFA1_HUMAN",33,-2.65288644873584,0.0304664249958183,0.0698779581740822,-0.0515687450000009,"Non-significant",1.15565979353863,"RPA1","RFA1_HUMAN"
0.278844833499999,8.65673542025,2.57409871640993,0.0360317381891756,0.0795681218749177,-5.4953187859186,"LATS1_HUMAN",21,2.65175207060795,0.0305187594782182,0.0699789509363169,0.278844833499999,"Non-significant",1.15503257237017,"LATS1","LATS1_HUMAN"
-0.139975307500002,13.14461243125,-3.46269808644376,0.0101131976744956,0.0305975024037,-4.15571261152592,"PHP14_HUMAN",6,-2.65028013738168,0.0305868051221728,0.0701159043717146,-0.139975307500002,"Non-significant",1.15418345995863,"PHPT1","PHP14_HUMAN"
1.04642188575,6.684963285875,2.58888126479367,0.0352545095494312,0.0782827858535635,-5.47281290208978,"ZN316_HUMAN",5,2.6500127899605,0.0305991810215172,0.07012520305339,1.04642188575,"Non-significant",1.15412586819797,"ZNF316","ZN316_HUMAN"
0.1276893575,11.51937460875,2.64634393257654,0.0323943626627795,0.0736585063082191,-5.38529530638848,"IF4E2_HUMAN",14,2.64945949773273,0.0306248101054361,0.0701648612065019,0.1276893575,"Non-significant",1.15388032953337,"EIF4E2","IF4E2_HUMAN"
-1.2435438635,6.66026854525,-2.5797580584179,0.0357321130252152,0.0790770309501854,-5.48670318807683,"EPCAM_HUMAN",6,-2.64788778154258,0.030697734344493,0.0703128268450358,-1.2435438635,"Non-significant",1.15296544141152,"EPCAM","EPCAM_HUMAN"
-0.261803626750002,7.930389165875,-2.6120522144819,0.0340709544010299,0.0763995288688057,-5.43752787859223,"MB12B_HUMAN",11,-2.64761182990193,0.0307105563499288,0.0703230859748846,-0.261803626750002,"Non-significant",1.15290207945225,"MVB12B","MB12B_HUMAN"
0.37733995925,6.831546723875,2.8321743873736,0.024688188719757,0.0601088222758036,-5.10233428855487,"MF14A_HUMAN",3,2.64651935257323,0.0307613721263931,0.0704203165815773,0.37733995925,"Non-significant",1.15230202684716,"MFSD14A","MF14A_HUMAN"
0.268204331500002,8.1908304095,2.66101664143452,0.0317033493129306,0.0724193851920576,-5.36294339647802,"PBX2_HUMAN",8,2.64571279971527,0.0307989438926,0.0704749851107717,0.268204331500002,"Non-significant",1.15196500720961,"PBX2","PBX2_HUMAN"
0.142018318249999,10.030615090875,2.54163187629748,0.0378015039972817,0.082739256606878,-5.54472993537697,"VPP3_HUMAN",27,2.64564778053838,0.0308019747476668,0.0704749851107717,0.142018318249999,"Non-significant",1.15196500720961,"TCIRG1","VPP3_HUMAN"
0.1732959745,8.750878334,2.56107114355177,0.0367313675683822,0.0807328733424352,-5.51514871743074,"NEB2_HUMAN",22,2.64488888086728,0.0308373734153275,0.0705298935288736,0.1732959745,"Non-significant",1.15162677176092,"PPP1R9B","NEB2_HUMAN"
0.0943212500000037,12.72746515,2.5246198670995,0.0387643838293914,0.0843866196533937,-5.57060814788153,"SYCM_HUMAN",24,2.64477458773852,0.0308427082153788,0.0705298935288736,0.0943212500000037,"Non-significant",1.15162677176092,"CARS2","SYCM_HUMAN"
-0.0553770050000004,16.241938115,-2.59076375830758,0.0351567845150053,0.0782616255977443,-5.46994655994224,"PSB1_HUMAN",19,-2.64385621867589,0.0308856089538218,0.0705941008633238,-0.0553770050000004,"Non-significant",1.15123158888513,"PSMB1","PSB1_HUMAN"
-0.489335179250001,7.817553937625,-2.57088218948405,0.0362031880649551,0.0798630390472406,-5.5002152020442,"PCSK9_HUMAN",16,-2.64379148984092,0.0308886350167998,0.0705941008633238,-0.489335179250001,"Non-significant",1.15123158888513,"PCSK9","PCSK9_HUMAN"
0.0734362625000013,11.20625161875,2.53861065135944,0.0379706879754976,0.0829163633477873,-5.54932642067826,"SYPM_HUMAN",21,2.6435717996426,0.0308989077758839,0.0705941008633238,0.0734362625000013,"Non-significant",1.15123158888513,"PARS2","SYPM_HUMAN"
0.0492603800000033,15.2291446925,2.73891381992459,0.0282829702140367,0.0666902660430776,-5.24428345055011,"MTHFS_HUMAN",17,2.6434567985883,0.0309042866515203,0.0705941008633238,0.0492603800000033,"Non-significant",1.15123158888513,"MTHFS","MTHFS_HUMAN"
0.380103588000001,9.17533826825,2.64909343008219,0.0322636941272844,0.0734208093409503,-5.38110689229568,"POMP_HUMAN",6,2.64326833451739,0.0309131036536032,0.0705951099149882,0.380103588000001,"Non-significant",1.15122538124975,"POMP","POMP_HUMAN"
-0.0627307875000085,16.11988544375,-2.36586092245607,0.0490599015114991,0.101279919137993,-5.81145086609634,"PCCB_HUMAN",36,-2.64264179372276,0.0309424340236854,0.0706429513503912,-0.0627307875000085,"Non-significant",1.15093116491727,"PCCB","PCCB_HUMAN"
-0.0436141474999978,12.98746502375,-2.1874131634584,0.0640035367662995,0.12517072190328,-6.07973369285942,"SE1L1_HUMAN",37,-2.64138032222501,0.0310015744677913,0.0707588061708673,-0.0436141474999978,"Non-significant",1.15021950303448,"SEL1L","SE1L1_HUMAN"
-1.02069664,7.98633599275,-2.61413261710936,0.0339667211253017,0.0762464693382604,-5.43435941157285,"MAMC2_HUMAN",2,-2.64022786241332,0.0310557059314883,0.0708631687321371,-1.02069664,"Non-significant",1.14957943156659,"MAMDC2","MAMC2_HUMAN"
0.0456619250000028,12.8262798775,2.14515072196057,0.0681682214069578,0.131095126223876,-6.14271054781229,"INSR_HUMAN",54,2.63977338712343,0.0310770795459371,0.0708927479005965,0.0456619250000028,"Non-significant",1.14939818946915,"INSR","INSR_HUMAN"
-0.0780625300000022,10.9490404125,-2.48147591569783,0.0413211705717915,0.0887152691669971,-5.63618965269759,"EM55_HUMAN",26,-2.63948888189672,0.031090467308383,0.0709040987398161,-0.0780625300000022,"Non-significant",1.14932865891236,"MPP1","EM55_HUMAN"
0.287965178499999,7.97396045925,3.06500468140403,0.0176546555955514,0.046503466254657,-4.74941208979869,"ACD_HUMAN",3,2.63908852097158,0.0311093168668231,0.0709207949734381,0.287965178499999,"Non-significant",1.14922640490075,"ACD","ACD_HUMAN"
-0.245471953500001,9.868549585,-4.29087600481448,0.00340869883814968,0.013856453305841,-2.97760953337893,"RAC2_HUMAN",2,-2.63890969998809,0.0311177398115987,0.0709207949734381,-0.245471953500001,"Non-significant",1.14922640490075,"RAC2","RAC2_HUMAN"
-0.0612478250000024,16.43122053,-3.09558200728342,0.0169019883985858,0.0448997353330224,-4.70329403737307,"PSA5_HUMAN",13,-2.63879741173218,0.0311230300874063,0.0709207949734381,-0.0612478250000024,"Non-significant",1.14922640490075,"PSMA5","PSA5_HUMAN"
0.161850452500001,9.1798381805,2.56582610646301,0.0364743966607613,0.080314182197899,-5.50791142411332,"DGCR8_HUMAN",19,2.63843387937649,0.0311401636651872,0.0709406593334763,0.161850452500001,"Non-significant",1.14910477944513,"DGCR8","DGCR8_HUMAN"
-0.081200599999999,16.6531333925,-2.75083424570353,0.0277944985203879,0.065790459991112,-5.22612995589517,"TMED9_HUMAN",14,-2.63769743902358,0.0311749024631923,0.0710006087171705,-0.081200599999999,"Non-significant",1.14873792788128,"TMED9","TMED9_HUMAN"
0.111927982500003,10.97244787125,3.03276016219628,0.0184869767852424,0.0480798294732516,-4.79811248290536,"PKHF1_HUMAN",9,2.63497979728072,0.0313034425123819,0.0712740996587972,0.111927982500003,"Non-significant",1.14706826003304,"PLEKHF1","PKHF1_HUMAN"
0.0569548600000012,15.2022471425,2.48468919118075,0.0411249057179463,0.0884265434041939,-5.63130795343433,"NDUAA_HUMAN",22,2.63419955713882,0.0313404472891068,0.0713390845800382,0.0569548600000012,"Non-significant",1.14667246780939,"NDUFA10","NDUAA_HUMAN"
0.144810676500001,9.1096982955,2.56161091400096,0.0367021031262533,0.0807101558182075,-5.51432718835811,"NDOR1_HUMAN",19,2.63345670282867,0.0313757207832748,0.0714000946226304,0.144810676500001,"Non-significant",1.14630121267678,"NDOR1","NDOR1_HUMAN"
0.90883040425,8.015448451125,2.55899168585301,0.0368443337251071,0.0809173759689755,-5.51831357570581,"FBX11_HUMAN",13,2.6321602885076,0.0314373772567306,0.0715210938993205,0.90883040425,"Non-significant",1.14556585172325,"FBXO11","FBX11_HUMAN"
0.0669193275000008,12.25008011125,2.33128853933562,0.0516500185579422,0.105329987913067,-5.86367665510343,"EDC4_HUMAN",57,2.63168280102362,0.0314601175976543,0.0715535162521931,0.0669193275000008,"Non-significant",1.14536901946672,"EDC4","EDC4_HUMAN"
-0.0747742650000021,17.1968863,-2.47676590808817,0.0416105943588137,0.0891776506103332,-5.64334437280114,"AK1C4_HUMAN",25,-2.63140672945442,0.0314732732264988,0.0715641273337356,-0.0747742650000021,"Non-significant",1.1453046202207,"AKR1C4","AK1C4_HUMAN"
-0.0451004474999994,14.10642611875,-2.40643154532592,0.0461883808675023,0.0966298988166236,-5.75004584409652,"TOIP2_HUMAN",23,-2.6302059608624,0.031530559288753,0.0716750496884842,-0.0451004474999994,"Non-significant",1.1446319973082,"TOR1AIP2","TOIP2_HUMAN"
0.169233799000001,9.81344199175,3.34502082982185,0.011899432020586,0.034491166609876,-4.32986186933655,"UXT_HUMAN",5,2.62981693160643,0.0315491420278915,0.0716979558245074,0.169233799000001,"Non-significant",1.14449322629583,"UXT","UXT_HUMAN"
-0.0820231450000009,12.0831751825,-4.72399467968486,0.00201025362068477,0.0093685021856499,-2.39895167252703,"GGACT_HUMAN",8,-2.62958427531495,0.0315602606916348,0.0717038914743368,-0.0820231450000009,"Non-significant",1.14445727390027,"GGACT","GGACT_HUMAN"
0.418177364999998,11.72098124,2.75658170721343,0.0275621353893022,0.0654057542782738,-5.21737798295973,"CX6A1_HUMAN",3,2.62928569129099,0.0315745359538367,0.071716993682266,0.418177364999998,"Non-significant",1.14437792399786,"COX6A1","CX6A1_HUMAN"
-0.0598206519999955,9.83346915225,-2.61345367068615,0.0340007016540903,0.0762821171792194,-5.43539345788477,"TCAL4_HUMAN",18,-2.62872913120463,0.0316011627496272,0.0717581359958533,-0.0598206519999955,"Non-significant",1.14412885114051,"TCEAL4","TCAL4_HUMAN"
-0.0678210199999967,10.799734115,-2.63665474796997,0.0328592305069658,0.0743744505755141,-5.40005481644735,"FL2D_HUMAN",17,-2.62716138229522,0.031676290803403,0.0718943529473397,-0.0678210199999967,"Non-significant",1.14330522060632,"WTAP","FL2D_HUMAN"
0.103148224999996,10.84031856,2.52179344980023,0.0389267902623055,0.0846964158804784,-5.57490667834703,"DDX56_HUMAN",23,2.62712139617826,0.0316782093779119,0.0718943529473397,0.103148224999996,"Non-significant",1.14330522060632,"DDX56","DDX56_HUMAN"
-0.0548291174999989,14.87361693375,-2.36720366852918,0.0489620127504977,0.101102598107287,-5.80942052263233,"BHMT2_HUMAN",28,-2.62693297170672,0.0316872517842359,0.0718955169015677,-0.0548291174999989,"Non-significant",1.14329818952828,"BHMT2","BHMT2_HUMAN"
0.230406522750002,8.523611903125,2.55235352661472,0.0372073557045792,0.0815870970951868,-5.5284158410698,"STXB5_HUMAN",19,2.62591864964298,0.0317359742796649,0.0719866865455586,0.230406522750002,"Non-significant",1.14274781599142,"STXBP5","STXB5_HUMAN"
0.263142821250002,10.337292314375,2.80124374324436,0.0258242561372685,0.0620413439270698,-5.14939042779317,"ATRAP_HUMAN",5,2.62435085389958,0.0318114342661435,0.0721384394482979,0.263142821250002,"Non-significant",1.14183325689322,"AGTRAP","ATRAP_HUMAN"
-0.318157434249999,9.283583760375,-2.63137688099596,0.0331153581043821,0.0747134243741533,-5.40809426819091,"FETUA_HUMAN",7,-2.62282318295343,0.0318851405003179,0.0722861348244162,-0.318157434249999,"Non-significant",1.14094499657417,"AHSG","FETUA_HUMAN"
0.867493627500004,13.63775849375,2.5896373685386,0.035215224563501,0.0782792289995697,-5.47166164346411,"ACPM_HUMAN",3,2.62169760258866,0.0319395592314156,0.0723793436102313,0.867493627500004,"Non-significant",1.14038535971562,"NDUFAB1","ACPM_HUMAN"
0.22746849,13.5489060875,2.55405838291059,0.0371137711804135,0.0814030646057001,-5.52582142414852,"MLKL_HUMAN",17,2.6216176483882,0.0319434284292396,0.0723793436102313,0.22746849,"Non-significant",1.14038535971562,"MLKL","MLKL_HUMAN"
0.453565121,7.34667027,2.57539023498615,0.0359631328649072,0.0794790893860259,-5.49335268227615,"ACV1B_HUMAN",8,2.62027961679957,0.0320082509263867,0.0725067312707642,0.453565121,"Non-significant",1.13962167318007,"ACVR1B","ACV1B_HUMAN"
-0.14477443725,9.815845489375,-2.6445502730425,0.0324799013719285,0.0737336624465352,-5.38802763193539,"FHR5_HUMAN",12,-2.61972837140111,0.0320349959743234,0.0725478186640441,-0.14477443725,"Non-significant",1.13937564120572,"CFHR5","FHR5_HUMAN"
0.299253702000001,8.3867110015,2.82150400751718,0.0250740716107766,0.0606976879974831,-5.11856453050072,"PPDPF_HUMAN",4,2.6194903466834,0.0320465514394388,0.0725544942473892,0.299253702000001,"Non-significant",1.13933568086389,"PPDPF","PPDPF_HUMAN"
-0.154448747499995,14.79636991125,-3.58502569937671,0.00855776626748685,0.0271076331712314,-3.97626800399224,"NDUS4_HUMAN",5,-2.61924710656615,0.0320583645255132,0.0725617493516517,-0.154448747499995,"Non-significant",1.13929225565288,"NDUFS4","NDUS4_HUMAN"
0.178864002499997,13.08767747875,2.97219429005242,0.0201646147757905,0.0512567967265194,-4.88976017028556,"MIC13_HUMAN",6,2.6186916943774,0.0320853551995956,0.0726033446919171,0.178864002499997,"Non-significant",1.13904337175467,"MICOS13","MIC13_HUMAN"
0.0559616100000007,13.671652795,2.32158603577789,0.0524015802153292,0.106611856054794,-5.87831500329843,"DDX6_HUMAN",33,2.61740646277189,0.0321479016088472,0.0727253522976309,0.0559616100000007,"Non-significant",1.13831416625764,"DDX6","DDX6_HUMAN"
-1.11861217,7.26495891825,-2.5402148145863,0.0378807603122195,0.0828481911447064,-5.54688588514295,"LAMA2_HUMAN",25,-2.61508030246775,0.0322614242058819,0.0729625824071315,-1.11861217,"Non-significant",1.13689980317033,"LAMA2","LAMA2_HUMAN"
0.0516967774999948,16.91232013625,2.40288549216227,0.0464323801422554,0.0970199633661554,-5.75541754701655,"THTM_HUMAN",24,2.61333230250564,0.0323470021795835,0.0731365025138705,0.0516967774999948,"Non-significant",1.1358658120489,"MPST","THTM_HUMAN"
-1.1993385555,8.26064413775,-2.53808049234066,0.0380004564763276,0.0829592974977895,-5.55013297431038,"COCA1_HUMAN",29,-2.61297495140211,0.0323645259539397,0.0731565002053521,-1.1993385555,"Non-significant",1.13574707927353,"COL12A1","COCA1_HUMAN"
-0.0764417625000018,15.92573070625,-2.45410251801035,0.0430325897822916,0.0912661173312623,-5.67775602830842,"CGL_HUMAN",26,-2.61214341693674,0.0324053404935145,0.0732291193082664,-0.0764417625000018,"Non-significant",1.13531618888459,"CTH","CGL_HUMAN"
0.138214349749999,9.146979451125,2.49995912412915,0.0402052325754658,0.0869394318570039,-5.60810324196072,"NCOA2_HUMAN",31,2.6116257425292,0.0324307764245846,0.0732597426351097,0.138214349749999,"Non-significant",1.13513461136555,"NCOA2","NCOA2_HUMAN"
-0.306022882499999,8.1584984065,-2.62628178294081,0.0333645803041524,0.0750747590453019,-5.41585507273273,"KCD12_HUMAN",7,-2.61151389580065,0.032436274708059,0.0732597426351097,-0.306022882499999,"Non-significant",1.13513461136555,"KCTD12","KCD12_HUMAN"
0.774430155749999,7.454122364625,2.55443169144702,0.0370933116204098,0.0813793658637258,-5.52525331985198,"HERC5_HUMAN",6,2.61063822880027,0.0324793548214696,0.0733356222942437,0.774430155749999,"Non-significant",1.13468501843047,"HERC5","HERC5_HUMAN"
-0.3442418575,8.15926468375,-2.67204392156687,0.0311941055936809,0.0715469703535064,-5.34614437420728,"CD36_HUMAN",5,-2.61040214425248,0.0324909795114686,0.0733356222942437,-0.3442418575,"Non-significant",1.13468501843047,"CD36","CD36_HUMAN"
0.1043839425,13.08382010375,3.88121595087102,0.00576335999884757,0.0201574113818615,-3.54920472904369,"TMM11_HUMAN",7,2.6101851337798,0.0325016687740474,0.0733356222942437,0.1043839425,"Non-significant",1.13468501843047,"TMEM11","TMM11_HUMAN"
0.0399770699999991,16.1323704725,2.046998299854,0.0789117374254211,0.146346982345187,-6.28788478439606,"KPYR_HUMAN",51,2.61012416522313,0.0325046725461258,0.0733356222942437,0.0399770699999991,"Non-significant",1.13468501843047,"PKLR","KPYR_HUMAN"
0.184288978999998,9.54710865025,3.54249932629245,0.00906710526965695,0.0282121189804129,-4.03845901382776,"SMIM8_HUMAN",4,2.60935286890244,0.0325426970725667,0.0734017644165546,0.184288978999998,"Non-significant",1.1342935004768,"SMIM8","SMIM8_HUMAN"
0.162681818000001,8.5680645705,2.49718045725492,0.0403709984771619,0.0872531144010252,-5.61232653734735,"RHG21_HUMAN",45,2.60904621988625,0.0325578274115814,0.0734162459208721,0.162681818000001,"Non-significant",1.13420782655409,"ARHGAP21","RHG21_HUMAN"
0.1867616175,9.77191483975,3.11157454384404,0.0165219566946553,0.0441126300219351,-4.67919961712872,"ANM6_HUMAN",5,2.60865773116604,0.0325770061742997,0.0734398462271121,0.1867616175,"Non-significant",1.13406824115848,"PRMT6","ANM6_HUMAN"
0.103577375,11.121064545,2.58642847466447,0.0353822617557794,0.0784766813756963,-5.47654749356429,"SMAD1_HUMAN",16,2.60759986707584,0.0326292892612617,0.0735380425623461,0.103577375,"Non-significant",1.13348793437586,"SMAD1","SMAD1_HUMAN"
0.40541827675,7.324813663875,2.58253935299556,0.0355858065016202,0.078831212352735,-5.48246878385774,"SHQ1_HUMAN",7,2.60739161188527,0.0326395920622063,0.0735415989019879,0.40541827675,"Non-significant",1.13346693216689,"SHQ1","SHQ1_HUMAN"
-0.0612761999999965,12.719254135,-2.47010300625642,0.0420235786656179,0.0898115478124982,-5.65346384093892,"XYLB_HUMAN",22,-2.60716769759868,0.0326506732784001,0.073546906751372,-0.0612761999999965,"Non-significant",1.1334355881854,"XYLB","XYLB_HUMAN"
0.204802274999999,8.84851753725,2.83484680752431,0.0245925218173127,0.0599625011276045,-5.09826993150046,"HUS1_HUMAN",6,2.60661262376168,0.0326781598026561,0.0735816280170301,0.204802274999999,"Non-significant",1.13323060749442,"HUS1","HUS1_HUMAN"
1.03257596475,7.563499629625,2.5782645011356,0.0358109361683832,0.0791842552369627,-5.48897699884816,"RL37_HUMAN",2,2.60640461930644,0.0326884660306154,0.0735816280170301,1.03257596475,"Non-significant",1.13323060749442,"RPL37","RL37_HUMAN"
-0.0838177207499982,9.704756617625,-2.42069426010359,0.0452201350853776,0.0950762081902339,-5.72843182008867,"VPS41_HUMAN",35,-2.60632773598889,0.0326922762989415,0.0735816280170301,-0.0838177207499982,"Non-significant",1.13323060749442,"VPS41","VPS41_HUMAN"
0.0747635399999993,10.653315665,2.40158357305449,0.0465222934048646,0.097159665785333,-5.75738953426262,"WDR24_HUMAN",33,2.60542859807412,0.0327368706500564,0.0736623285395958,0.0747635399999993,"Non-significant",1.13275455678285,"WDR24","WDR24_HUMAN"
0.0518069274999995,10.57629871375,2.23498235191972,0.0596201920925645,0.118242035570399,-6.00856050754547,"CTR9_HUMAN",41,2.60327119460757,0.0328441259280226,0.0738684582656362,0.0518069274999995,"Non-significant",1.13154096519607,"CTR9","CTR9_HUMAN"
0.0977768885000039,9.98239660175,2.45381935700051,0.0430506682298136,0.0912661173312623,-5.67818580853725,"DDX24_HUMAN",32,2.60323344929559,0.0328460056447508,0.0738684582656362,0.0977768885000039,"Non-significant",1.13154096519607,"DDX24","DDX24_HUMAN"
0.0675961950000019,11.894203545,2.57230261834674,0.0361273715641037,0.0797584114494054,-5.4980529579092,"ACMSD_HUMAN",18,2.60153161087796,0.0329308720997659,0.0740395627977932,0.0675961950000019,"Non-significant",1.1305361544122,"ACMSD","ACMSD_HUMAN"
0.690469980000001,7.4272922275,2.57163632402085,0.0361629151005951,0.0798159757483415,-5.49906722853455,"TAP26_HUMAN",4,2.60093788011524,0.0329605329359507,0.0740824803115976,0.690469980000001,"Non-significant",1.13028448572667,"CCDC59","TAP26_HUMAN"
-0.0479850775000017,15.18678045375,-2.1779035941964,0.0649178689693932,0.126372786959052,-6.09392632945831,"CKAP4_HUMAN",45,-2.60079772364864,0.0329675386936532,0.0740824803115976,-0.0479850775000017,"Non-significant",1.13028448572667,"CKAP4","CKAP4_HUMAN"
1.21999096875,7.415809750375,2.52931798330776,0.0384959714707458,0.0838939478176372,-5.56346245088448,"PLPL3_HUMAN",9,2.60041677895878,0.0329865880409763,0.0741055305430141,1.21999096875,"Non-significant",1.13014937913695,"PNPLA3","PLPL3_HUMAN"
1.602547884,7.58604824525,2.52607746148278,0.0386809030569378,0.0842266421769383,-5.56839127030714,"PRI1_HUMAN",8,2.59779831304635,0.0331178320687903,0.0743805506282531,1.602547884,"Non-significant",1.12854061094711,"PRIM1","PRI1_HUMAN"
0.088646644999999,10.46854341,2.809006612999,0.0255340767858538,0.0615813256732366,-5.13757794686615,"CWC27_HUMAN",12,2.59676525844256,0.0331697587129745,0.0744773298326219,0.088646644999999,"Non-significant",1.12797590210923,"CWC27","CWC27_HUMAN"
0.198050737500001,9.59320485575,2.61065309169201,0.0341412401425294,0.0764956175335939,-5.43965871863009,"NGDN_HUMAN",10,2.59566155281455,0.0332253290041199,0.074582236531485,0.198050737500001,"Non-significant",1.12736459739307,"NGDN","NGDN_HUMAN"
0.220721721500002,8.750575304,2.61716124089497,0.0338155696981143,0.0759881196975221,-5.42974669554128,"ZN277_HUMAN",9,2.5954839741017,0.0332342788067021,0.0745824643401736,0.220721721500002,"Non-significant",1.12736327085863,"ZNF277","ZN277_HUMAN"
0.0846347800000018,13.8893408775,2.68417286574571,0.0306437934958751,0.0705150246728722,-5.32766702082772,"PMVK_HUMAN",14,2.59506373460612,0.0332554683471585,0.0746101524349744,0.0846347800000018,"Non-significant",1.12720207270842,"PMVK","PMVK_HUMAN"
0.125633237499999,12.57282614875,2.99820394730683,0.0194252543642284,0.0497524974281619,-4.8503764913481,"ARP19_HUMAN",8,2.59401553340803,0.0333083817650701,0.0746897971432393,0.125633237499999,"Non-significant",1.12673872009925,"ARPP19","ARP19_HUMAN"
1.085236192,6.7507449985,2.52913737813445,0.038506254326341,0.0838939478176372,-5.56373715990035,"GIMA4_HUMAN",6,2.59400943365017,0.0333086899349195,0.0746897971432393,1.085236192,"Non-significant",1.12673872009925,"GIMAP4","GIMA4_HUMAN"
0.0673930625000025,11.88485538875,2.90795395405521,0.0221208766899418,0.0549858064345384,-4.98718301258247,"RM01_HUMAN",13,2.59169576421615,0.0334257916710634,0.0749324462753705,0.0673930625000025,"Non-significant",1.1253300890147,"MRPL1","RM01_HUMAN"
0.0459418300000021,12.5686151975,2.23596939024385,0.0595325093518577,0.118098263432998,-6.00708071193261,"SPS2L_HUMAN",31,2.59127450460337,0.0334471583091578,0.0749604087710426,0.0459418300000021,"Non-significant",1.12516805383687,"SPATS2L","SPS2L_HUMAN"
-0.162163257750001,9.133654355875,-3.04843500458851,0.0180772922378252,0.0472915879182584,-4.77442962144741,"CDN2C_HUMAN",6,-2.5907228716471,0.0334751587886187,0.0750032199439839,-0.162163257750001,"Non-significant",1.12492009162315,"CDKN2C","CDN2C_HUMAN"
-0.224791646250001,8.084696233125,-2.68531283677102,0.0305925926226368,0.0704356632658306,-5.32593038809537,"DTX2_HUMAN",7,-2.59038757513131,0.0334921899443742,0.0750214374278848,-0.224791646250001,"Non-significant",1.12481461892406,"DTX2","DTX2_HUMAN"
-0.0547027600000014,12.5165383825,-2.82104215482157,0.0250909160882263,0.060721025468751,-5.11926711031744,"SPF27_HUMAN",15,-2.5901648122331,0.0335035099485337,0.0750268558332069,-0.0547027600000014,"Non-significant",1.12478325324196,"BCAS2","SPF27_HUMAN"
0.0976212025000009,8.73464310175,2.49109959777809,0.0407362172164961,0.0878464847849653,-5.62156770375725,"CHD1_HUMAN",22,2.58968081152632,0.0335281186471222,0.075062021799892,0.0976212025000009,"Non-significant",1.12457974201844,"CHD1","CHD1_HUMAN"
0.0604457849999989,16.8655161875,2.86431016073056,0.0235632100792839,0.0578207562615091,-5.05347612325737,"ARK74_HUMAN",14,2.5877471138147,0.0336266214652555,0.0752625577086135,0.0604457849999989,"Non-significant",1.12342102678333,"AKR7L","ARK74_HUMAN"
0.120812417500002,16.70690727375,2.46608489825088,0.0422746620810023,0.090074096734269,-5.65956541225805,"SAHH_HUMAN",31,2.58688954524469,0.0336704011185691,0.0753405391633712,0.120812417500002,"Non-significant",1.12297127615772,"AHCY","SAHH_HUMAN"
0.145676612499997,11.23366999625,2.74618252745082,0.0279840592499324,0.0661277363099748,-5.23321376273832,"SFXN4_HUMAN",9,2.58545757376196,0.0337436349553262,0.0754659794374824,0.145676612499997,"Non-significant",1.12224878707801,"SFXN4","SFXN4_HUMAN"
0.0879814625000002,12.12812221125,2.61687577594126,0.033829786787794,0.0759998061925149,-5.43018147517841,"RN114_HUMAN",15,2.58544325953815,0.0337443678372133,0.0754659794374824,0.0879814625000002,"Non-significant",1.12224878707801,"RNF114","RN114_HUMAN"
0.222876787250001,8.619810462125,2.75308944266492,0.0277030806516075,0.0656662730068615,-5.22269578060097,"MMAC_HUMAN",6,2.58516729729428,0.0337585001737415,0.0754775591417684,0.222876787250001,"Non-significant",1.12218215286854,"MMACHC","MMAC_HUMAN"
-0.335914611499998,10.20240735925,-3.73701500447843,0.00697522578505503,0.0231564309343162,-3.75575338697752,"MT1L_HUMAN",1,-2.58477102664784,0.0337788042588756,0.0755029278965958,-0.335914611499998,"Non-significant",1.12203620671942,"MT1L","MT1L_HUMAN"
0.067524670000001,13.5023299475,2.32818286711848,0.0518893879614459,0.105748464972686,-5.86836316044009,"PDXD1_HUMAN",41,2.5840595363635,0.0338152909879921,0.0755644453175464,0.067524670000001,"Non-significant",1.12168250125188,"PDXDC1","PDXD1_HUMAN"
0.0790343300000025,11.5969805725,2.69708773395522,0.0300689108751576,0.0696102306417752,-5.30799273921452,"EXOS3_HUMAN",14,2.58364788408764,0.0338364198486649,0.0755916201707916,0.0790343300000025,"Non-significant",1.12152634623554,"EXOSC3","EXOS3_HUMAN"
-0.649496792500003,11.31324851625,-2.71635763281011,0.0292319331953575,0.0682077599507377,-5.27863895843222,"POTEF_HUMAN",1,-2.5830736040733,0.0338659185231889,0.0756221244900135,-0.649496792500003,"Non-significant",1.12135112595088,"POTEF","POTEF_HUMAN"
0.0835847875000049,11.17648553875,2.74069229398665,0.0282095275090911,0.0665672193096665,-5.2415749018658,"DIK1A_HUMAN",13,2.5830327597402,0.0338680175524737,0.0756221244900135,0.0835847875000049,"Non-significant",1.12135112595088,"DIPK1A","DIK1A_HUMAN"
0.180751082499999,10.61995351125,3.11570637533276,0.0164252535724191,0.0438961516683326,-4.67297760037622,"S35F6_HUMAN",5,2.58169025012926,0.0339370847313521,0.0757562730933705,0.180751082499999,"Non-significant",1.12058139903642,"SLC35F6","S35F6_HUMAN"
-0.0720815674999979,11.83037519375,-2.66760908156768,0.0313978786189615,0.0719447866018828,-5.35290045756879,"TSNAX_HUMAN",15,-2.58049304029851,0.0339987986222147,0.0758739405842329,-0.0720815674999979,"Non-significant",1.11990735985914,"TSNAX","TSNAX_HUMAN"
0.235324978749999,8.135235965375,2.50128187868664,0.0401265674839265,0.086813869949183,-5.60609267598057,"TARB1_HUMAN",22,2.57902228081114,0.0340747710517345,0.0760233576482451,0.235324978749999,"Non-significant",1.11905295325563,"TARBP1","TARB1_HUMAN"
0.0922706100000017,11.9442945725,2.46932352352892,0.0420721670856985,0.0898242898595119,-5.65464756202314,"DCTN4_HUMAN",23,2.57868379271306,0.0340922803648529,0.0760422945740527,0.0922706100000017,"Non-significant",1.11894478678537,"DCTN4","DCTN4_HUMAN"
-0.0697817825000016,11.82950997375,-2.85609132736272,0.0238457086616014,0.0583102635070026,-5.0659684030178,"EXOS8_HUMAN",13,-2.57802770337001,0.0341262448328947,0.0760979147345156,-0.0697817825000016,"Non-significant",1.11862724377741,"EXOSC8","EXOS8_HUMAN"
0.209877495000001,11.37253952,2.53675588180572,0.0380749387154207,0.0831003776365305,-5.55214812249115,"ISCA2_HUMAN",13,2.57759866852042,0.0341484738930668,0.0761273436775086,0.209877495000001,"Non-significant",1.11845932384293,"ISCA2","ISCA2_HUMAN"
-0.0961997500000003,11.2265311475,-3.15705924418372,0.015489885315969,0.042086463903326,-4.61077604860527,"UQCC1_HUMAN",9,-2.57552493708491,0.0342561271039215,0.0763471431409187,-0.0961997500000003,"Non-significant",1.11720720931283,"UQCC1","UQCC1_HUMAN"
0.0937900549999995,11.156098605,2.43650251500031,0.0441711810192538,0.0931029969520606,-5.70446087726113,"CARF_HUMAN",28,2.57385965040768,0.0343428286626176,0.0765201434832683,0.0937900549999995,"Non-significant",1.11622422429642,"CDKN2AIP","CARF_HUMAN"
0.0822947024999987,11.87373435625,2.83152805394515,0.0247113846171636,0.0601244190434984,-5.10331729970398,"NDUF4_HUMAN",12,2.57341686352526,0.0343659197755083,0.0765513577663212,0.0822947024999987,"Non-significant",1.11604710195865,"NDUFAF4","NDUF4_HUMAN"
0.1558802125,13.85159957375,2.54311735621439,0.037718604570587,0.082579251409215,-5.54246982693754,"MAIP1_HUMAN",14,2.57263686700995,0.0344066349195406,0.0766218033650748,0.1558802125,"Non-significant",1.11564763070997,"MAIP1","MAIP1_HUMAN"
0.125893592499999,12.21198463375,2.59138578573129,0.0351245551027315,0.0782205746264,-5.4689994273781,"BNIP3_HUMAN",13,2.57147690210423,0.0344672755477456,0.0767365730565103,0.125893592499999,"Non-significant",1.11499759966311,"BNIP3","BNIP3_HUMAN"
0.320307493249999,8.804556012125,3.11840624313456,0.0163623895651315,0.0437984073387921,-4.66891261834872,"TM50B_HUMAN",2,2.57097540962554,0.0344935264719258,0.0767747384821396,0.320307493249999,"Non-significant",1.11478165422006,"TMEM50B","TM50B_HUMAN"
0.1493639945,9.13945627225,2.61392364216488,0.0339771763449309,0.0762496324311562,-5.43467768442471,"FICD_HUMAN",11,2.56990956445208,0.0345493868538511,0.0768787702722045,0.1493639945,"Non-significant",1.11419357211718,"FICD","FICD_HUMAN"
1.187456131,8.37653660775,2.52894381212198,0.0385172782557809,0.0838939478176372,-5.56403158175019,"CKLF8_HUMAN",2,2.56898407110383,0.0345979666711374,0.0769665508237048,1.187456131,"Non-significant",1.11369797546204,"CMTM8","CKLF8_HUMAN"
0.14391017,10.15866673,2.59031359628785,0.0351801280566916,0.0782616255977443,-5.47063199645939,"IMPCT_HUMAN",12,2.56875473450543,0.0346100155344901,0.0769730398259147,0.14391017,"Non-significant",1.11366136190678,"IMPACT","IMPCT_HUMAN"
0.168102503,9.9522176975,2.47649367534308,0.0416273861817796,0.0891909603777887,-5.64375787533491,"RBG1L_HUMAN",27,2.56847601540677,0.0346246646395098,0.0769853068442173,0.168102503,"Non-significant",1.11359215489742,"RABGAP1L","RBG1L_HUMAN"
0.163887737499998,11.01305615875,3.28303416232104,0.0129738197607535,0.0367090724281272,-4.42215113124404,"ZMAT2_HUMAN",5,2.56660798304316,0.0347230100705161,0.0771563359720422,0.163887737499998,"Non-significant",1.11262840447173,"ZMAT2","ZMAT2_HUMAN"
0.304728509999997,11.83471632,2.88603160570429,0.0228333912057002,0.0563580247358263,-5.02047257426189,"LFG3_HUMAN",3,2.56651561952706,0.0347278801090974,0.0771563359720422,0.304728509999997,"Non-significant",1.11262840447173,"TMBIM1","LFG3_HUMAN"
-0.227391002499996,15.41119205875,-2.82280798682459,0.0250265774139195,0.0606175347764159,-5.11658092382402,"PTMS_HUMAN",5,-2.56649348722875,0.0347290471797281,0.0771563359720422,-0.227391002499996,"Non-significant",1.11262840447173,"PTMS","PTMS_HUMAN"
0.141778469999997,11.7477252475,2.46911835779799,0.0420849655025235,0.0898288615398255,-5.65495912139142,"AHNK2_HUMAN",26,2.56611306889922,0.0347491135148528,0.0771805738647415,0.141778469999997,"Non-significant",1.11249199662023,"AHNAK2","AHNK2_HUMAN"
0.110354662500004,14.83607113375,2.80539940204812,0.0256684888800324,0.0618523993052582,-5.14306671540823,"NDUA6_HUMAN",10,2.5654431483086,0.0347844794221392,0.0772387716146499,0.110354662500004,"Non-significant",1.11216464174429,"NDUFA6","NDUA6_HUMAN"
0.1214787975,11.20086634125,2.62745337352304,0.033307101363581,0.0750493126851478,-5.41407054020287,"RM28_HUMAN",12,2.56502089881398,0.0348067894220475,0.0772517459504078,0.1214787975,"Non-significant",1.11209169639427,"MRPL28","RM28_HUMAN"
0.126091957499998,12.56095099375,2.94673672827205,0.020917099272406,0.0526770928494503,-4.92834317506335,"NFU1_HUMAN",8,2.5649856516769,0.0348086524047513,0.0772517459504078,0.126091957499998,"Non-significant",1.11209169639427,"NFU1","NFU1_HUMAN"
-0.116188285,14.76005447,-2.46816645864215,0.0421443980721755,0.0898873628579399,-5.65640462374908,"GNAI2_HUMAN",23,-2.56362610028975,0.0348805893299419,0.0773910206533509,-0.116188285,"Non-significant",1.11130942571147,"GNAI2","GNAI2_HUMAN"
-1.420178175,7.351258397,-2.49796913135145,0.0403238775587508,0.087173625017366,-5.61112786418483,"AAAT_HUMAN",4,-2.56102362515063,0.0350187172396946,0.0776770441087856,-1.420178175,"Non-significant",1.10970730925438,"SLC1A5","AAAT_HUMAN"
-0.952683568000001,7.564922631,-2.5085637636259,0.0396963339235084,0.086148403357686,-5.59502306884427,"PDGFA_HUMAN",4,-2.55934654943733,0.0351080257656987,0.0778546564533212,-0.952683568000001,"Non-significant",1.10871540735397,"PDGFA","PDGFA_HUMAN"
-0.0334234249999987,13.9696857925,-2.00636385340046,0.0838354789767699,0.153652805456663,-6.34747689576162,"VPS4B_HUMAN",33,-2.55863095078666,0.0351462041758066,0.0779091323285959,-0.0334234249999987,"Non-significant",1.10841163234724,"VPS4B","VPS4B_HUMAN"
-0.0454332849999997,10.4860481025,-2.24650309948539,0.0586048059168447,0.116669794301626,-5.99128112305852,"RABE2_HUMAN",28,-2.55853966917475,0.0351510772625045,0.0779091323285959,-0.0454332849999997,"Non-significant",1.10841163234724,"RABEP2","RABE2_HUMAN"
0.196557045000002,8.97027230275,2.64368161469217,0.0325214114556264,0.0737881499756326,-5.38935087316535,"PINX1_HUMAN",8,2.55769041951775,0.0351964477995268,0.0779891846746087,0.196557045000002,"Non-significant",1.10796561989681,"PINX1","PINX1_HUMAN"
0.22269237025,7.655396282625,2.46853095807431,0.0421216300991912,0.0898843595205272,-5.65585111997635,"TCF20_HUMAN",35,2.55717604292474,0.0352239571467382,0.0780296280656652,0.22269237025,"Non-significant",1.1077404631782,"TCF20","TCF20_HUMAN"
-0.0864768049999967,17.6367495075,-2.37511051891963,0.0483896080453656,0.10019061808263,-5.79746189190223,"TBA1B_HUMAN",38,-2.55419430354971,0.0353838576812705,0.0783583904958553,-0.0864768049999967,"Non-significant",1.10591449312073,"TUBA1B","TBA1B_HUMAN"
-0.120604276749999,9.305941700875,-2.83260426963587,0.0246727735592409,0.0600886473073798,-5.10168048601781,"ASB9_HUMAN",9,-2.55406220386539,0.035390958905887,0.0783583904958553,-0.120604276749999,"Non-significant",1.10591449312073,"ASB9","ASB9_HUMAN"
0.0547304175000036,17.29658794375,2.50139500571608,0.0401198470941445,0.086813869949183,-5.60592072137779,"CATB_HUMAN",19,2.55365191218254,0.035413024080222,0.0783866544044619,0.0547304175000036,"Non-significant",1.1057578711403,"CTSB","CATB_HUMAN"
-0.0655221925000014,18.78017616125,-2.31095870615373,0.0532375165973152,0.107921844011248,-5.8943387639221,"THIM_HUMAN",36,-2.5530367334825,0.0354461343150251,0.0784393452720784,-0.0655221925000014,"Non-significant",1.10546604001586,"ACAA2","THIM_HUMAN"
0.184143066249998,8.573293209125,2.46302721605781,0.0424667610139898,0.0903235752174918,-5.66420802053931,"SRCAP_HUMAN",28,2.5524150710692,0.0354796257123587,0.0784928517400187,0.184143066249998,"Non-significant",1.10516989218749,"SRCAP","SRCAP_HUMAN"
0.653129935249997,8.145659267875,2.47907367367264,0.0414685260665316,0.0889410193930776,-5.6398388984835,"MNDA_HUMAN",20,2.55189060296427,0.0355079060624424,0.0785348045658167,0.653129935249997,"Non-significant",1.10493783266872,"MNDA","MNDA_HUMAN"
0.10602379,12.166778325,2.50949466624696,0.0396416767236092,0.0860741095062602,-5.59360780056767,"ATPF2_HUMAN",17,2.55151000198205,0.035528443262514,0.0785596139191319,0.10602379,"Non-significant",1.10480065955413,"ATPAF2","ATPF2_HUMAN"
-0.123437880000001,11.97146797,-3.62614537060052,0.00809451569636343,0.0260315424664812,-3.91633469369208,"SPT4H_HUMAN",6,-2.55129391391425,0.0355401087691944,0.0785647985354157,-0.123437880000001,"Non-significant",1.10477199882333,"SUPT4H1","SPT4H_HUMAN"
1.41067385725,8.142341732875,2.47988834792049,0.041418492921189,0.0888859583087435,-5.63860135670331,"GNA12_HUMAN",10,2.55097985147885,0.0355570704092015,0.0785816849709385,1.41067385725,"Non-significant",1.10467866315802,"GNA12","GNA12_HUMAN"
0.127464294500001,9.543648243,2.56638533227787,0.0364442968326115,0.080268873269423,-5.50706021721813,"CBR3_HUMAN",13,2.55056391130542,0.0355795469373645,0.0786048009056737,0.127464294500001,"Non-significant",1.10455092796608,"CBR3","CBR3_HUMAN"
-1.290367603,7.07781410225,-2.48964738581852,0.0408239387325329,0.0879838863657683,-5.62377441584606,"CO4A2_HUMAN",4,-2.55044119450169,0.0355861810720193,0.0786048009056737,-1.290367603,"Non-significant",1.10455092796608,"COL4A2","CO4A2_HUMAN"
1.12519466875,7.434361398125,2.48306313091197,0.0412241045374772,0.0885679078741258,-5.63377836888124,"RFNG_HUMAN",7,2.54985318796974,0.0356179865851453,0.0786544429987399,1.12519466875,"Non-significant",1.10427674010571,"RFNG","RFNG_HUMAN"
0.140054225750003,9.857155799875,2.57485485155056,0.0359915559818401,0.0795210551431009,-5.49416771134659,"TAF9_HUMAN",12,2.54946800156351,0.0356388372457822,0.0786798740557094,0.140054225750003,"Non-significant",1.10413634393514,"TAF9","TAF9_HUMAN"
0.160881757499997,8.5049256085,2.60717441516338,0.0343166449484701,0.0767645336956217,-5.44495656293347,"XPA_HUMAN",10,2.54891917471564,0.0356685675674931,0.0787248902923277,0.160881757499997,"Non-significant",1.10388793590539,"XPA","XPA_HUMAN"
0.15484833725,9.465660929875,2.45782862994794,0.0427954192250341,0.0909079104455172,-5.6721001616949,"PAXB1_HUMAN",25,2.54791557364965,0.0357229989793162,0.0788243870148314,0.15484833725,"Non-significant",1.10333939789831,"PAXBP1","PAXB1_HUMAN"
0.839883566000002,7.4168555735,2.51559276571351,0.0392855413871463,0.0853448011217155,-5.58433593193268,"CY24A_HUMAN",3,2.54645807566059,0.0358021994000714,0.0789766995657033,0.839883566000002,"Non-significant",1.10250101937578,"CYBA","CY24A_HUMAN"
-0.0748567599999994,14.6903245425,-2.75856597024579,0.0274823858000224,0.0652532478615179,-5.21435656478247,"DBLOH_HUMAN",13,-2.54630062716177,0.0358107658963244,0.0789766995657033,-0.0748567599999994,"Non-significant",1.10250101937578,"DIABLO","DBLOH_HUMAN"
0.135728120749995,8.282369971375,2.48294176109971,0.0412315186259425,0.0885679078741258,-5.63396275691525,"AGAP1_HUMAN",18,2.54523393955355,0.0358688577601618,0.0790841229558995,0.135728120749995,"Non-significant",1.10191069734622,"AGAP1","AGAP1_HUMAN"
0.0579290399999977,16.0018415425,2.25076036007241,0.0582340149309214,0.116073697151663,-5.98489196838571,"NONO_HUMAN",39,2.54499969238669,0.035881627780548,0.079091590105188,0.0579290399999977,"Non-significant",1.10186969305205,"NONO","NONO_HUMAN"
0.0927739124999967,10.29683875875,2.45502677540283,0.0429736345826951,0.0912175184833888,-5.67635316590531,"BPL1_HUMAN",21,2.54418762909809,0.0359259335621137,0.0791685474496879,0.0927739124999967,"Non-significant",1.10144732323475,"HLCS","BPL1_HUMAN"
0.330559253000001,10.386815071,2.54106907923909,0.0378329607732356,0.0827866112039468,-5.54558619492462,"CXB1_HUMAN",7,2.54361581334626,0.0359571651338515,0.0792166609809812,0.330559253000001,"Non-significant",1.10118346725987,"GJB1","CXB1_HUMAN"
0.184167146749999,9.592347025875,2.44330949817509,0.0437272045524231,0.0924909930169069,-5.69413454602945,"TASOR_HUMAN",46,2.5433859297981,0.0359697287964741,0.0792236331396603,0.184167146749999,"Non-significant",1.10114524503793,"TASOR","TASOR_HUMAN"
0.103620530000001,14.0515398975,2.60645603357613,0.0343529838889799,0.0768067111936901,-5.44605059886036,"CATL1_HUMAN",13,2.54252723228528,0.0360166983157994,0.0793063610511686,0.103620530000001,"Non-significant",1.10069197713854,"CTSL","CATL1_HUMAN"
-0.150964740000001,11.4208433625,-2.75270251083711,0.0277187431875931,0.0656664660843795,-5.2232849879805,"NUDT3_HUMAN",8,-2.54191787379643,0.0360500674062956,0.0793591063378599,-0.150964740000001,"Non-significant",1.10040323141236,"NUDT3","NUDT3_HUMAN"
-0.0389356625000019,15.37386512625,-2.09519602917076,0.0734409935824583,0.138455409283503,-6.21680055287278,"PDIA5_HUMAN",33,-2.54172488164678,0.0360606424458021,0.0793616593147953,-0.0389356625000019,"Non-significant",1.10038926041379,"PDIA5","PDIA5_HUMAN"
0.1450665,11.5673893675,2.46555996208443,0.0423075777311245,0.0901055793445177,-5.66036247842748,"PEPL1_HUMAN",20,2.54028457630584,0.0361396645130044,0.0795148087131595,0.1450665,"Non-significant",1.0995519814883,"NPEPL1","PEPL1_HUMAN"
-0.0656318660000021,9.96018838875,-2.32452571629605,0.0521727064586975,0.106223126265788,-5.87388074861153,"EVI5_HUMAN",31,-2.53882149027245,0.0362201177981455,0.0796710263362651,-0.0656318660000021,"Non-significant",1.09869958814,"EVI5","EVI5_HUMAN"
-0.0287427875000006,17.95553159625,-1.75345966568188,0.121938229122234,0.204989496065279,-6.70966106659806,"UGDH_HUMAN",51,-2.53846198325124,0.0362399146639241,0.079693775294082,-0.0287427875000006,"Non-significant",1.0985755990682,"UGDH","UGDH_HUMAN"
0.160536290499998,10.04322838725,2.48594654696747,0.0410483680308294,0.0883320638580191,-5.62939761602059,"NCDN_HUMAN",16,2.5382469581019,0.036251760678165,0.0796990325394504,0.160536290499998,"Non-significant",1.09854695043988,"NCDN","NCDN_HUMAN"
-0.0387001050000002,17.190086365,-2.5061122238856,0.0398406452992509,0.0864170867800787,-5.59875002823459,"RAN_HUMAN",19,-2.53769169592689,0.0362823691115677,0.0797455252259202,-0.0387001050000002,"Non-significant",1.09829367722644,"RAN","RAN_HUMAN"
1.136828065,8.70962876075,2.47976559883106,0.0414260275783209,0.0888859583087435,-5.63878782231074,"TM222_HUMAN",4,2.53696565509293,0.03632243147459,0.0798127671791759,1.136828065,"Non-significant",1.09792763155699,"TMEM222","TM222_HUMAN"
0.0791552045000028,10.01461184025,2.81121590559525,0.025452118153911,0.0614539971123793,-5.13421643623066,"XYLK_HUMAN",12,2.53672693860373,0.036335613542771,0.0798209243033664,0.0791552045000028,"Non-significant",1.09788324751757,"FAM20B","XYLK_HUMAN"
-0.758782028749999,7.030360281375,-2.51479987646396,0.0393316601170772,0.0854229742661282,-5.58554156113668,"GBB4_HUMAN",3,-2.53632014111213,0.0363580884178761,0.0798494860016356,-0.758782028749999,"Non-significant",1.09772787510937,"GNB4","GBB4_HUMAN"
0.274383544750002,8.871291876125,2.60539535836762,0.0344067104132913,0.0768452999665162,-5.44766590557095,"VSI10_HUMAN",6,2.53503260619752,0.0364293162913417,0.0799850760666109,0.274383544750002,"Non-significant",1.09699103783984,"VSIG10","VSI10_HUMAN"
-0.0782327649999992,12.7638039575,-2.41544106621492,0.0455743202964027,0.0956776950880145,-5.73639414031694,"ZC3HF_HUMAN",23,-2.53473153165147,0.0364459926457958,0.0800008520863053,-0.0782327649999992,"Non-significant",1.09690538732793,"ZC3H15","ZC3HF_HUMAN"
-0.184176207500004,12.56285178625,-3.00006244890519,0.0193735319582554,0.0496351066492811,-4.84756382271229,"PROF2_HUMAN",5,-2.53405155921828,0.0364836846743206,0.0800442799627232,-0.184176207500004,"Non-significant",1.09666969771575,"PFN2","PROF2_HUMAN"
-0.157347202499999,8.7832324505,-2.71625044430361,0.029236521141537,0.0682077599507377,-5.2788022306631,"PI42A_HUMAN",8,-2.53403199614986,0.0364847696781092,0.0800442799627232,-0.157347202499999,"Non-significant",1.09666969771575,"PIP4K2A","PI42A_HUMAN"
-0.622312545749999,7.000721216125,-2.4739360902823,0.0417854827887956,0.0894614768673502,-5.64764249725935,"PERF_HUMAN",8,-2.53192982655916,0.036601552319917,0.0802792678560509,-0.622312545749999,"Non-significant",1.09539659691608,"PRF1","PERF_HUMAN"
-0.0703556525000018,10.97417795625,-2.33061180866769,0.0517020818308771,0.105392224365771,-5.86469792472615,"P4R3A_HUMAN",32,-2.53173551346174,0.0366123663471318,0.0802792678560509,-0.0703556525000018,"Non-significant",1.09539659691608,"PPP4R3A","P4R3A_HUMAN"
0.0791566350000004,12.2704993475,3.58994276954399,0.00850089448880355,0.0269578779707017,-3.96909074106476,"PSMG2_HUMAN",9,2.53159027446279,0.0366204514066337,0.0802792678560509,0.0791566350000004,"Non-significant",1.09539659691608,"PSMG2","PSMG2_HUMAN"
-0.0693576349999994,15.0488559,-2.39948520910647,0.0466675850417529,0.0973907091648762,-5.76056763659813,"PRPS1_HUMAN",23,-2.53074814901161,0.0366673662212018,0.0803612142169812,-0.0693576349999994,"Non-significant",1.09495350990598,"PRPS1","PRPS1_HUMAN"
0.2116823225,17.69373035375,2.47966328862043,0.0414323087193087,0.0888859583087435,-5.63894323910693,"H4_HUMAN",14,2.52944274018092,0.0367402120206676,0.0804999342662353,0.2116823225,"Non-significant",1.09420447426347,"H4C1","H4_HUMAN"
0.0911960574999977,12.60779547625,2.51915557823262,0.0390789948523701,0.0849617868482403,-5.57891820565874,"ACATN_HUMAN",16,2.52830516201236,0.036803812968159,0.080618331473132,0.0911960574999977,"Non-significant",1.09356619451726,"SLC33A1","ACATN_HUMAN"
0.24324881975,7.751098334875,2.4786784923195,0.0414928184376461,0.0889704824754308,-5.64043919289658,"KICS2_HUMAN",13,2.5279368124601,0.0368244311607559,0.0806425383876361,0.24324881975,"Non-significant",1.09343581038277,"KICS2","KICS2_HUMAN"
0.138108491999999,9.0018554925,2.70146252283607,0.0298767293520429,0.0693558115418259,-5.30132842454624,"DHDDS_HUMAN",9,2.52757288629525,0.0368448133495519,0.0806662160320449,0.138108491999999,"Non-significant",1.09330831487985,"DHDDS","DHDDS_HUMAN"
0.104391577499989,16.35711407625,2.69786452037425,0.030034693439417,0.0695548965858421,-5.30680941787938,"RL17_HUMAN",11,2.5249452143532,0.0369923223100156,0.0809681341862169,0.104391577499989,"Non-significant",1.09168586840527,"RPL17","RL17_HUMAN"
-0.117098810000002,14.0598590375,-2.64095047285464,0.0326522819549807,0.0740025298882142,-5.39351123230279,"PABP2_HUMAN",11,-2.52437727997443,0.0370242835297907,0.0810170524072186,-0.117098810000002,"Non-significant",1.0914235615297,"PABPN1","PABP2_HUMAN"
-0.148260357500002,10.89818537375,-2.45467161180062,0.0429962794489826,0.091242059950743,-5.67689224800096,"CO8B_HUMAN",19,-2.5239059305615,0.0370508307344778,0.0810541012875457,-0.148260357500002,"Non-significant",1.0912250052265,"C8B","CO8B_HUMAN"
0.147550821249999,10.013296484375,2.46614083820833,0.0422711559651991,0.090074096734269,-5.65948047188582,"HPF1_HUMAN",17,2.52284282215445,0.037110778240543,0.0811641800180428,0.147550821249999,"Non-significant",1.09063559456103,"HPF1","HPF1_HUMAN"
1.0523842575,8.0542255045,2.47500766248281,0.041719168898529,0.0893648982581196,-5.64601496343382,"GPC5B_HUMAN",3,2.52131113789286,0.037197322502519,0.0812965572513539,1.0523842575,"Non-significant",1.08992784553014,"GPRC5B","GPC5B_HUMAN"
0.0389358999999967,13.601257205,1.95287530588355,0.0907795833943384,0.163221226201126,-6.42540139898718,"CLU_HUMAN",65,2.52127991795613,0.0371990886550477,0.0812965572513539,0.0389358999999967,"Non-significant",1.08992784553014,"CLUH","CLU_HUMAN"
0.0907504575000004,10.76835048375,2.354054499849,0.0499292333213496,0.102647196991623,-5.82929701592593,"S12A4_HUMAN",39,2.52125957011165,0.0372002398052523,0.0812965572513539,0.0907504575000004,"Non-significant",1.08992784553014,"SLC12A4","S12A4_HUMAN"
-0.138259410750004,8.311631918125,-2.42315094546177,0.0450554651812033,0.0948009276116731,-5.72470760426443,"KPB1_HUMAN",26,-2.5186524959009,0.037348032722094,0.0815983846071877,-0.138259410750004,"Non-significant",1.0883184388335,"PHKA1","KPB1_HUMAN"
0.653563857249999,7.896019041375,2.45206126053282,0.0431630884004531,0.0914814362905253,-5.68085414205789,"F111A_HUMAN",11,2.51840843279727,0.0373618991258972,0.0816075272692892,0.653563857249999,"Non-significant",1.08826978118796,"FAM111A","F111A_HUMAN"
-0.147245407,8.48971223825,-3.4758225244124,0.00993259179525193,0.0302026754120413,-4.13638029674332,"AMZ2_HUMAN",5,-2.51816913993293,0.0373754996143858,0.0816160845206368,-0.147245407,"Non-significant",1.08822424406251,"AMZ2","AMZ2_HUMAN"
0.223234176249999,7.564255118375,2.56058818501643,0.0367575722874829,0.0807689199194977,-5.51588377258413,"POC5_HUMAN",8,2.51763706846796,0.037405758639411,0.081661004810048,0.223234176249999,"Non-significant",1.08798528053873,"POC5","POC5_HUMAN"
1.1330349445,7.5948114395,2.45902182084936,0.0427197550283581,0.0907700567517091,-5.67028886324404,"INT15_HUMAN",4,2.51589685759778,0.0375048996663041,0.0818537564975142,1.1330349445,"Non-significant",1.08696138480786,"INTS15","INT15_HUMAN"
0.0775325274999989,10.86462581125,2.47469227132725,0.041738675552146,0.0893839675378656,-5.64649399402076,"TF2B_HUMAN",18,2.51574659695334,0.037513472695444,0.0818537564975142,0.0775325274999989,"Non-significant",1.08696138480786,"GTF2B","TF2B_HUMAN"
0.25697755825,8.303972959625,2.46965031412566,0.0420517898480668,0.0898242898595119,-5.65415130202231,"CBLC_HUMAN",12,2.51449196158372,0.0375851333044665,0.0819888945712598,0.25697755825,"Non-significant",1.0862449689949,"CBLC","CBLC_HUMAN"
0.155506372749997,9.087528109375,2.40976554825506,0.0459601666733744,0.0962958600273112,-5.74499460249323,"ZMYD8_HUMAN",38,2.51421330619358,0.0376010681366258,0.0820024329427217,0.155506372749997,"Non-significant",1.08617326227574,"ZMYND8","ZMYD8_HUMAN"
0.0488440974999982,13.17694580625,2.0862908801132,0.0744226622003511,0.140024245465795,-6.22996516320606,"ZO2_HUMAN",70,2.5125319181867,0.0376973643390843,0.0821911753787225,0.0488440974999982,"Non-significant",1.0851748088597,"TJP2","ZO2_HUMAN"
0.212324619249999,9.249513864625,2.44357770134656,0.0437098052002287,0.0924858253584184,-5.69372762265418,"TCPR2_HUMAN",18,2.51112061750222,0.0377783864842034,0.0823427926674206,0.212324619249999,"Non-significant",1.08437440793018,"TECPR2","TCPR2_HUMAN"
0.338993311249998,7.761155962875,2.45085269576722,0.0432405435916712,0.091599533031967,-5.68268833317429,"CEP85_HUMAN",13,2.51098046478411,0.0377864422870546,0.0823427926674206,0.338993311249998,"Non-significant",1.08437440793018,"CEP85","CEP85_HUMAN"
0.180406808500003,10.06233942325,2.42268788836565,0.0450864566224135,0.0948424614101132,-5.7254096049222,"MED24_HUMAN",27,2.50943888321136,0.0378751662714227,0.0825117281165665,0.180406808500003,"Non-significant",1.08348431697369,"MED24","MED24_HUMAN"
0.0967643224999986,11.43121898125,2.58962432641269,0.0352159018111719,0.0782792289995697,-5.47168150175678,"PAR6B_HUMAN",13,2.50929351986113,0.0378835434584307,0.0825117281165665,0.0967643224999986,"Non-significant",1.08348431697369,"PARD6B","PAR6B_HUMAN"
-0.116923567500002,11.52320015375,-2.57438207104148,0.0360166748523717,0.0795557002962896,-5.49488743290513,"SNAPN_HUMAN",12,-2.50864330527362,0.0379210380205493,0.0825720561806277,-0.116923567500002,"Non-significant",1.08316690061928,"SNAPIN","SNAPN_HUMAN"
-0.108599422499998,13.11352240875,-2.65541578313669,0.0319652986698459,0.0728879268529504,-5.37147566385189,"ITPA_HUMAN",11,-2.50810325544605,0.0379522087352534,0.0826185866295069,-0.108599422499998,"Non-significant",1.08292223884692,"ITPA","ITPA_HUMAN"
0.249332666000001,7.5657343865,2.41830986177233,0.0453805479944366,0.095342133361193,-5.73204609277295,"BLTP1_HUMAN",73,2.50687796506439,0.0380230273226519,0.0827513806616662,0.249332666000001,"Non-significant",1.08222475152516,"BLTP1","BLTP1_HUMAN"
0.104562522499998,12.40874683875,2.40400355788726,0.0463553057763533,0.0968829338926065,-5.75372394719813,"HGH1_HUMAN",24,2.50667663697018,0.0380346764550955,0.0827553659886422,0.104562522499998,"Non-significant",1.08220383629905,"HGH1","HGH1_HUMAN"
-0.0703194149999984,11.2300032375,-2.40744932682138,0.0461185907530372,0.0965078454462141,-5.7485039134682,"AKT2_HUMAN",21,-2.50642302086122,0.0380493562312099,0.0827659415929982,-0.0703194149999984,"Non-significant",1.08214833979908,"AKT2","AKT2_HUMAN"
0.1109335425,8.833466649,2.35483140603941,0.0498715493603675,0.102578645573094,-5.82812301758219,"NCOR1_HUMAN",61,2.50542731787316,0.0381070453198279,0.0828700425698735,0.1109335425,"Non-significant",1.08160243806162,"NCOR1","NCOR1_HUMAN"
0.110171079999997,10.9854449025,2.72362313913023,0.0289226931743468,0.0677757522286821,-5.2675722058181,"GLOD5_HUMAN",10,2.50503562702936,0.0381297635777272,0.0828833825363105,0.110171079999997,"Non-significant",1.08153253333632,"GLOD5","GLOD5_HUMAN"
0.122713562500003,11.44240713125,2.59921556068613,0.0347214708673159,0.077445694083251,-5.45707679538344,"BUD31_HUMAN",11,2.50490549662848,0.0381373142618428,0.0828833825363105,0.122713562500003,"Non-significant",1.08153253333632,"BUD31","BUD31_HUMAN"
-0.238280536000001,9.8118659265,-3.92094824272064,0.00547110851358372,0.0194418101437594,-3.4927682311239,"ICAL_HUMAN",2,-2.50481305623178,0.0381426789486711,0.0828833825363105,-0.238280536000001,"Non-significant",1.08153253333632,"CAST","ICAL_HUMAN"
0.0922701350000015,10.44880235,2.3502651860005,0.0502115574313344,0.103127002336432,-5.8350224147526,"PK3CA_HUMAN",35,2.50444583472779,0.0381639978912096,0.0829083345940736,0.0922701350000015,"Non-significant",1.08140180857795,"PIK3CA","PK3CA_HUMAN"
-0.788647889999996,7.712947607,-2.46253080928488,0.0424980321321027,0.0903672837642517,-5.66496169142947,"CO4A1_HUMAN",4,-2.50346701115068,0.038220882636969,0.0830105178425695,-0.788647889999996,"Non-significant",1.08086687688184,"COL4A1","CO4A1_HUMAN"
0.0979022999999977,11.6229839325,2.70812525185522,0.029586493640861,0.0688717356804247,-5.29117900460807,"TPST2_HUMAN",11,2.50316328247043,0.0382385515388636,0.0830274989492739,0.0979022999999977,"Non-significant",1.08077804420235,"TPST2","TPST2_HUMAN"
0.108415604999998,10.99489808,2.49274489023797,0.0406370665480679,0.0876932498550088,-5.61906748549529,"PHAX_HUMAN",15,2.50275627558735,0.0382622415422403,0.0830575415811341,0.108415604999998,"Non-significant",1.08062092771144,"PHAX","PHAX_HUMAN"
-0.0654139500000035,10.4878475675,-2.24568115326121,0.0586766678645204,0.1167852735372,-5.99251443226247,"PANK4_HUMAN",44,-2.50008671864684,0.0384179958308563,0.0833741727235551,-0.0654139500000035,"Non-significant",1.0789684623213,"PANK4","PANK4_HUMAN"
-0.131739382500001,11.65250289375,-2.69140962431734,0.0303202670681527,0.0700190496212218,-5.31664259770823,"PURB_HUMAN",9,-2.49851987894307,0.0385097135512462,0.0835517054114425,-0.131739382500001,"Non-significant",1.07804468110009,"PURB","PURB_HUMAN"
0.141940594999999,10.393341065,2.4020949187419,0.04648695762419,0.0971099295698382,-5.75661502423502,"C2CD5_HUMAN",27,2.4974070524609,0.0385749904207527,0.0836546115107024,0.141940594999999,"Non-significant",1.07751011329754,"C2CD5","C2CD5_HUMAN"
0.103557109999999,10.13721013,2.49320134427294,0.0406096031093426,0.0876932498550088,-5.61837382850504,"FXL15_HUMAN",15,2.49737294136838,0.0385769931121248,0.0836546115107024,0.103557109999999,"Non-significant",1.07751011329754,"FBXL15","FXL15_HUMAN"
0.698546290499999,8.32632213825,2.42745583742744,0.0447683882516079,0.0942439422009998,-5.71818070270476,"SMAL1_HUMAN",15,2.49718218423016,0.0385881945813438,0.0836573796620749,0.698546290499999,"Non-significant",1.07749574262562,"SMARCAL1","SMAL1_HUMAN"
-0.109030246749999,9.776976347125,-2.34099876614817,0.0509088113571064,0.104203586918176,-5.84901831594131,"SORL_HUMAN",72,-2.49675317456331,0.0386133986218026,0.083690495495802,-0.109030246749999,"Non-significant",1.07732386086106,"SORL1","SORL_HUMAN"
-0.173394679999998,10.3035743225,-2.50292892926333,0.0400288374447085,0.0866914364906084,-5.60358908585047,"SZRD1_HUMAN",11,-2.49601130445298,0.0386570226350952,0.0837503982256743,-0.173394679999998,"Non-significant",1.07701311925468,"SZRD1","SZRD1_HUMAN"
-0.0696814024999988,14.86192596125,-2.49285680544712,0.040630331187821,0.0876932498550088,-5.61889741275082,"ECHD1_HUMAN",17,-2.49594525931096,0.0386609087075689,0.0837503982256743,-0.0696814024999988,"Non-significant",1.07701311925468,"ECHDC1","ECHD1_HUMAN"
-0.880754947749999,6.876416087125,-2.42390842927531,0.0450048153249542,0.0947179995940173,-5.72355922035635,"AFAM_HUMAN",21,-2.49516777540428,0.0387066855409592,0.0838280196363682,-0.880754947749999,"Non-significant",1.07661079354731,"AFM","AFAM_HUMAN"
0.0770130174999988,11.27421832125,2.26589870999191,0.0569345815373315,0.11401795860731,-5.96215626576477,"TOP2B_HUMAN",66,2.49468751101206,0.0387349902440388,0.0838677710678148,0.0770130174999988,"Non-significant",1.07640489896194,"TOP2B","TOP2B_HUMAN"
0.0795190325000004,10.22843181875,2.87790770172106,0.0231035258679394,0.0568915043940583,-5.03281389982675,"LUC7L_HUMAN",11,2.49378531959216,0.0387882185741573,0.0839614520702547,0.0795190325000004,"Non-significant",1.07592005912435,"LUC7L","LUC7L_HUMAN"
-0.0524609074999987,14.54057466875,-2.37322116898827,0.0485257620712778,0.100423188926786,-5.80031985266137,"NIT1_HUMAN",21,-2.49229414320308,0.0388763599447817,0.0841306387611206,-0.0524609074999987,"Non-significant",1.07504581369491,"NIT1","NIT1_HUMAN"
0.815930605000001,7.351137519,2.42156763656101,0.0451615229012575,0.0949766658020707,-5.72710786660703,"MCF2L_HUMAN",15,2.49151748014349,0.0389223482700538,0.0842085404436046,0.815930605000001,"Non-significant",1.07464386005098,"MCF2L","MCF2L_HUMAN"
-0.132731199000002,8.52630412575,-2.39200931430987,0.0471889934389131,0.0983327628421751,-5.77188788027423,"PLXA1_HUMAN",27,-2.49029746848971,0.0389947004776349,0.0843250791702473,-0.132731199000002,"Non-significant",1.07404324239271,"PLXNA1","PLXA1_HUMAN"
0.0421633724999992,14.14086294375,2.01790195563496,0.0824074076536149,0.151595818226172,-6.33058888804192,"SF3B2_HUMAN",51,2.49027183044597,0.0389962223995283,0.0843250791702473,0.0421633724999992,"Non-significant",1.07404324239271,"SF3B2","SF3B2_HUMAN"
-0.0618815400000017,12.12113595,-2.38293632084416,0.0478297818740287,0.0992470881558858,-5.78562120270976,"CASP4_HUMAN",21,-2.48851324273394,0.0391007600760006,0.0845294451604538,-0.0618815400000017,"Non-significant",1.0729919816637,"CASP4","CASP4_HUMAN"
-0.309468507749997,8.710885405625,-2.75346866541976,0.0276877391361155,0.0656515465281424,-5.22211831469798,"PT117_HUMAN",3,-2.48592029197907,0.0392554170097255,0.0848420281987118,-0.309468507749997,"Non-significant",1.0713889579657,"PET117","PT117_HUMAN"
0.0670459274999988,12.35760414625,2.52892831685099,0.0385181608796128,0.0838939478176372,-5.56405515063894,"CCD50_HUMAN",16,2.4856977034674,0.0392687223553103,0.0848490286421202,0.0670459274999988,"Non-significant",1.07135312515281,"CCDC50","CCD50_HUMAN"
0.286919355,10.6967767475,2.40487751461924,0.0462951501352053,0.0968052147084211,-5.7524000552587,"FYV1_HUMAN",40,2.48551614165726,0.0392795787112193,0.0848507352529134,0.286919355,"Non-significant",1.07134439005933,"PIKFYVE","FYV1_HUMAN"
-0.073271752500002,16.68141078875,-2.33436640968605,0.0514138978275708,0.105033384582791,-5.85903126125719,"PSME2_HUMAN",26,-2.48338722035215,0.0394071044162918,0.0851044025428962,-0.073271752500002,"Non-significant",1.07004797281047,"PSME2","PSME2_HUMAN"
0.652724623999999,7.94409257175,2.41044869184387,0.0459135474882655,0.0962699730792512,-5.74395950336431,"IGSF3_HUMAN",30,2.48256803156385,0.0394562874234903,0.0851887926978995,0.652724623999999,"Non-significant",1.06961753656675,"IGSF3","IGSF3_HUMAN"
0.0525221800000004,13.27516389,2.36357194850594,0.049227231587919,0.101476237479719,-5.81491165970956,"ACAD8_HUMAN",21,2.4816313346917,0.0395126021043483,0.0852885334539186,0.0525221800000004,"Non-significant",1.06910935326895,"ACAD8","ACAD8_HUMAN"
1.01865565775,6.866301477125,2.45140839767948,0.0432049117793148,0.0915470591724094,-5.68184497604535,"KC1G2_HUMAN",2,2.48129327467714,0.0395329465433224,0.0853106007203442,1.01865565775,"Non-significant",1.06899699991922,"CSNK1G2","KC1G2_HUMAN"
0.0649867050000008,12.591804505,2.23832975649777,0.0593233542900645,0.117839098437392,-6.00354151498654,"SMRC1_HUMAN",40,2.48041328897775,0.0395859541051699,0.0854031244311434,0.0649867050000008,"Non-significant",1.06852624057115,"SMARCC1","SMRC1_HUMAN"
0.0727498525000012,10.71767246875,2.60395341267156,0.034479889021637,0.0769679514203862,-5.44986182313866,"ARFRP_HUMAN",14,2.47787645966884,0.0397391702493916,0.0857117364462953,0.0727498525000012,"Non-significant",1.06695970637461,"ARFRP1","ARFRP_HUMAN"
0.174990417500004,10.52625334375,2.66381073592126,0.0315735054505732,0.0722144935432396,-5.35868687762175,"FUCT1_HUMAN",7,2.47731175429161,0.0397733587072649,0.0857635304537058,0.174990417500004,"Non-significant",1.06669734956124,"SLC35C1","FUCT1_HUMAN"
-0.281947612499998,17.52466654875,-2.41756573543186,0.045430728863982,0.0954237761262159,-5.73317396689425,"CALM1_HUMAN;CALM2_HUMAN;CALM3_HUMAN",14,-2.47640234730598,0.0398284791043467,0.0858604220896517,-0.281947612499998,"Non-significant",1.06620698086059,"CALM1;CALM2;CALM3","CALM1_HUMAN;CALM2_HUMAN;CALM3_HUMAN"
0.211743352499997,14.11133146375,2.49489142312223,0.0405080821891523,0.0875269481600526,-5.61580539836134,"MTPN_HUMAN",9,2.47534182700247,0.0398928569509666,0.0859772158628734,0.211743352499997,"Non-significant",1.06561662243101,"MTPN","MTPN_HUMAN"
0.148914577500001,15.15339624875,2.50756573962088,0.0397550182141787,0.086253551744482,-5.59654034565926,"ADT3_HUMAN",11,2.47339726580927,0.0400111750338899,0.0862101723825814,0.148914577500001,"Non-significant",1.06444148650739,"SLC25A6","ADT3_HUMAN"
0.38184726225,8.250659287125,2.41664468143552,0.045492919564372,0.0955305976602122,-5.73456996223919,"PAOX_HUMAN",11,2.4720219282406,0.0400950740003257,0.086368867556541,0.38184726225,"Non-significant",1.0636427747078,"PAOX","PAOX_HUMAN"
0.0585432049999977,13.980751755,2.15306335131348,0.0673683803428534,0.129942351924465,-6.13093930111144,"OPLA_HUMAN",65,2.4714670546714,0.0401289733352593,0.0864198048653297,0.0585432049999977,"Non-significant",1.06338671865434,"OPLAH","OPLA_HUMAN"
-0.0934793974999995,10.20638835375,-2.41997028359549,0.045268779999818,0.095154749780166,-5.72952926181244,"COR2A_HUMAN",18,-2.47053194811176,0.0401861685802841,0.0865208722766832,-0.0934793974999995,"Non-significant",1.06287911078819,"CORO2A","COR2A_HUMAN"
0.0570709700000016,13.85714519,2.28911584199942,0.0549983301066751,0.110957617153941,-5.92723915603945,"B2L13_HUMAN",25,2.46998383104937,0.0402197324081385,0.0865710225914707,0.0570709700000016,"Non-significant",1.06262745249299,"BCL2L13","B2L13_HUMAN"
0.234166383749999,9.139139294625,2.38550953403535,0.047647150226877,0.0989775816794033,-5.78172686420741,"PLPL7_HUMAN",38,2.46974899834895,0.0402341210671122,0.0865798842161574,0.234166383749999,"Non-significant",1.06258299930731,"PNPLA7","PLPL7_HUMAN"
0.571509003999999,8.74027436975,2.40536245492986,0.0462618054170506,0.0967594932655879,-5.75166543330334,"ERF_HUMAN",11,2.46904337914783,0.0402773872687702,0.0866409948554536,0.571509003999999,"Non-significant",1.06227656956656,"ERF","ERF_HUMAN"
0.234594226,7.74974530925,2.47064810137957,0.0419896348133627,0.0898073158695342,-5.65263604282574,"KLH12_HUMAN",9,2.4689506385213,0.0402830773328417,0.0866409948554536,0.234594226,"Non-significant",1.06227656956656,"KLHL12","KLH12_HUMAN"
-0.622101068250003,7.352864742375,-2.39960531341254,0.0466592564853314,0.0973907091648762,-5.76038573926656,"ASAP1_HUMAN",13,-2.46668215698224,0.0404225141583617,0.0869085456125555,-0.622101068250003,"Non-significant",1.06093751779866,"ASAP1","ASAP1_HUMAN"
0.381590485749999,8.104621589125,2.40768635602335,0.0461023529310826,0.0964978229093855,-5.74814480633837,"CDK10_HUMAN",12,2.46659153916161,0.0404280943583853,0.0869085456125555,0.381590485749999,"Non-significant",1.06093751779866,"CDK10","CDK10_HUMAN"
-0.09694814675,8.938539028125,-2.66509645114924,0.031513942921513,0.0721235473487465,-5.35672821513906,"SIKE1_HUMAN",11,-2.46634600535947,0.0404432181469951,0.0869188897911835,-0.09694814675,"Non-significant",1.06088582952871,"SIKE1","SIKE1_HUMAN"
-0.0604963274999974,15.56462168625,-2.41082492393962,0.0458878932308217,0.0962401224291107,-5.74338942351789,"ARP2_HUMAN",19,-2.4660177794975,0.0404634443910515,0.0869401918868654,-0.0604963274999974,"Non-significant",1.06077940560694,"ACTR2","ARP2_HUMAN"
0.161636352499997,10.97991657125,3.09564679743762,0.0169004302025124,0.0448997353330224,-4.70319638725588,"CHPT1_HUMAN",5,2.46536323221144,0.0405038102588087,0.0870027622408987,0.161636352499997,"Non-significant",1.06046695879591,"CHPT1","CHPT1_HUMAN"
0.0506198449999964,12.2866159675,2.27523380123239,0.0561479113498504,0.112844717398161,-5.94812371669171,"WDR43_HUMAN",24,2.46521091743571,0.0405132093718742,0.0870027622408987,0.0506198449999964,"Non-significant",1.06046695879591,"WDR43","WDR43_HUMAN"
-0.0460419650000041,14.59355712,-1.99855781864949,0.0848154091294146,0.154950133384344,-6.35888699554788,"DYHC1_HUMAN",314,-2.46370058814974,0.0406065296891179,0.0871809573992805,-0.0460419650000041,"Non-significant",1.05957836597971,"DYNC1H1","DYHC1_HUMAN"
-0.471633553750002,7.864464700125,-2.41000434210016,0.045943865374781,0.0962958600273112,-5.74463278553573,"SYUG_HUMAN",8,-2.45738410088089,0.0409991890148261,0.0880015696984897,-0.471633553750002,"Non-significant",1.05550958119855,"SNCG","SYUG_HUMAN"
0.13429951675,8.939230799875,2.34543087114116,0.0505740972248041,0.103669519821954,-5.84232501344802,"DEPD5_HUMAN",39,2.45710571517429,0.0410165832246544,0.0880164918535163,0.13429951675,"Non-significant",1.05543594546431,"DEPDC5","DEPD5_HUMAN"
0.40568232525,9.627695441125,2.67518600799845,0.031050564580055,0.0713537560940157,-5.34135767943122,"OXLD1_HUMAN",2,2.45670275806301,0.0410417742503303,0.0880481331524647,0.40568232525,"Non-significant",1.05527984776233,"OXLD1","OXLD1_HUMAN"
-0.068514819999999,15.5072913175,-2.53913131357775,0.0379414761158314,0.0829163633477873,-5.5485343063968,"ARK72_HUMAN",15,-2.45581238386075,0.041097492155143,0.0881452319022138,-0.068514819999999,"Non-significant",1.05480117530526,"AKR7A2","ARK72_HUMAN"
0.193181633750001,7.679945767125,2.46221061369218,0.0425182153620515,0.0903873990634886,-5.66544782258764,"ADIP_HUMAN",10,2.45342434046371,0.0412473114099895,0.0884440569511069,0.193181633750001,"Non-significant",1.05333134443945,"SSX2IP","ADIP_HUMAN"
0.0819594875000007,10.64247691625,2.40864762235653,0.0460365606571827,0.0964303270126638,-5.74668841789961,"TM63B_HUMAN",18,2.45320231908486,0.0412612686020186,0.0884514834807769,0.0819594875000007,"Non-significant",1.05329487884117,"TMEM63B","TM63B_HUMAN"
0.0747268174999984,12.86777126875,2.43865893992362,0.0440300338920906,0.0929429736947192,-5.70118982325961,"SF3A2_HUMAN",17,2.45278692900677,0.0412873946555381,0.0884849859017367,0.0747268174999984,"Non-significant",1.05313041397106,"SF3A2","SF3A2_HUMAN"
-1.178903222,7.1276207565,-2.38890117872117,0.047407516670082,0.0986174624906519,-5.77659316873755,"RHBT3_HUMAN",6,-2.45230859771857,0.0413175002449345,0.0885185931513898,-1.178903222,"Non-significant",1.05296549704306,"RHOBTB3","RHBT3_HUMAN"
0.0633485349999994,11.3355511425,2.23949253683586,0.0592205910586452,0.117701099276897,-6.00179776833398,"CDC73_HUMAN",32,2.4522041145727,0.0413240792562248,0.0885185931513898,0.0633485349999994,"Non-significant",1.05296549704306,"CDC73","CDC73_HUMAN"
0.118893625,11.476819995,2.33667133207171,0.0512377922158338,0.104749781854781,-5.85555192527294,"S12A7_HUMAN",33,2.4514159976533,0.0413737390977627,0.088597155001645,0.118893625,"Non-significant",1.0525802237893,"SLC12A7","S12A7_HUMAN"
-0.158830405,13.3520513775,-2.4701835892519,0.0420185588746631,0.0898115478124982,-5.65334146605169,"NOL3_HUMAN",11,-2.45128852239478,0.0413817771077799,0.088597155001645,-0.158830405,"Non-significant",1.0525802237893,"NOL3","NOL3_HUMAN"
0.0532834524999934,12.87237417625,2.36447446147877,0.0491611862353676,0.101414497987742,-5.81354716239777,"FA98B_HUMAN",20,2.44979897141385,0.0414758191449843,0.0887748148744832,0.0532834524999934,"Non-significant",1.0517102246763,"FAM98B","FA98B_HUMAN"
0.146612405749999,7.412747740875,2.43799858999816,0.0440732074810526,0.0929429736947192,-5.70219152824329,"SUZ12_HUMAN",13,2.4494955155559,0.0414950042943822,0.0887748148744832,0.146612405749999,"Non-significant",1.0517102246763,"SUZ12","SUZ12_HUMAN"
-2.02698838725,7.961167871875,-2.37970593251582,0.0480600665210736,0.0996551785254932,-5.79050943413602,"MBTP1_HUMAN",19,-2.44947416718617,0.0414963543250046,0.0887748148744832,-2.02698838725,"Non-significant",1.0517102246763,"MBTPS1","MBTP1_HUMAN"
0.0733714124999985,10.45899152625,2.38816449258038,0.047459461872419,0.0987011606520157,-5.7777083092068,"TCF25_HUMAN",19,2.44791820279409,0.0415948708708326,0.0889629958310703,0.0733714124999985,"Non-significant",1.05079060063842,"TCF25","TCF25_HUMAN"
-1.291732192,6.60926586375,-2.37917706596238,0.0480978753203821,0.0997090484691344,-5.79130964297264,"LRRC1_HUMAN",9,-2.44666316786979,0.0416745071031951,0.0891107103939198,-1.291732192,"Non-significant",1.05007009410642,"LRRC1","LRRC1_HUMAN"
-0.0464758875000015,14.96331930125,-2.02215800871071,0.081886705168554,0.150736631986403,-6.32435267852567,"NOMO2_HUMAN",66,-2.44515886404176,0.0417701644769682,0.0892925986244902,-0.0464758875000015,"Non-significant",1.04918453786125,"NOMO2","NOMO2_HUMAN"
0.0662984849999972,17.2979431175,2.31620146872658,0.052823449090333,0.107288880092149,-5.88643510335433,"ACADS_HUMAN",23,2.44411423714727,0.0418367226205452,0.0894122046066368,0.0662984849999972,"Non-significant",1.04860319673481,"ACADS","ACADS_HUMAN"
-1.4936304095,6.648399353,-2.38441355007737,0.0477248497012583,0.0990575617167955,-5.7833856012019,"PDGFC_HUMAN",3,-2.44257311095427,0.0419351118898245,0.0895968050198917,-1.4936304095,"Non-significant",1.0477074767996,"PDGFC","PDGFC_HUMAN"
0.208865165499999,8.61970663075,2.39343964163806,0.0470887770728212,0.0981724714189487,-5.76972233287084,"BRD3_HUMAN",14,2.44242847462804,0.041944357884505,0.0895968050198917,0.208865165499999,"Non-significant",1.0477074767996,"BRD3","BRD3_HUMAN"
0.157099487250001,10.002583385625,2.68905291166922,0.0304252342292832,0.070210895206419,-5.320232778621,"UB2J2_HUMAN",7,2.44219009162804,0.0419596012310505,0.0896066579114581,0.157099487250001,"Non-significant",1.0476597203961,"UBE2J2","UB2J2_HUMAN"
-0.0749275675000014,11.58327353125,-2.45741750324871,0.0428215219427982,0.090940440528054,-5.67272424680987,"NUP43_HUMAN",16,-2.44180971275661,0.0419839361260486,0.0896359163136939,-0.0749275675000014,"Non-significant",1.0475179375322,"NUP43","NUP43_HUMAN"
-0.0813293450000021,10.6062099925,-2.39728542321762,0.046820396446401,0.0976612525728072,-5.763899025828,"GBA3_HUMAN",18,-2.44147675658683,0.0420052489008518,0.0896587092897645,-0.0813293450000021,"Non-significant",1.04740751744845,"GBA3","GBA3_HUMAN"
0.135519505000001,12.8394007675,2.82653508393893,0.0248913463528659,0.0603941158342853,-5.11091155823667,"FMC1_HUMAN",7,2.43942192045284,0.0421370239222307,0.0899172087697424,0.135519505000001,"Non-significant",1.04615718303295,"FMC1","FMC1_HUMAN"
-0.0529785124999993,13.07605075875,-2.38786292148545,0.0474807429882125,0.0987210613339031,-5.77816479381562,"SYAP1_HUMAN",19,-2.43829414012681,0.0422095259652308,0.0900491253760897,-0.0529785124999993,"Non-significant",1.04552050101416,"SYAP1","SYAP1_HUMAN"
0.22695469875,8.057665705625,2.64597389874154,0.0324119902282562,0.0736588475691485,-5.38585898962831,"TIFA_HUMAN",5,2.43752768688246,0.0422588715323024,0.0901243140938304,0.22695469875,"Non-significant",1.04515802753075,"TIFA","TIFA_HUMAN"
-0.0490169525000042,16.13740110375,-2.39023001726783,0.0473139641939495,0.0985080486162325,-5.77458157434662,"RB11A_HUMAN",19,-2.43741464707391,0.0422661541835226,0.0901243140938304,-0.0490169525000042,"Non-significant",1.04515802753075,"RAB11A","RB11A_HUMAN"
-0.0972318650000048,12.9608993525,-5.0886801331855,0.00131611880402408,0.00686483007371225,-1.93250984665814,"PEA15_HUMAN",6,-2.43709409931872,0.042286812579192,0.0901446764756317,-0.0972318650000048,"Non-significant",1.04505991559187,"PEA15","PEA15_HUMAN"
0.348091125249999,9.083374261625,2.40849170276826,0.0460472257949901,0.0964303270126638,-5.74692465155186,"NOP53_HUMAN",8,2.43693464418824,0.0422970928296504,0.0901446764756317,0.348091125249999,"Non-significant",1.04505991559187,"NOP53","NOP53_HUMAN"
0.226756333750002,8.748093724375,2.50354829766538,0.0399921497113229,0.0866342405337294,-5.60264759004107,"CA043_HUMAN",7,2.43676530202703,0.0423080132867907,0.0901451577336599,0.226756333750002,"Non-significant",1.04505759701737,"C1orf43","CA043_HUMAN"
-0.157912012499999,13.10530269125,-2.38545393671271,0.0476510886765949,0.0989775816794033,-5.78181101108852,"HPCL1_HUMAN",16,-2.4365848859116,0.0423196510258571,0.0901471666658958,-0.157912012499999,"Non-significant",1.04504791864434,"HPCAL1","HPCL1_HUMAN"
0.292414427499997,12.74827706875,3.96041079708682,0.00519672714984467,0.018716999551411,-3.43692227850145,"ITAE_HUMAN",1,2.43606151283278,0.0423534295946713,0.0901842415567655,0.292414427499997,"Non-significant",1.04486934275557,"ITGAE","ITAE_HUMAN"
-0.0716350099999978,14.1963886025,-3.74146961450559,0.00693390404139557,0.0230737770094446,-3.74933309564239,"MPRD_HUMAN",9,-2.43598369319357,0.0423584544220233,0.0901842415567655,-0.0716350099999978,"Non-significant",1.04486934275557,"M6PR","MPRD_HUMAN"
0.189244031750002,7.911644578125,2.5689353835772,0.0363073674290071,0.080024229359208,-5.50317864557706,"I20L2_HUMAN",7,2.43532507509076,0.0424010057527045,0.0902357591865939,0.189244031750002,"Non-significant",1.04462132343541,"ISG20L2","I20L2_HUMAN"
0.132598162500003,10.47563207125,2.70006904280156,0.0299378048189899,0.0694211160438146,-5.30345116484129,"MTX3_HUMAN",8,2.43527778921478,0.0424040624199903,0.0902357591865939,0.132598162500003,"Non-significant",1.04462132343541,"MTX3","MTX3_HUMAN"
0.156122684750001,9.705710887875,2.38279671836353,0.0478397104255978,0.0992470881558858,-5.7858324653554,"MTSS2_HUMAN",16,2.43348473837109,0.0425201345665914,0.0904599228323571,0.156122684750001,"Non-significant",1.04354378706872,"MTSS2","MTSS2_HUMAN"
0.174907210000001,10.9693317425,3.24877556976842,0.0136117101089479,0.0380540976810356,-4.47331095075903,"RT14_HUMAN",4,2.43267618562113,0.0425725812495542,0.0905261732812681,0.174907210000001,"Non-significant",1.04322583772025,"MRPS14","RT14_HUMAN"
0.0851621625000014,13.68794965875,2.37063129117032,0.0487130331812438,0.100687139942301,-5.80423703943775,"OXSM_HUMAN",19,2.43267351049276,0.0425727548804066,0.0905261732812681,0.0851621625000014,"Non-significant",1.04322583772025,"OXSM","OXSM_HUMAN"
0.4307028055,6.890642345,2.38934580753937,0.0473761930693809,0.0985886772344226,-5.77592010409133,"TYSY_HUMAN",8,2.43226286702039,0.0425994164739935,0.0905450859233752,0.4307028055,"Non-significant",1.04313511480628,"TYMS","TYSY_HUMAN"
-0.0638461125000021,11.65336465875,-2.37587315408693,0.0483347598390364,0.100101643902516,-5.79630820114027,"VATD_HUMAN",19,-2.43220564062275,0.0426031333221148,0.0905450859233752,-0.0638461125000021,"Non-significant",1.04313511480628,"ATP6V1D","VATD_HUMAN"
0.176012519999997,10.605493545,2.60126424915022,0.0346167945152349,0.0772326524533919,-5.45395702303652,"BOLA1_HUMAN",7,2.43201177017481,0.0426157276328902,0.0905490214816313,0.176012519999997,"Non-significant",1.04311623852965,"BOLA1","BOLA1_HUMAN"
0.126059529999999,10.3306038375,2.62741967973962,0.0333087529665605,0.0750493126851478,-5.41412186178661,"NAA20_HUMAN",9,2.42987725339901,0.0427546413090295,0.0908212882040851,0.126059529999999,"Non-significant",1.04181234238266,"NAA20","NAA20_HUMAN"
0.0947268009999984,10.0832291845,2.36545450110565,0.0490895696649204,0.101316352278554,-5.81206538117801,"BT3A3_HUMAN",19,2.42881200226709,0.0428241393388875,0.090945999115012,0.0947268009999984,"Non-significant",1.04121640160865,"BTN3A3","BT3A3_HUMAN"
0.0729622850000027,10.416942835,2.44654832407786,0.0435175631535028,0.0921400501936385,-5.68922026461864,"MET14_HUMAN",16,2.42726855412607,0.0429250388597883,0.0911373180224573,0.0729622850000027,"Non-significant",1.04030375592897,"METTL14","MET14_HUMAN"
0.188251497500001,10.53189301625,3.05333964723148,0.0179510857341292,0.0470783141421828,-4.76702252297659,"YIPF6_HUMAN",4,2.42597144644023,0.0430100209526566,0.0912739189440774,0.188251497500001,"Non-significant",1.03965330216791,"YIPF6","YIPF6_HUMAN"
-0.168837307500002,10.35716855625,-4.60493151659652,0.00231793552026522,0.0104438408110862,-2.55534912459427,"CO040_HUMAN",3,-2.42595599884614,0.0430110340545587,0.0912739189440774,-0.168837307500002,"Non-significant",1.03965330216791,"C15orf40","CO040_HUMAN"
1.096515536,7.143565595,2.36234134254882,0.0493174321253082,0.101637319164847,-5.81677209301612,"ODC_HUMAN",6,2.42419126958518,0.0431269300787061,0.0914927725536036,1.096515536,"Non-significant",1.0386132115517,"SLC25A21","ODC_HUMAN"
-0.0717737674999999,13.46014273375,-2.48783832513204,0.0409334873693667,0.0881523671528849,-5.62652324936858,"PTGR2_HUMAN",15,-2.42403518708566,0.0431371958074793,0.0914927725536036,-0.0717737674999999,"Non-significant",1.0386132115517,"PTGR2","PTGR2_HUMAN"
0.338330269,9.13110446925,2.60602806144787,0.0343746515593822,0.0768191834626673,-5.44670236145082,"APH1A_HUMAN",3,2.42389029011429,0.0431467280698273,0.0914927725536036,0.338330269,"Non-significant",1.0386132115517,"APH1A","APH1A_HUMAN"
0.373439311749999,7.826859712375,2.4441818063245,0.0436706405920371,0.0924409416248821,-5.69281104740242,"IRF5_HUMAN",5,2.42278218847641,0.0432196968726923,0.091624452952697,0.373439311749999,"Non-significant",1.0379886053149,"IRF5","IRF5_HUMAN"
0.366462588500001,7.268600881,2.5622361968426,0.0366682325935171,0.0806567151698215,-5.51337550035347,"FSTL3_HUMAN",3,2.42260785866401,0.0432311879303787,0.0916257689376822,0.366462588500001,"Non-significant",1.03798236766879,"FSTL3","FSTL3_HUMAN"
0.139846324999999,9.66052413,2.39847861061946,0.0467374466418722,0.0975123608278072,-5.76209208586548,"ELP6_HUMAN",14,2.42197785594645,0.0432727407929268,0.0916907823387581,0.139846324999999,"Non-significant",1.03767432169777,"ELP6","ELP6_HUMAN"
0.252900242999999,7.82953661675,2.35934950473892,0.0495374289894036,0.102065751393714,-5.82129466040343,"GPTC1_HUMAN",16,2.42138445276862,0.0433119167223936,0.0917507278343945,0.252900242999999,"Non-significant",1.0373904819183,"GPATCH1","GPTC1_HUMAN"
0.054538964999999,12.3194788675,2.28846603668771,0.0550516062070437,0.111002631123818,-5.92821718634592,"MITOK_HUMAN",22,2.42066076809569,0.0433597424067144,0.0918289619965316,0.054538964999999,"Non-significant",1.03702032477291,"CCDC51","MITOK_HUMAN"
0.0401387224999965,12.44656777375,1.94081517177719,0.0924213993857282,0.165418982189027,-6.44288389028155,"XRN2_HUMAN",54,2.41933341547537,0.0434476015636054,0.0919562977464937,0.0401387224999965,"Non-significant",1.03641852218566,"XRN2","XRN2_HUMAN"
-0.0488717550000022,13.928210615,-2.29985680226842,0.0541252217927735,0.109431876826886,-5.91106664693695,"SEP11_HUMAN",21,-2.41931801816371,0.043448621789858,0.0919562977464937,-0.0488717550000022,"Non-significant",1.03641852218566,"SEPTIN11","SEP11_HUMAN"
0.0817041397499985,9.722470760375,2.25868277615307,0.0575502877767536,0.114977808881312,-5.97299678633548,"MARK3_HUMAN",34,2.41925803864699,0.0434525962657829,0.0919562977464937,0.0817041397499985,"Non-significant",1.03641852218566,"MARK3","MARK3_HUMAN"
-0.0438211000000024,15.8435968175,-2.13164486272234,0.069555404582082,0.133004198099448,-6.16278068612461,"PNPO_HUMAN",28,-2.41901728836969,0.0434685530253488,0.0919611099604025,-0.0438211000000024,"Non-significant",1.03639579548487,"PNPO","PNPO_HUMAN"
0.070091725000001,13.737193585,2.31116820619925,0.0532209075843903,0.107914127983841,-5.89402298442941,"GLNA_HUMAN",22,2.41889454921183,0.0434766903775304,0.0919611099604025,0.070091725000001,"Non-significant",1.03639579548487,"GLUL","GLNA_HUMAN"
-0.0529749399999986,10.6640349625,-2.13224563602063,0.0694931051983365,0.132915222082319,-6.16188851440618,"TBCD5_HUMAN",37,-2.41794227407955,0.0435398767563596,0.0920716560911577,-0.0529749399999986,"Non-significant",1.03587404513153,"TBC1D5","TBCD5_HUMAN"
0.133604765000003,11.4761112925,2.47105053983011,0.0419645924467351,0.089776535465363,-5.65202487821456,"OVCA2_HUMAN",11,2.41708311656408,0.0435969643983222,0.0921692533015946,0.133604765000003,"Non-significant",1.0354139308817,"OVCA2","OVCA2_HUMAN"
0.0619342327499997,9.556595682875,2.29740733679331,0.0543230904411284,0.109779268599442,-5.91475578345538,"GRB10_HUMAN",22,2.41538036799088,0.0437103297097957,0.0923857495295556,0.0619342327499997,"Non-significant",1.03439501338998,"GRB10","GRB10_HUMAN"
0.0825307399999975,11.4582444425,2.44351628185438,0.0437137890886154,0.0924858253584184,-5.69382080992821,"RDH10_HUMAN",15,2.41503422358821,0.0437334117827787,0.0923888938587089,0.0825307399999975,"Non-significant",1.03438023252205,"RDH10","RDH10_HUMAN"
0.100005387499996,10.72077333875,2.31567486369353,0.0528648918599689,0.10734718706039,-5.8872290965041,"MTHR_HUMAN",24,2.41502931706288,0.0437337390551962,0.0923888938587089,0.100005387499996,"Non-significant",1.03438023252205,"MTHFR","MTHR_HUMAN"
0.130015611500001,8.7746213675,2.5881896957432,0.0352904811810523,0.0783210810624249,-5.47386588935118,"CACL1_HUMAN",9,2.41411013075679,0.0437950939485161,0.0924953262069762,0.130015611500001,"Non-significant",1.03388021162639,"CACUL1","CACL1_HUMAN"
-0.166858434999998,10.0362733625,-2.5339282924528,0.038234436561134,0.0833837168884343,-5.55644958630868,"FAIM1_HUMAN",8,-2.41315818613649,0.0438587274111398,0.0926065163698641,-0.166858434999998,"Non-significant",1.03335845258478,"FAIM","FAIM1_HUMAN"
0.117202997,9.5183297395,2.34764840814084,0.0504074682936092,0.103403395046686,-5.83897549805307,"KCTD3_HUMAN",19,2.41264940567947,0.0438927756509385,0.0926551980870926,0.117202997,"Non-significant",1.03313021112959,"KCTD3","KCTD3_HUMAN"
-0.115371697500001,12.84937787125,-4.72684415617759,0.00200346412157604,0.00935578896441241,-2.39523358054981,"ENY2_HUMAN",5,-2.41218506363369,0.0439238733990179,0.092697628663075,-0.115371697500001,"Non-significant",1.03293137558273,"ENY2","ENY2_HUMAN"
-1.03570592425,7.943133413875,-2.34787562395715,0.0503904265163179,0.10339359910079,-5.83863227292028,"KCAB2_HUMAN",7,-2.41071590058203,0.0440224128375519,0.0928823323673904,-1.03570592425,"Non-significant",1.03206688756783,"KCNAB2","KCAB2_HUMAN"
-0.065530777499994,16.26711559375,-2.40988074859601,0.0459523017669597,0.0962958600273112,-5.74482005307898,"TFG_HUMAN",17,-2.40919484369786,0.0441246689531996,0.093074783435065,-0.065530777499994,"Non-significant",1.03116796561793,"TFG","TFG_HUMAN"
-0.0680823325000013,15.29624176125,-2.33117103892602,0.0516590544587279,0.105329987913067,-5.86385398054996,"RAB6A_HUMAN",20,-2.4088778821163,0.0441460076211066,0.093096496932276,-0.0680823325000013,"Non-significant",1.03106666049669,"RAB6A","RAB6A_HUMAN"
-0.0449359424999987,14.51976764375,-2.00808812040912,0.0836205289938103,0.153325525100898,-6.34495484561659,"UBP5_HUMAN",50,-2.40763372157371,0.0442298688329736,0.0932500161063368,-0.0449359424999987,"Non-significant",1.03035108450702,"USP5","UBP5_HUMAN"
-0.152122017500004,12.00390839625,-2.66244146240097,0.0316370675482745,0.0722906187756217,-5.36077282904745,"BL1S2_HUMAN",7,-2.40592628059147,0.0443452197556195,0.0934698317879762,-0.152122017500004,"Non-significant",1.02932853888319,"BLOC1S2","BL1S2_HUMAN"
0.487952351749998,7.462058245875,2.65473441166652,0.0319973190740717,0.0729327751420633,-5.37251364754789,"NIPA2_HUMAN",1,2.40543199884409,0.044378669184984,0.0935169506400575,0.487952351749998,"Non-significant",1.0291096629004,"NIPA2","NIPA2_HUMAN"
0.132166862749999,9.452967166875,2.30882827384669,0.0534067143233948,0.108212787267282,-5.89754972862291,"TTC7B_HUMAN",28,2.40417275858091,0.0444640010488564,0.0936357357008506,0.132166862749999,"Non-significant",1.02855837288827,"TTC7B","TTC7B_HUMAN"
0.175369978249996,9.037054181125,2.34965912018825,0.050256862902987,0.103169775306692,-5.83593802974905,"PDK4_HUMAN",16,2.40394169271005,0.0444796771643254,0.0936357357008506,0.175369978249996,"Non-significant",1.02855837288827,"PDK4","PDK4_HUMAN"
1.18117153675,7.902352273625,2.34727604198434,0.0504354093922317,0.103435539116088,-5.83953797344348,"RP9_HUMAN",4,2.40389805831196,0.044482638064824,0.0936357357008506,1.18117153675,"Non-significant",1.02855837288827,"RP9","RP9_HUMAN"
0.449886559999998,7.83915185925,2.37810167976185,0.0481748484427579,0.0998440613533332,-5.79293670688325,"ABTB1_HUMAN",6,2.40386155643638,0.0444851151269178,0.0936357357008506,0.449886559999998,"Non-significant",1.02855837288827,"ABTB1","ABTB1_HUMAN"
0.0504093175000015,12.81791281625,2.09836597320012,0.0730946634869541,0.137987663724868,-6.21211112592091,"DLG1_HUMAN",38,2.40378099398093,0.0444905826885641,0.0936357357008506,0.0504093175000015,"Non-significant",1.02855837288827,"DLG1","DLG1_HUMAN"
0.227223634999998,11.58022201,2.73314076613764,0.0285227482717518,0.0671371810060307,-5.2530758785631,"AROS_HUMAN",4,2.40085848476013,0.0446893865726218,0.0940244522488323,0.227223634999998,"Non-significant",1.02675918793484,"RPS19BP1","AROS_HUMAN"
0.0766692174999974,11.90248918625,2.23449043045472,0.0596639400679013,0.118275482321811,-6.00929796665398,"CD11B_HUMAN",33,2.40073818396978,0.0446975892942307,0.0940244522488323,0.0766692174999974,"Non-significant",1.02675918793484,"CDK11B","CD11B_HUMAN"
0.0870258799999988,12.4112557175,2.32575562710292,0.0520772508445862,0.106054831294512,-5.87202530154303,"S2542_HUMAN",20,2.39962401219323,0.0447736316984855,0.0941574959080155,0.0870258799999988,"Non-significant",1.02614509995001,"SLC25A42","S2542_HUMAN"
-0.0448374724999994,18.67164731125,-2.00440297533843,0.0840805857288497,0.153968120162606,-6.35034429402548,"PDIA3_HUMAN",49,-2.39948428625286,0.0447831772565232,0.0941574959080155,-0.0448374724999994,"Non-significant",1.02614509995001,"PDIA3","PDIA3_HUMAN"
0.218161582500002,16.20694017375,4.07546376690601,0.00447879164497737,0.0168459325191942,-3.27530161216258,"CX7A2_HUMAN",2,2.39920540751449,0.0448022353790614,0.0941740753142414,0.218161582500002,"Non-significant",1.02606863539753,"COX7A2","CX7A2_HUMAN"
-0.0627055150000011,12.5795009125,-2.28349381297537,0.0554609993647137,0.111730584045213,-5.93569951413027,"DCAF8_HUMAN",22,-2.39887340619436,0.044824934521293,0.0941915724263472,-0.0627055150000011,"Non-significant",1.02598795296578,"DCAF8","DCAF8_HUMAN"
0.0832347850000037,10.25399661,2.35324876389785,0.0499891295220216,0.102745274991739,-5.83051452747157,"SCMC2_HUMAN",18,2.39864892758558,0.0448402888653287,0.0941915724263472,0.0832347850000037,"Non-significant",1.02598795296578,"SLC25A25","SCMC2_HUMAN"
0.0769331474999984,11.57072222125,2.21762457585026,0.0611835692734489,0.120918242768089,-6.03456448356578,"PEX5_HUMAN",39,2.39853855772452,0.044847840120107,0.0941915724263472,0.0769331474999984,"Non-significant",1.02598795296578,"PEX5","PEX5_HUMAN"
0.107241155000002,10.537875415,2.7077533028759,0.0296026185025888,0.0688902460956159,-5.29174559143088,"THEM4_HUMAN",9,2.39843015207064,0.0448552582417081,0.0941915724263472,0.107241155000002,"Non-significant",1.02598795296578,"THEM4","THEM4_HUMAN"
0.0852372647499973,9.906440854125,2.36899211770847,0.0488319400977945,0.100908169424935,-5.80671602171684,"ECD_HUMAN",17,2.39764711041643,0.0449088781332892,0.0942756912477122,0.0852372647499973,"Non-significant",1.02560027457902,"ECD","ECD_HUMAN"
0.1359729775,15.26600790125,2.37595161916721,0.0483291202778607,0.100101643902516,-5.79618949912583,"SCO1_HUMAN",14,2.39751857336064,0.0449176860897867,0.0942756912477122,0.1359729775,"Non-significant",1.02560027457902,"SCO1","SCO1_HUMAN"
0.294458508499999,8.07296484725,2.33223635715777,0.0515771890501217,0.10526756681946,-5.86224621360611,"RPGF1_HUMAN",15,2.39338785456386,0.0452016752281668,0.0948481255907937,0.294458508499999,"Non-significant",1.02297124731215,"RAPGEF1","RPGF1_HUMAN"
-0.0672578800000014,11.571356535,-2.18988759835806,0.0637677464321006,0.124854433141969,-6.07603867876183,"EXOC3_HUMAN",36,-2.3925723952432,0.045257952945281,0.0949425797351354,-0.0672578800000014,"Non-significant",1.02253897201188,"EXOC3","EXOC3_HUMAN"
0.1080691825,10.20080339875,2.46430995957353,0.0423860638685157,0.0901974583054075,-5.66226043404592,"CCNY_HUMAN",12,2.39238640875085,0.0452707984556751,0.094945897034806,0.1080691825,"Non-significant",1.02252379800062,"CCNY","CCNY_HUMAN"
-0.0646076175000037,10.74954390375,-2.48383560017111,0.0411769489669977,0.0884957936876143,-5.63260479874388,"E41L3_HUMAN",15,-2.39169067808451,0.0453188831417935,0.0950231009955666,-0.0646076175000037,"Non-significant",1.02217080086601,"EPB41L3","E41L3_HUMAN"
0.143590688750001,9.904345154625,2.31750004574564,0.0527213943655327,0.10713322881077,-5.88447705271675,"INT8_HUMAN",21,2.39144856778199,0.0453356284583487,0.0950345715681226,0.143590688750001,"Non-significant",1.02211837881638,"INTS8","INT8_HUMAN"
0.159188985750003,9.099739670625,2.73885487803494,0.0282854076526281,0.0666902660430776,-5.24437321754717,"GPN3_HUMAN",6,2.39020494244208,0.0454217412928131,0.0951914115756145,0.159188985750003,"Non-significant",1.02140223306064,"GPN3","GPN3_HUMAN"
0.3626310825,9.4983662365,2.41395233511796,0.0456752093948897,0.0958179044274578,-5.73865030714862,"GPR39_HUMAN",5,2.38983175480212,0.045447614341706,0.0952219590569823,0.3626310825,"Non-significant",1.02126288777555,"GPR39","GPR39_HUMAN"
0.511440276750001,7.356888651625,2.33168314382485,0.0516196848119906,0.105300659070733,-5.86308112979833,"ARI4B_HUMAN",9,2.38646315545461,0.0456818347050633,0.0956889127060086,0.511440276750001,"Non-significant",1.01913838019129,"ARID4B","ARI4B_HUMAN"
0.261952161500001,7.723179102,2.59483274188158,0.0349465093397904,0.0778652199907727,-5.46375077749968,"MOT10_HUMAN",4,2.38606471956861,0.0457096187878486,0.0957233234193231,0.261952161500001,"Non-significant",1.01898223152102,"SLC16A10","MOT10_HUMAN"
0.0594797124999999,17.90399217625,2.20449710737291,0.062393247591053,0.122618951724175,-6.05420601019293,"ETFB_HUMAN",27,2.38535693031604,0.0457590171327821,0.0957909808365756,0.0594797124999999,"Non-significant",1.01867537982857,"ETFB","ETFB_HUMAN"
0.0793833724999988,10.19052529375,2.23786170093991,0.0593647703901143,0.117848716349099,-6.00424338262459,"SMG8_HUMAN",30,2.38527619416835,0.0457646553362071,0.0957909808365756,0.0793833724999988,"Non-significant",1.01867537982857,"SMG8","SMG8_HUMAN"
0.1639826325,10.66135156125,2.3728537316441,0.0485522863485452,0.100444817358973,-5.80087563227015,"PTBP2_HUMAN",12,2.3835712691537,0.0458838828886158,0.0960166953495885,0.1639826325,"Non-significant",1.01765324542097,"PTBP2","PTBP2_HUMAN"
0.148079156999998,9.23501122,2.44031711595899,0.0439218132993052,0.0927862065914395,-5.69867437535621,"MBD3_HUMAN",10,2.38181458445492,0.0460070586689622,0.0962505578358605,0.148079156999998,"Non-significant",1.01659674478742,"MBD3","MBD3_HUMAN"
1.05832362175,7.457668781375,2.31653380093828,0.0527973121598008,0.107261639960222,-5.88593401338474,"CP2A7_HUMAN",9,2.3813294713899,0.046041132865603,0.0962979426610837,1.05832362175,"Non-significant",1.01638299117747,"CYP2A7","CP2A7_HUMAN"
0.0557632424999994,10.31498336625,2.12681660007694,0.0700581146633244,0.133722791779248,-6.16994879750508,"MTMRC_HUMAN",36,2.38043419350835,0.046104083933528,0.0964056867962559,0.0557632424999994,"Non-significant",1.01589734709935,"MTMR12","MTMRC_HUMAN"
-0.0531117924999975,10.76032364375,-2.36862498348699,0.0488586127838378,0.100921838527996,-5.80727122392699,"THOC6_HUMAN",18,-2.38021421965991,0.0461195646114611,0.0964141394122037,-0.0531117924999975,"Non-significant",1.01585927088553,"THOC6","THOC6_HUMAN"
0.0570380700000008,15.1285439725,2.75280823650137,0.0277144626217669,0.0656664660843795,-5.22312399208973,"PSB3_HUMAN",13,2.37979013817153,0.0461494242160643,0.0964526399001255,0.0570380700000008,"Non-significant",1.01568588125631,"PSMB3","PSB3_HUMAN"
-0.0596480400000026,15.4761037825,-2.39136962599667,0.0472338837967908,0.0983949576389713,-5.7728563360259,"SDF2L_HUMAN",17,-2.37801398249002,0.0462746959559604,0.0966904839397101,-0.0596480400000026,"Non-significant",1.01461626610144,"SDF2L1","SDF2L_HUMAN"
0.1532361525,10.66644918875,2.39709660468239,0.0468335367796953,0.0976644932004085,-5.76418495999116,"DYM_HUMAN",11,2.37777835769015,0.0462913403114023,0.0967012905786393,0.1532361525,"Non-significant",1.01456772976973,"DYM","DYM_HUMAN"
0.0570633409999992,9.13212287425,2.09235591324414,0.0737526724849492,0.138949771205998,-6.22100060766366,"ABCA1_HUMAN",51,2.37639271656707,0.0463893434503063,0.0968820059322676,0.0570633409999992,"Non-significant",1.01375687774799,"ABCA1","ABCA1_HUMAN"
0.4253646135,8.206543386,2.53860593020815,0.0379709529626835,0.0829163633477873,-5.54933360320677,"FLOWR_HUMAN",2,2.3755322672335,0.0464503065335094,0.0969852944689003,0.4253646135,"Non-significant",1.01329411125096,"CACFD1","FLOWR_HUMAN"
-0.0579953174999961,11.11121678375,-2.44227164289308,0.043794600987384,0.0926103090122078,-5.69570916340923,"LZTL1_HUMAN",16,-2.37486259447274,0.0464978090709229,0.0970604340413098,-0.0579953174999961,"Non-significant",1.01295777090942,"LZTFL1","LZTL1_HUMAN"
-0.144444467499996,14.57193922875,-2.48666691267791,0.0410045839053043,0.0882829215166819,-5.62830311150883,"CLCB_HUMAN",9,-2.37354904035778,0.0465911273043462,0.0971943718034028,-0.144444467499996,"Non-significant",1.01235888286688,"CLTB","CLCB_HUMAN"
-0.1608161925,11.85624599625,-3.36403386900468,0.0115892888958706,0.0338600055817306,-4.30162880014591,"4EBP1_HUMAN",4,-2.37351081870191,0.0465938455001678,0.0971943718034028,-0.1608161925,"Non-significant",1.01235888286688,"EIF4EBP1","4EBP1_HUMAN"
-0.0390615474999976,14.05017685875,-2.03881004697649,0.0798804147756823,0.147785780540875,-6.29991902219995,"MP2K1_HUMAN",29,-2.37347256416296,0.0465965661949876,0.0971943718034028,-0.0390615474999976,"Non-significant",1.01235888286688,"MAP2K1","MP2K1_HUMAN"
-0.1074199675,16.29285097125,-2.8272268012968,0.0248663330021421,0.0603941158342853,-5.10985941789648,"SSRD_HUMAN",8,-2.37196072676445,0.0467042179740454,0.0973948177395419,-0.1074199675,"Non-significant",1.01146415079075,"SSR4","SSRD_HUMAN"
0.0686297399999987,10.0964212425,2.1720782188435,0.0654844206283295,0.127123026595161,-6.10261427253958,"GBA2_HUMAN",38,2.37171330569323,0.0467218597344319,0.0974075082121014,0.0686297399999987,"Non-significant",1.01140756622805,"GBA2","GBA2_HUMAN"
0.130194664249998,9.375523090375,2.31282163354855,0.0530900091908463,0.107752392841234,-5.89153062720581,"CHSS2_HUMAN",18,2.37140111462792,0.046744129370654,0.0974113540793993,0.130194664249998,"Non-significant",1.01139041964454,"CHPF","CHSS2_HUMAN"
-0.0735962400000023,13.8587285275,-2.76846028314057,0.0270883053150258,0.0644467324505409,-5.19929163227278,"NDUB7_HUMAN",11,-2.37136343651921,0.046746817801776,0.0974113540793993,-0.0735962400000023,"Non-significant",1.01139041964454,"NDUFB7","NDUB7_HUMAN"
0.0911676900000007,12.29442346,2.85847724308988,0.0237633352462247,0.0581459313476306,-5.06234166318662,"ISCU_HUMAN",9,2.37069967880523,0.046794204268115,0.0974859979673606,0.0911676900000007,"Non-significant",1.01105775806763,"ISCU","ISCU_HUMAN"
-0.18633389,13.043227555,-2.70948212540074,0.0295277475053483,0.0687539734040278,-5.28911209874798,"LSM7_HUMAN",5,-2.36851961544243,0.0469501833488006,0.0977867792060886,-0.18633389,"Non-significant",1.00971985795233,"LSM7","LSM7_HUMAN"
0.0923817150000001,10.3180280925,2.30590769529623,0.0536395508360812,0.108580157059877,-5.90195088886492,"DPOD2_HUMAN",19,2.36767525537257,0.0470107365997654,0.097888710177723,0.0923817150000001,"Non-significant",1.00926739389912,"POLD2","DPOD2_HUMAN"
-0.10149002,13.389923335,-2.38147790537762,0.0479336083449986,0.0994174175049196,-5.78782817552181,"SGTA_HUMAN",14,-2.36635635959302,0.0471054790445207,0.0980408544937836,-0.10149002,"Non-significant",1.008592912227,"SGTA","SGTA_HUMAN"
0.263298511249999,8.804733991625,2.3486555686587,0.0503319731766885,0.103298807379184,-5.83745408000411,"MRM1_HUMAN",9,2.36633428835229,0.0471070661644114,0.0980408544937836,0.263298511249999,"Non-significant",1.008592912227,"MRM1","MRM1_HUMAN"
-0.0514709949999954,12.37084639,-2.02874915843833,0.0810867091812709,0.149525239923197,-6.31468789277661,"ELP1_HUMAN",61,-2.36564168806527,0.047156897776229,0.0981203385227929,-0.0514709949999954,"Non-significant",1.00824096211336,"ELP1","ELP1_HUMAN"
0.271202802500001,9.78055751325,2.41478626726185,0.0456186669704143,0.095725625434309,-5.73738650333348,"EID2_HUMAN",6,2.36481314500772,0.0472165802197706,0.0982202750919167,0.271202802500001,"Non-significant",1.00779885384589,"EID2","EID2_HUMAN"
-0.0777225525000009,14.41932415875,-2.69571224184795,0.0301296008681562,0.0696933056305402,-5.31008810887708,"HEBP2_HUMAN",11,-2.36416850628818,0.0472630682394842,0.0982927219813995,-0.0777225525000009,"Non-significant",1.00747863802071,"HEBP2","HEBP2_HUMAN"
0.128311636500001,9.9614708435,2.36370874235645,0.0492172152932889,0.101476237479719,-5.8147048470328,"RPP40_HUMAN",13,2.3622095085436,0.0474046248851737,0.0985627980160653,0.128311636500001,"Non-significant",1.00628697618524,"RPP40","RPP40_HUMAN"
-0.085961815000001,11.886321545,-3.31125301179744,0.0124723794858871,0.0356492664247347,-4.38009192519743,"AAMDC_HUMAN",8,-2.36198096177577,0.0474211674728406,0.0985728780834952,-0.085961815000001,"Non-significant",1.00624256293897,"AAMDC","AAMDC_HUMAN"
0.0590767825,10.68942070125,2.18247591225397,0.0644766248060109,0.125804044094876,-6.08710388472684,"APC7_HUMAN",27,2.36072775353397,0.0475119803828755,0.0987372984830518,0.0590767825,"Non-significant",1.00551875953449,"ANAPC7","APC7_HUMAN"
-0.0646722299999993,12.6114722475,-2.19876961591359,0.0629285259016353,0.123555682465615,-6.06276861721518,"DAG1_HUMAN",27,-2.3595928735137,0.0475943701934775,0.0988783048246691,-0.0646722299999993,"Non-significant",1.00489898776095,"DAG1","DAG1_HUMAN"
-0.31777632225,7.666838824625,-2.32575287403751,0.0520774643169989,0.106054831294512,-5.87202945497815,"ITAL_HUMAN",9,-2.35947007819276,0.0476032935079496,0.0988783048246691,-0.31777632225,"Non-significant",1.00489898776095,"ITGAL","ITAL_HUMAN"
0.732525348750001,8.038908004875,2.3343703714978,0.0514135946020367,0.105033384582791,-5.85902528120461,"FACE2_HUMAN",3,2.35790313628396,0.0477173087243618,0.0990907108247465,0.732525348750001,"Non-significant",1.0039670561771,"RCE1","FACE2_HUMAN"
0.0754616255000009,9.92787849875,2.27045801340058,0.0565489869638994,0.113420535050872,-5.95530387292245,"ZN281_HUMAN",21,2.357626093122,0.0477374958402862,0.0991082148861508,0.0754616255000009,"Non-significant",1.0038903462023,"ZNF281","ZN281_HUMAN"
0.320378780499999,8.985969782,2.30813392666187,0.053461976633577,0.108298726518727,-5.89859614781816,"GRTP1_HUMAN",11,2.35670136875014,0.0478049395240766,0.0992237959242654,0.320378780499999,"Non-significant",1.00338416253035,"GRTP1","GRTP1_HUMAN"
0.296255707999999,7.4538125395,2.48901812143431,0.0408620099725533,0.088020925647496,-5.6247305874705,"UBX2A_HUMAN",4,2.35650724843998,0.0478191096682333,0.0992287728689165,0.296255707999999,"Non-significant",1.00336237939484,"UBXN2A","UBX2A_HUMAN"
0.133847713749999,9.553845405375,2.26353378576767,0.0571356350388767,0.114366247386058,-5.96570973087186,"DUOX2_HUMAN",28,2.35527700313579,0.0479090121367336,0.0993908597835412,0.133847713749999,"Non-significant",1.002653552505,"DUOX2","DUOX2_HUMAN"
-0.193430423500002,8.8626117705,-2.8609089516053,0.0236796881901353,0.0579884055068712,-5.05864552364247,"DPOE4_HUMAN",4,-2.35465189738977,0.0479547582345007,0.0994480237776397,-0.193430423500002,"Non-significant",1.00240384271545,"POLE4","DPOE4_HUMAN"
-0.103592635000002,12.49706018,-2.67367883452453,0.031119331426839,0.0714532401516823,-5.34365372694533,"STX7_HUMAN",9,-2.35457807833007,0.0479601633237757,0.0994480237776397,-0.103592635000002,"Non-significant",1.00240384271545,"STX7","STX7_HUMAN"
-0.0448858750000021,14.8367708925,-2.17774700695105,0.0649330336124872,0.126372786959052,-6.09415992507804,"AMRP_HUMAN",23,-2.35439830658519,0.0479733289230285,0.0994508582125448,-0.0448858750000021,"Non-significant",1.00239146477319,"LRPAP1","AMRP_HUMAN"
-0.0987491625000043,13.85765433375,-3.29617137614724,0.0127377452940426,0.0362592933582626,-4.40256129287386,"VATG1_HUMAN",7,-2.35136975237945,0.048195674321927,0.0998832928690062,-0.0987491625000043,"Non-significant",1.0005071486268,"ATP6V1G1","VATG1_HUMAN"
0.127586599999999,12.84801638,2.60958755619507,0.0341948686404767,0.0765750658264022,-5.44128149253648,"NDUF3_HUMAN",8,2.35123450859385,0.0482056276416084,0.0998832928690062,0.127586599999999,"Non-significant",1.0005071486268,"NDUFAF3","NDUF3_HUMAN"
-0.0647902500000015,11.6990175225,-2.13409092689765,0.0693020986669938,0.132677399065193,-6.15914783529294,"HTSF1_HUMAN",40,-2.34899375370176,0.0483708389740987,0.100195857503086,-0.0647902500000015,"Non-significant",0.999150233565986,"HTATSF1","HTSF1_HUMAN"
-0.0971786975000022,8.70491135125,-2.34524082034482,0.0505884039351725,0.103673634031016,-5.84261205960148,"KBTB6_HUMAN",15,-2.34886632427384,0.048380251517091,0.100195857503086,-0.0971786975000022,"Non-significant",0.999150233565986,"KBTBD6","KBTB6_HUMAN"
-0.0522878174999981,11.82843101125,-2.02891025408899,0.0810672530822803,0.149522073573422,-6.31445156713414,"WAC2C_HUMAN",57,-2.34833536603995,0.0484194905031009,0.100252489670999,-0.0522878174999981,"Non-significant",0.998904833301788,"WASHC2C","WAC2C_HUMAN"
-1.23961138725,7.239810585875,-2.28836189299502,0.0550601495703739,0.111002631123818,-5.9283739303571,"CHST3_HUMAN",5,-2.34816249059247,0.0484322733056431,0.100254329983611,-1.23961138725,"Non-significant",0.998896861127936,"CHST3","CHST3_HUMAN"
0.0850439074999993,10.54070734875,2.5921576041314,0.0350846069758642,0.0781522600950209,-5.46782420503443,"RHOD_HUMAN",11,2.34778400366872,0.0484602713705239,0.100278067658016,0.0850439074999993,"Non-significant",0.998794043416917,"RHOD","RHOD_HUMAN"
0.181155445,12.2002495525,2.56522516360057,0.0365067704870392,0.0803434904530688,-5.50882612065365,"VMP1_HUMAN",6,2.34768585541342,0.0484675344214921,0.100278067658016,0.181155445,"Non-significant",0.998794043416917,"VMP1","VMP1_HUMAN"
-0.0661387399999995,12.38564682,-2.34254999838324,0.0507914064745055,0.104013791344414,-5.8466758566175,"PAXX_HUMAN",17,-2.34670442781152,0.0485402212625021,0.100403809821259,-0.0661387399999995,"Non-significant",0.998249807579866,"PAXX","PAXX_HUMAN"
0.97100842,7.79249423725,2.27955221237044,0.0557877214347294,0.112227852976929,-5.94162911915554,"PMS2_HUMAN",15,2.34577287841594,0.0486093156902255,0.100522061323089,0.97100842,"Non-significant",0.997738614269034,"PMS2","PMS2_HUMAN"
0.929185032749999,7.541791617875,2.27988356815111,0.0557601803719807,0.112199226630562,-5.94113070154664,"CENPC_HUMAN",10,2.3438252499648,0.0487540948173523,0.100796729265505,0.929185032749999,"Non-significant",0.996553560003479,"CENPC","CENPC_HUMAN"
0.107696772499997,11.93174922625,2.37081163169481,0.0486999691551429,0.100684827080868,-5.80396429123144,"TPPC4_HUMAN",13,2.34074740150535,0.0489837769631504,0.101246752335065,0.107696772499997,"Non-significant",0.994618898637554,"TRAPPC4","TPPC4_HUMAN"
0.317436217999999,7.55077850825,2.43704116615661,0.044135880689852,0.0930518605139476,-5.70364382918075,"DFFB_HUMAN",4,2.33717836061486,0.0492514799088,0.101775122370992,0.317436217999999,"Non-significant",0.992358366767138,"DFFB","DFFB_HUMAN"
0.0459706775000015,11.18801677125,2.16537820503206,0.0661421575412244,0.128029811944292,-6.11260072663641,"ACS2L_HUMAN",23,2.33412085588506,0.0494819862106058,0.102215135462864,0.0459706775000015,"Non-significant",0.990484791468298,"ACSS1","ACS2L_HUMAN"
0.0503993024999989,15.56674885625,2.13567049606838,0.069139012957861,0.132568867202414,-6.15680139509901,"STT3A_HUMAN",26,2.3340324639221,0.0494886662503201,0.102215135462864,0.0503993024999989,"Non-significant",0.990484791468298,"STT3A","STT3A_HUMAN"
0.648706197749998,6.717980027125,2.29294449325324,0.0546854847429346,0.110418568740247,-5.92147573549168,"SIR4_HUMAN",5,2.33368389111691,0.0495150177747504,0.102244508775936,0.648706197749998,"Non-significant",0.990360007255573,"SIRT4","SIR4_HUMAN"
0.0780763600000007,12.1744956975,2.16042199597653,0.0666329545583571,0.12875955386804,-6.11998388175078,"GNPAT_HUMAN",42,2.33319782346032,0.049551787279811,0.102287612377085,0.0780763600000007,"Non-significant",0.99017695868305,"GNPAT","GNPAT_HUMAN"
0.109022852500006,12.71753442375,2.2887135957263,0.0550313032362235,0.110997572380504,-5.92784458712871,"GOLP3_HUMAN",17,2.33308716079,0.0495601624093028,0.102287612377085,0.109022852500006,"Non-significant",0.99017695868305,"GOLPH3","GOLP3_HUMAN"
-0.190326690749998,8.816607236875,-2.84462306385044,0.0242458524140599,0.0592200202834281,-5.0834036230114,"AP4S1_HUMAN",4,-2.33236756927718,0.0496146570472863,0.10237501695265,-0.190326690749998,"Non-significant",0.989806013315122,"AP4S1","AP4S1_HUMAN"
-0.0752751824999969,11.75331127625,-2.67574384991365,0.0310251523527325,0.071334154168353,-5.34050785596122,"NIPS2_HUMAN",11,-2.3306326930645,0.0497462874358459,0.102621501908161,-0.0752751824999969,"Non-significant",0.988761633554601,"NIPSNAP2","NIPS2_HUMAN"
0.409813404000003,9.117279768,2.70272432063178,0.0298215373613748,0.0692467598950492,-5.29940629038262,"PAB4L_HUMAN",1,2.32895496607439,0.0498739162390424,0.102859613403202,0.409813404000003,"Non-significant",0.987755112303199,"PABPC4L","PAB4L_HUMAN"
-0.0441608450000004,12.34230566,-1.97313700478312,0.0880852095421644,0.15922586987581,-6.39595602926446,"CUL3_HUMAN",42,-2.32792171443393,0.0499526822320118,0.102996858741103,-0.0441608450000004,"Non-significant",0.987176020461903,"CUL3","CUL3_HUMAN"
0.365400791500001,8.129295349,2.2630095363735,0.0571803009346712,0.114428479719455,-5.96649736942205,"SMBP2_HUMAN",16,2.32633946194993,0.0500735420237369,0.103200056790336,0.365400791500001,"Non-significant",0.986320063719245,"IGHMBP2","SMBP2_HUMAN"
0.0879728799999988,12.4232758275,2.31248897588031,0.053116318758252,0.107753899112709,-5.89203209225244,"LDAH_HUMAN",16,2.32631100196206,0.0500757186229061,0.103200056790336,0.0879728799999988,"Non-significant",0.986320063719245,"LDAH","LDAH_HUMAN"
-0.0809876925000008,10.25820624875,-2.20640329761923,0.0622161150071481,0.12232788276073,-6.05135530663242,"RFIP1_HUMAN",26,-2.32603973823713,0.0500964694562602,0.10321758519844,-0.0809876925000008,"Non-significant",0.986246305576667,"RAB11FIP1","RFIP1_HUMAN"
-0.101570844499999,9.20986855025,-2.25493993802414,0.0578722906002209,0.115484265499352,-5.97861738578419,"GAN_HUMAN",20,-2.32485161056699,0.0501874595735962,0.103379789038573,-0.101570844499999,"Non-significant",0.98556435840819,"GAN","GAN_HUMAN"
0.16921997,16.54680872,3.95874117234361,0.00520802759072875,0.0187360070688232,-3.43928085480975,"PAL4H_HUMAN",3,2.32453859197238,0.050211459082272,0.103403955192883,0.16921997,"Non-significant",0.98546284919573,"PPIAL4H","PAL4H_HUMAN"
-0.0641965874999961,17.05906343375,-2.11708953794754,0.0710818969877072,0.13521762800934,-6.18437855488365,"AL7A1_HUMAN",38,-2.32419023295362,0.0502381817654667,0.103427152336931,-0.0641965874999961,"Non-significant",0.985365432595119,"ALDH7A1","AL7A1_HUMAN"
0.228688001749999,9.261391043625,2.26856498560304,0.0567087650981928,0.113673764806817,-5.95814926736382,"CY24B_HUMAN",15,2.32407187781754,0.0502472640668799,0.103427152336931,0.228688001749999,"Non-significant",0.985365432595119,"CYBB","CY24B_HUMAN"
0.512807369,6.8379324675,2.2581169401655,0.0575988514153212,0.115047563644489,-5.97384659974327,"MADD_HUMAN",18,2.32377572947328,0.0502699970528276,0.103448682899972,0.512807369,"Non-significant",0.985275034364276,"MADD","MADD_HUMAN"
-0.0686657425000003,15.30456912625,-2.43899653072342,0.0440079789759664,0.0929216570111275,-5.70067771179839,"NDUB9_HUMAN",14,-2.3234775334634,0.0502928976814362,0.103470547853753,-0.0686657425000003,"Non-significant",0.985183251413267,"NDUFB9","NDUB9_HUMAN"
0.12062859525,8.866031766125,2.21452945590609,0.0614666404294368,0.121278631128212,-6.03919742340012,"SMCA1_HUMAN",37,2.32239857821596,0.0503758462218072,0.103615912104347,0.12062859525,"Non-significant",0.984573545667362,"SMARCA1","SMCA1_HUMAN"
-0.0314195124999994,11.85770738125,-1.72922959417501,0.1263588323725,0.210406676820981,-6.74341346727061,"SLK_HUMAN",54,-2.3216248292287,0.0504354156990624,0.103713129770041,-0.0314195124999994,"Non-significant",0.984166259756356,"SLK","SLK_HUMAN"
0.208468675499999,8.24376118175,3.02258673919971,0.0187581242147265,0.0485122748215774,-4.81349160943165,"FGF2_HUMAN",3,2.32139985965313,0.0504527489809643,0.103723468575743,0.208468675499999,"Non-significant",0.984122968588783,"FGF2","FGF2_HUMAN"
-0.13810205475,9.906173229375,-3.14287363311382,0.0158042065881763,0.0428064451580134,-4.63209883138977,"YPEL5_HUMAN",5,-2.31860421451516,0.0506686464121715,0.104141921630869,-0.13810205475,"Non-significant",0.982374412967384,"YPEL5","YPEL5_HUMAN"
0.316884517500001,7.52850294125,2.27605732367073,0.0560790421361145,0.11276007780661,-5.94688534665333,"OFUT4_HUMAN",10,2.3182265454367,0.050697883592925,0.104176611605257,0.316884517500001,"Non-significant",0.982229772311948,"FUT11","OFUT4_HUMAN"
0.7348226305,6.99348431825,2.27159214381612,0.0564534802674717,0.113296758374885,-5.9535989859666,"T120B_HUMAN",5,2.31804430294354,0.0507119979317649,0.104180217052607,0.7348226305,"Non-significant",0.982214742078487,"TMEM120B","T120B_HUMAN"
0.277701378000001,7.94936978825,2.47033506895134,0.0420091243500529,0.0898115478124982,-5.65311142520846,"ZCRB1_HUMAN",4,2.31731750371767,0.0507683264968715,0.10427052242742,0.277701378000001,"Non-significant",0.981838450504576,"ZCRB1","ZCRB1_HUMAN"
0.859225273,7.0465164185,2.26127555382383,0.0573282869393984,0.114615780505737,-5.96910230978349,"ENTP4_HUMAN",6,2.31700591317544,0.0507924947326928,0.104294747406058,0.859225273,"Non-significant",0.981737563385617,"ENTPD4","ENTP4_HUMAN"
0.0912528039999998,9.711236,2.18958471827158,0.0637965612143638,0.124881842655799,-6.07649100672743,"SYRM_HUMAN",32,2.31672482548865,0.050814306971821,0.104314124078295,0.0912528039999998,"Non-significant",0.981656884344553,"RARS2","SYRM_HUMAN"
0.124152183500001,9.46040081975,2.31907813460855,0.0525976419587302,0.106957257033889,-5.88209733163617,"GGA2_HUMAN",13,2.31573678311026,0.0508910532753555,0.104446235222296,0.124152183500001,"Non-significant",0.98110720960085,"GGA2","GGA2_HUMAN"
0.040076495000001,15.6607323875,1.89382617099073,0.0990987297657873,0.174676535590929,-6.51067112305261,"DDX3X_HUMAN",49,2.31554618218681,0.0509058716332077,0.104451215188975,0.040076495000001,"Non-significant",0.981086503057572,"DDX3X","DDX3X_HUMAN"
-0.0763814475000029,11.04785120375,-2.17039392875011,0.0656491481289208,0.127238815079866,-6.10512532776766,"PPCEL_HUMAN",30,-2.3147029574579,0.0509714806202987,0.104560382124239,-0.0763814475000029,"Non-significant",0.98063283826086,"PREPL","PPCEL_HUMAN"
0.111815212499998,10.22001063875,2.23986845193639,0.0591874071113519,0.117662890222072,-6.00123399861256,"REQU_HUMAN",21,2.31448761079265,0.0509882497783112,0.104569332696201,0.111815212499998,"Non-significant",0.980595663400094,"DPF2","REQU_HUMAN"
-2.0511602155,9.73192697725,-2.25002905742753,0.0582975399349186,0.116157931773735,-5.98598963078191,"LCAT_HUMAN",6,-2.31416905267107,0.0510130662418806,0.104592644452735,-2.0511602155,"Non-significant",0.980498856443054,"LCAT","LCAT_HUMAN"
0.1308524625,13.64160621125,3.31305065870638,0.0124411459392703,0.0355962047257668,-4.37741513800644,"CD47_HUMAN",5,2.31402318205998,0.0510244339767049,0.104592644452735,0.1308524625,"Non-significant",0.980498856443054,"CD47","CD47_HUMAN"
1.31294286275,6.902268707625,2.25410986935298,0.0579439486863425,0.115599891947262,-5.97986368206133,"TM129_HUMAN",4,2.31144120171361,0.0512260705156155,0.104980439673261,1.31294286275,"Non-significant",0.978891612675982,"TMEM129","TM129_HUMAN"
0.0654978749999948,16.6953752025,2.3845852120661,0.0477126712467515,0.0990566763396228,-5.78312580197422,"RS18_HUMAN",15,2.31106512338363,0.0512555066603405,0.105015232289745,0.0654978749999948,"Non-significant",0.978747702648248,"RPS18","RS18_HUMAN"
1.26923680325,8.135876774875,2.24804668906524,0.0584700910084156,0.116456615574181,-5.98896479583593,"BRD9_HUMAN",7,2.31045087972898,0.0513036208947241,0.105074197016422,1.26923680325,"Non-significant",0.978503920215409,"BRD9","BRD9_HUMAN"
0.148518565,11.179041385,2.54441547222313,0.0376463147448159,0.0824423972418948,-5.54049473206378,"RT24_HUMAN",7,2.31037946812812,0.0513092175726173,0.105074197016422,0.148518565,"Non-significant",0.978503920215409,"MRPS24","RT24_HUMAN"
0.0719613999999975,11.7416429525,2.23690956944065,0.059449110042277,0.117960581107898,-6.00567106103355,"RM44_HUMAN",20,2.30988947538329,0.0513476358970914,0.105127331303518,0.0719613999999975,"Non-significant",0.97828436017356,"MRPL44","RM44_HUMAN"
0.129064321500001,8.73370993125,2.26727936831877,0.0568175355214526,0.113864718713819,-5.96008144704359,"TRAF7_HUMAN",16,2.30967231676958,0.0513646716620233,0.105136672520445,0.129064321500001,"Non-significant",0.978245772123349,"TRAF7","TRAF7_HUMAN"
0.127407070750003,10.047590017125,2.40063911495149,0.0465876308741396,0.0972720189839294,-5.75882001168024,"DERPC_HUMAN",10,2.30759840391973,0.0515276535029904,0.105444668943119,0.127407070750003,"Non-significant",0.976975372369372,"DERPC","DERPC_HUMAN"
0.115938422499999,10.55762064375,2.34662797252861,0.0504840758814979,0.10351016190833,-5.84051688308533,"TPSNR_HUMAN",12,2.30530854761957,0.0517082094982909,0.105788470354634,0.115938422499999,"Non-significant",0.975561662491908,"TAPBPL","TPSNR_HUMAN"
0.123423576499999,9.43146967875,2.56899321986547,0.0363042679790119,0.080024229359208,-5.50309060800863,"CRTC1_HUMAN",8,2.30508361244863,0.0517259799796066,0.105799147111891,0.123423576499999,"Non-significant",0.975517833303596,"CRTC1","CRTC1_HUMAN"
0.152775048999999,9.474589467,2.64308603543836,0.0325499038703736,0.0738312639595254,-5.39025812574739,"ZFAN5_HUMAN",6,2.30302749724232,0.0518887032993516,0.106106230012187,0.152775048999999,"Non-significant",0.974259115811362,"ZFAND5","ZFAN5_HUMAN"
1.27990150475,8.064910888875,2.23815757326793,0.0593385866139304,0.117839098437392,-6.00379971349507,"CHST9_HUMAN",10,2.30233473468425,0.0519436450912288,0.106192816995869,1.27990150475,"Non-significant",0.973904858438729,"CHST9","CHST9_HUMAN"
0.124128339999999,10.6046609875,2.30391207267422,0.053799238457721,0.108877258333765,-5.9049577164753,"ASCC1_HUMAN",13,2.30145037211757,0.0520138672853138,0.106310593440327,0.124128339999999,"Non-significant",0.97342345755148,"ASCC1","ASCC1_HUMAN"
-0.0901820675000007,12.68089353875,-3.51233784708261,0.00944811013948549,0.0291287931110911,-4.08269258000676,"NHP2_HUMAN",7,-2.29894470268432,0.0522133465461187,0.106692435887814,-0.0901820675000007,"Non-significant",0.971866369409918,"NHP2","NHP2_HUMAN"
-0.0666348925000015,13.50072252625,-2.16625444705626,0.0660557630471948,0.127908115489273,-6.11129504057453,"NXP20_HUMAN",25,-2.29875008909856,0.0522288720829258,0.106698294422439,-0.0666348925000015,"Non-significant",0.971842522739013,"FAM114A1","NXP20_HUMAN"
0.166228533000002,8.917440772,2.55704565322499,0.0369503764151024,0.0811291281070327,-5.52127526326982,"KLF13_HUMAN",6,2.29727149190511,0.0523469805164486,0.106913665804009,0.166228533000002,"Non-significant",0.970966779319302,"KLF13","KLF13_HUMAN"
0.294807553250001,7.928386747875,2.25101073361512,0.0582122821362985,0.116073697151663,-5.98451615150382,"Z280D_HUMAN",11,2.29610920784437,0.0524400105302747,0.107077724990234,0.294807553250001,"Non-significant",0.970300864555366,"ZNF280D","Z280D_HUMAN"
-0.0630197525000042,13.89739751625,-2.29286648884475,0.0546918406086761,0.110418568740247,-5.92159317337091,"PEX14_HUMAN",17,-2.29359142364185,0.0526421054356561,0.107464351348304,-0.0630197525000042,"Non-significant",0.968735578356035,"PEX14","PEX14_HUMAN"
0.0647311200000011,10.064021825,2.14797608632434,0.0678815392851044,0.130688305148552,-6.13850845968602,"DUS2_HUMAN",26,2.29173691508662,0.0527914611332026,0.107730020904284,0.0647311200000011,"Non-significant",0.96766325588234,"DUS2","DUS2_HUMAN"
0.194315672000002,7.83607065675,2.27369886789877,0.056276502300405,0.113049246398978,-5.95043167712653,"RNF10_HUMAN",11,2.29165823520103,0.052797807136742,0.107730020904284,0.194315672000002,"Non-significant",0.96766325588234,"RNF10","RNF10_HUMAN"
-0.111149310750001,9.064714193375,-2.25638855873047,0.0577474482430851,0.115289730279717,-5.97644218635807,"PPM1H_HUMAN",16,-2.29070064926477,0.0528751035700782,0.107861628265293,-0.111149310750001,"Non-significant",0.967133027944628,"PPM1H","PPM1H_HUMAN"
0.85737705225,6.581650495625,2.2703804618322,0.0565555236467926,0.113420535050872,-5.95542044763592,"UMAD1_HUMAN",2,2.29010337553079,0.0529233730722193,0.107933973294395,0.85737705225,"Non-significant",0.966841835280066,"UMAD1","UMAD1_HUMAN"
-0.0262978049999987,13.74824345,-1.52738372531348,0.169481476427149,0.263183375977236,-7.01635788608081,"TGO1_HUMAN",95,-2.28860385011654,0.0530447542763121,0.108155354086849,-0.0262978049999987,"Non-significant",0.965951976522448,"MIA3","TGO1_HUMAN"
0.11390328425,8.310732483875,2.23338739526866,0.0597621536345385,0.118442321416771,-6.01095146557379,"AKA10_HUMAN",18,2.28802065156575,0.0530920375303117,0.108225582670616,0.11390328425,"Non-significant",0.96567006733091,"AKAP10","AKA10_HUMAN"
-0.181504487500002,8.7517148255,-2.60873056798339,0.0342380642209408,0.0766443611700322,-5.44258664434913,"CAST2_HUMAN",5,-2.28779244441317,0.0531105511049435,0.108227058086152,-0.181504487500002,"Non-significant",0.965664146730231,"CASTOR2","CAST2_HUMAN"
0.168574094749999,8.618385434125,2.21487862652348,0.0614346404913379,0.121243873730154,-6.038674826617,"SIK2_HUMAN",23,2.28768532443684,0.0531192435734213,0.108227058086152,0.168574094749999,"Non-significant",0.965664146730231,"SIK2","SIK2_HUMAN"
0.674934268000003,7.10982650525,2.26937749372587,0.0566401308157004,0.113563192827198,-5.95692804050492,"SP2_HUMAN",3,2.28746206749536,0.0531373648007454,0.108227058086152,0.674934268000003,"Non-significant",0.965664146730231,"SP2","SP2_HUMAN"
-0.0573627949999995,13.57689917,-2.14579287553789,0.068102957851174,0.130999505186569,-6.1417555954707,"SNX5_HUMAN",24,-2.28729703398274,0.0531507641601722,0.108227058086152,-0.0573627949999995,"Non-significant",0.965664146730231,"SNX5","SNX5_HUMAN"
0.0641961075000008,15.43885350125,2.15115693068731,0.0675602279250712,0.13025278160577,-6.13377624653372,"AAAD_HUMAN",25,2.28722073012267,0.0531569605500854,0.108227058086152,0.0641961075000008,"Non-significant",0.965664146730231,"AADAC","AAAD_HUMAN"
0.110217092499997,10.77547502625,2.23284517280528,0.0598104924319215,0.118510258746748,-6.01176422778563,"PPM1L_HUMAN",18,2.2867380830116,0.0531961715585261,0.108280736553204,0.110217092499997,"Non-significant",0.965448798709584,"PPM1L","PPM1L_HUMAN"
-0.0945763574999958,10.77785611125,-2.44173941009366,0.0438292044643509,0.0926602368773548,-5.69651663495786,"WIPI3_HUMAN",11,-2.28563542517617,0.053285862131229,0.108437115380041,-0.0945763574999958,"Non-significant",0.964822043942839,"WDR45B","WIPI3_HUMAN"
0.0991852299999998,11.6125425125,2.78573279630148,0.0264144489573623,0.0632013980270378,-5.17299736212187,"GPC5C_HUMAN",8,2.28454959061686,0.0533743325533901,0.108590936300392,0.0991852299999998,"Non-significant",0.964206422251737,"GPRC5C","GPC5C_HUMAN"
0.257107496499996,8.543070197,2.2142579305899,0.061491536096429,0.121299358239363,-6.03960379935357,"DIP2A_HUMAN",25,2.28393011414267,0.0534248715682051,0.108651686429763,0.257107496499996,"Non-significant",0.963963528418873,"DIP2A","DIP2A_HUMAN"
0.180456162500001,11.36593556375,2.35228353984462,0.0500609778344697,0.10286786498458,-5.83197296440194,"CIA2B_HUMAN",8,2.28386761971193,0.0534299727430735,0.108651686429763,0.180456162500001,"Non-significant",0.963963528418873,"CIAO2B","CIA2B_HUMAN"
-0.0506854074999996,12.50462460625,-2.23483784798903,0.0596330398872661,0.118242035570399,-6.00877714215436,"HEM3_HUMAN",19,-2.28281677807667,0.0535158220334749,0.108779519690298,-0.0506854074999996,"Non-significant",0.963452863118877,"HMBS","HEM3_HUMAN"
0.0872268675000001,14.13404917625,2.13441277087738,0.0692688381668103,0.132666902274039,-6.15866976932844,"TNPO1_HUMAN",44,2.28278223845226,0.0535186461212085,0.108779519690298,0.0872268675000001,"Non-significant",0.963452863118877,"TNPO1","TNPO1_HUMAN"
0.111245632499998,10.44734191875,2.27797709415943,0.0559188275429025,0.112464757184234,-5.94399821770217,"ARY1_HUMAN",14,2.28212285080615,0.0535725887746487,0.108859337940889,0.111245632499998,"Non-significant",0.963134311296669,"NAT1","ARY1_HUMAN"
-0.0524678249999937,18.2122900475,-2.11394271389514,0.0714162815604169,0.135578341728098,-6.18904351369455,"MDHM_HUMAN",25,-2.28198655229642,0.053583745772541,0.108859337940889,-0.0524678249999937,"Non-significant",0.963134311296669,"MDH2","MDHM_HUMAN"
0.38892912875,7.942214250625,2.26593837501264,0.0569312155210547,0.11401795860731,-5.96209666106375,"S35A1_HUMAN",6,2.28177452013827,0.0536011067383308,0.108868368360817,0.38892912875,"Non-significant",0.963098285917879,"SLC35A1","S35A1_HUMAN"
0.0820159900000039,10.6102964875,2.14739865569805,0.0679400315857411,0.13074578224571,-6.13936735406382,"THOC1_HUMAN",31,2.28115745853234,0.0536516631859351,0.108944801010418,0.0820159900000039,"Non-significant",0.962793490028654,"THOC1","THOC1_HUMAN"
-0.070359229750002,9.256119012875,-2.5360841968242,0.0381127647278977,0.0831614014733238,-5.55316994487081,"SDS3_HUMAN",12,-2.28054292252458,0.0537020602377832,0.109020873252475,-0.070359229750002,"Non-significant",0.962490343614393,"SUDS3","SDS3_HUMAN"
0.0886757349999989,10.7949095975,2.31255027014851,0.0531114700619996,0.107753899112709,-5.89193969494646,"MUL1_HUMAN",14,2.27968091599065,0.0537728319350031,0.109138261589247,0.0886757349999989,"Non-significant",0.962022968165208,"MUL1","MUL1_HUMAN"
0.085620880000004,16.644005775,2.26648018912216,0.056885256703434,0.113973336998632,-5.96128245880817,"SUCA_HUMAN",16,2.2793064196552,0.0538036076363792,0.109174436390717,0.085620880000004,"Non-significant",0.961879041431199,"SUCLG1","SUCA_HUMAN"
-0.141887903250002,9.207733273625,-2.30311558235154,0.0538631071379912,0.10897053169289,-5.90615768995567,"RAVR1_HUMAN",11,-2.27833254321346,0.0538837224507138,0.10931068508714,-0.141887903250002,"Non-significant",0.961337383818151,"RAVER1","RAVR1_HUMAN"
0.160021901249999,7.495748460375,2.3382730718988,0.0511157735321487,0.104576421141379,-5.85313378844427,"PDP2_HUMAN",9,2.27693447120304,0.0539989423644396,0.109509866183691,0.160021901249999,"Non-significant",0.96054675172697,"PDP2","PDP2_HUMAN"
0.59921336175,7.779470682125,2.30654312554274,0.0535888052199338,0.108503492481101,-5.90099339814325,"CXB2_HUMAN",2,2.27682601344772,0.0540078910577295,0.109509866183691,0.59921336175,"Non-significant",0.96054675172697,"GJB2","CXB2_HUMAN"
0.181916952000002,9.61170446875,2.58898270094887,0.0352492365860582,0.0782827858535635,-5.47265845401055,"F133B_HUMAN",5,2.27658020250936,0.0540281780678675,0.109524654385295,0.181916952000002,"Non-significant",0.96048810860216,"FAM133B","F133B_HUMAN"
-0.0263714774999997,14.43145203625,-1.57729019582068,0.157704591402329,0.249632300644175,-6.95035585219836,"CSDE1_HUMAN",55,-2.27410904186641,0.0542325501918238,0.10991251877059,-0.0263714774999997,"Non-significant",0.958952839666096,"CSDE1","CSDE1_HUMAN"
0.380858898250001,7.446964740875,2.31169234759266,0.0531793770318171,0.107855863571027,-5.89323292772323,"C1QC_HUMAN",4,2.27392107986623,0.0542481268665722,0.10991765898037,0.380858898250001,"Non-significant",0.958932529763547,"C1QC","C1QC_HUMAN"
-0.0636939975000033,16.87609100375,-2.1210037945769,0.0706681385163065,0.134582408394475,-6.17857370420664,"ROA1_HUMAN",27,-2.27212377930045,0.0543972982930334,0.110193421608262,-0.0636939975000033,"Non-significant",0.957844331477955,"HNRNPA1","ROA1_HUMAN"
0.0693590649999987,11.459688305,2.19960778240426,0.062849905827606,0.123430069016983,-6.06151582547076,"MGME1_HUMAN",20,2.27166883192342,0.054435122932157,0.110243549061786,0.0693590649999987,"Non-significant",0.957646814003766,"MGME1","MGME1_HUMAN"
-0.0933799749999977,15.324177265,-2.4283417765704,0.044709540797955,0.0941435721673652,-5.71683733828445,"UB2V1_HUMAN",11,-2.27023665610625,0.0545543671709306,0.110458506097472,-0.0933799749999977,"Non-significant",0.956800834713753,"UBE2V1","UB2V1_HUMAN"
0.083559272499997,13.80075490625,2.61095151916568,0.0341262358784788,0.0764823297579628,-5.43920422098493,"SC11C_HUMAN",10,2.2686580918023,0.054686103079669,0.110698646219628,0.083559272499997,"Non-significant",0.95585769025895,"SEC11C","SC11C_HUMAN"
-0.0373051124999986,14.11035978625,-1.81656486541237,0.111106031560557,0.191359366576203,-6.62089656755731,"AP3B1_HUMAN",53,-2.26792674718999,0.0547472439529187,0.110795802948176,-0.0373051124999986,"Non-significant",0.955476690789638,"AP3B1","AP3B1_HUMAN"
-0.09296346,11.0703452825,-2.26525657254194,0.0569891019730619,0.11410003338027,-5.96312118301535,"QORL1_HUMAN",15,-2.26758293284442,0.0547760107081378,0.110827411007896,-0.09296346,"Non-significant",0.955352812015677,"CRYZL1","QORL1_HUMAN"
0.0568859574999987,11.61586845125,2.03634394470204,0.080174450515265,0.148232165692733,-6.3035409401109,"AT2B4_HUMAN",39,2.26739691317725,0.0547915811819633,0.110832310483026,0.0568859574999987,"Non-significant",0.955333613083193,"ATP2B4","AT2B4_HUMAN"
-0.0467414875000021,11.46797108625,-1.98650299027698,0.0863508597791938,0.156830725507181,-6.37648266503627,"TBCE_HUMAN",35,-2.26681894363045,0.0548399874755776,0.110903611907784,-0.0467414875000021,"Non-significant",0.955054309521932,"TBCE","TBCE_HUMAN"
0.0822129274999988,13.32924056125,2.19656444633124,0.063135842613636,0.12385077849873,-6.06606420053782,"ACADL_HUMAN",20,2.26632682089476,0.0548812376615575,0.110960410709827,0.0822129274999988,"Non-significant",0.954831944430434,"ACADL","ACADL_HUMAN"
0.140124560999997,9.95243418275,2.21287275891181,0.0616186977665673,0.121501794227114,-6.04167675914454,"ZGPAT_HUMAN",17,2.26524177786358,0.0549722968071363,0.111098887479774,0.140124560999997,"Non-significant",0.954290289968352,"ZGPAT","ZGPAT_HUMAN"
0.0412559500000036,12.822404145,1.81752718950318,0.110948200350631,0.191165654283621,-6.61953377815012,"UBR4_HUMAN",217,2.26509674354394,0.0549844798584472,0.111098887479774,0.0412559500000036,"Non-significant",0.954290289968352,"UBR4","UBR4_HUMAN"
-0.0873496525000022,15.23373901625,-2.72694968024478,0.0287822463355869,0.0675405218158859,-5.26250542572914,"COPZ1_HUMAN",9,-2.26503972520132,0.0549892702059101,0.111098887479774,-0.0873496525000022,"Non-significant",0.954290289968352,"COPZ1","COPZ1_HUMAN"
0.0809819700000016,11.0387879625,2.11117396748249,0.0717117854961066,0.13601679566757,-6.19314666957994,"MAP1S_HUMAN",40,2.26388151249519,0.0550866669806849,0.111262067616225,0.0809819700000016,"Non-significant",0.953652873696163,"MAP1S","MAP1S_HUMAN"
-0.28936672225,9.266283273625,-3.34195113152092,0.0119503333605484,0.0345494902402925,-4.33442350866481,"TSN31_HUMAN",1,-2.26376543971283,0.0550964373270998,0.111262067616225,-0.28936672225,"Non-significant",0.953652873696163,"TSPAN31","TSN31_HUMAN"
0.0470185275000006,13.21123003875,2.06096887509174,0.0772857352330178,0.144060473745933,-6.2673233256194,"SGPL1_HUMAN",26,2.26249659508137,0.0552033546749562,0.11144131093347,0.0470185275000006,"Non-significant",0.952953787755812,"SGPL1","SGPL1_HUMAN"
0.0931239099999992,13.253572465,2.24076801292028,0.0591080742776824,0.117532898817312,-5.99988483596248,"PARVA_HUMAN",16,2.26239837024225,0.0552116401065574,0.11144131093347,0.0931239099999992,"Non-significant",0.952953787755812,"PARVA","PARVA_HUMAN"
0.0532460274999984,17.78869938875,2.00305461988165,0.0842495368148097,0.154177018196272,-6.35231554126633,"SCP2_HUMAN",42,2.26215825648705,0.0552318993510048,0.111455513437783,0.0532460274999984,"Non-significant",0.952898443142644,"SCP2","SCP2_HUMAN"
0.114627362499998,11.75077295375,2.30076339718074,0.0540521718996719,0.109310402337412,-5.90970107592327,"UB2J1_HUMAN",12,2.26192435397057,0.055251641687943,0.111468666296714,0.114627362499998,"Non-significant",0.952847195098861,"UBE2J1","UB2J1_HUMAN"
0.087309359999999,10.5866472725,2.13458350581498,0.0692512002741779,0.13266326525251,-6.1584161537246,"AFG2B_HUMAN",32,2.26097550513181,0.0553318009308554,0.111603673138593,0.087309359999999,"Non-significant",0.952321511513399,"AFG2B","AFG2B_HUMAN"
0.177747250000003,11.7113235,2.25073145421401,0.0582365245289337,0.116073697151663,-5.98493535633395,"FUCM_HUMAN",11,2.26055683930997,0.0553672070462935,0.11164837038115,0.177747250000003,"Non-significant",0.952147611505567,"FUOM","FUCM_HUMAN"
-0.0528845799999935,16.3812234425,-2.33705231555615,0.0512087425486452,0.104715791106873,-5.85497677697983,"CY1_HUMAN",16,-2.26027729625461,0.0553908603266201,0.111669352234652,-0.0528845799999935,"Non-significant",0.952066003085814,"CYC1","CY1_HUMAN"
-0.101658347499995,16.26357626875,-2.24656476433266,0.0585994181980737,0.116669794301626,-5.99118859339007,"RAB1B_HUMAN",15,-2.25977272207442,0.0554335800202213,0.111714374717171,-0.101658347499995,"Non-significant",0.951890940951689,"RAB1B","RAB1B_HUMAN"
0.0728738307500016,8.843954444125,2.18877304530783,0.0638738448657909,0.124946075278197,-6.07770311644819,"SFSWA_HUMAN",20,2.25970047177124,0.0554396997795619,0.111714374717171,0.0728738307500016,"Non-significant",0.951890940951689,"SFSWAP","SFSWA_HUMAN"
-0.056049107499998,13.55066645125,-3.04639437601002,0.0181300783202437,0.0474149643690146,-4.77751188342138,"PBDC1_HUMAN",11,-2.25886579073694,0.0555104481501813,0.111805430258503,-0.056049107499998,"Non-significant",0.951537102764161,"PBDC1","PBDC1_HUMAN"
0.272544384000001,9.48842382425,2.33737544030955,0.0511841176700548,0.104690834224919,-5.85448896473494,"B3KNS4_HUMAN",5,2.25885437930734,0.0555114160199117,0.111805430258503,0.272544384000001,"Non-significant",0.951537102764161,"ERVK3-1","B3KNS4_HUMAN"
0.183042047500001,11.41299438625,3.25005662058737,0.0135872637800862,0.0380008342607205,-4.47139600050133,"ZN706_HUMAN",3,2.25847021137615,0.0555440093949096,0.111843361636484,0.183042047500001,"Non-significant",0.951389787966113,"ZNF706","ZN706_HUMAN"
0.122230532499998,12.70153093375,2.26024673203696,0.0574162739275397,0.114764470698419,-5.97064773881876,"KITM_HUMAN",13,2.25831967072416,0.055556786709213,0.111843361636484,0.122230532499998,"Non-significant",0.951389787966113,"TK2","KITM_HUMAN"
0.249587535500002,8.82179617875,2.28068842806368,0.0556933406203291,0.112118263216803,-5.93992000230658,"TRPT1_HUMAN",7,2.25780882454989,0.0556001673105053,0.111889623635659,0.249587535500002,"Non-significant",0.951210186990194,"TRPT1","TRPT1_HUMAN"
0.0794076949999987,12.8840293875,2.12233083033213,0.0705284085803461,0.134407405815903,-6.1766051514396,"BLT3A_HUMAN",31,2.25761650774447,0.0556165074643992,0.111889623635659,0.0794076949999987,"Non-significant",0.951210186990194,"BLTP3A","BLT3A_HUMAN"
1.194623232,8.643008113,2.20278708749342,0.0625525818463425,0.122903429459865,-6.05676294048278,"GTR6_HUMAN",4,2.2575063399497,0.0556258700112202,0.111889623635659,1.194623232,"Non-significant",0.951210186990194,"SLC2A6","GTR6_HUMAN"
0.194714784249999,8.741353869375,2.23807440814501,0.0593459452920549,0.117839098437392,-6.00392442305319,"ATG4C_HUMAN",11,2.25738310773423,0.055636344699396,0.111889623635659,0.194714784249999,"Non-significant",0.951210186990194,"ATG4C","ATG4C_HUMAN"
0.0845701694999974,9.6717482805,2.13006274173853,0.0697197348986006,0.133227759115916,-6.16512992839149,"GCP3_HUMAN",31,2.25726790579597,0.0556461386025249,0.111889623635659,0.0845701694999974,"Non-significant",0.951210186990194,"TUBGCP3","GCP3_HUMAN"
0.510544657249998,8.315285265375,2.20765295695335,0.0621002646171888,0.122185604682139,-6.04948618911922,"CHSTE_HUMAN",8,2.25705055798442,0.055664621144944,0.111900093401081,0.510544657249998,"Non-significant",0.951169550973373,"CHST14","CHSTE_HUMAN"
-0.0489721299999992,14.03285265,-1.93086679810146,0.093797508761601,0.167433121844882,-6.4572798174217,"SYIC_HUMAN",64,-2.25641125284523,0.0557190211684736,0.111982744260626,-0.0489721299999992,"Non-significant",0.950848893845473,"IARS1","SYIC_HUMAN"
0.0750052924999984,11.17338430875,2.18578775279619,0.0641588984746879,0.125387283849558,-6.08216042795854,"FA12_HUMAN",20,2.25622206996299,0.055735129397306,0.11198841613585,0.0750052924999984,"Non-significant",0.950826897583915,"F12","FA12_HUMAN"
-0.0377516724999989,15.59925627625,-2.05769726235427,0.0776635138344311,0.144544326379762,-6.27214161565432,"ERLN2_HUMAN",23,-2.25531175476204,0.0558127045824464,0.112117561231039,-0.0377516724999989,"Non-significant",0.950326357535203,"ERLIN2","ERLN2_HUMAN"
0.254117723249998,10.268818020875,4.20653107389097,0.00379014527190818,0.0149635290383672,-3.0933994426746,"T184C_HUMAN",1,2.25424860259845,0.0559034409996286,0.112273077004019,0.254117723249998,"Non-significant",0.94972437473058,"TMEM184C","T184C_HUMAN"
-0.2317736125,10.94479286625,-2.69146586123084,0.0303177669036098,0.0700190496212218,-5.31655692747094,"EPN3_HUMAN",3,-2.25394857165398,0.0559290743120116,0.112273361657403,-0.2317736125,"Non-significant",0.949723273636351,"EPN3","EPN3_HUMAN"
-0.0351429000000021,15.14192915,-1.83630772361485,0.10791077050483,0.186848784836733,-6.59288510025111,"PGM2_HUMAN",37,-2.25393513544158,0.0559302225174322,0.112273361657403,-0.0351429000000021,"Non-significant",0.949723273636351,"PGM2","PGM2_HUMAN"
-0.10398722,13.2926132675,-2.35905669632058,0.0495590134547112,0.102085269894859,-5.821737241574,"CNPY3_HUMAN",11,-2.2530950282059,0.0560020616055022,0.112390804112566,-0.10398722,"Non-significant",0.949269221565434,"CNPY3","CNPY3_HUMAN"
-0.603214144500001,6.62271922825,-2.20793268502331,0.0620743619520109,0.122163155940579,-6.04906777185543,"NATD1_HUMAN",6,-2.25282369751612,0.0560252832992781,0.11241064340148,-0.603214144500001,"Non-significant",0.949192566420927,"NATD1","NATD1_HUMAN"
0.0906558035000025,9.0194199085,2.18386399296162,0.064343265753039,0.125631083398741,-6.08503213278422,"WDCP_HUMAN",20,2.25222487885931,0.0560765669721213,0.112463241092705,0.0906558035000025,"Non-significant",0.948989404657362,"WDCP","WDCP_HUMAN"
0.484874844749998,7.941961944125,2.21000577995976,0.0618827324009305,0.121899871794214,-6.04596652343836,"UN93B_HUMAN",7,2.25220602109995,0.0560781827396655,0.112463241092705,0.484874844749998,"Non-significant",0.948989404657362,"UNC93B1","UN93B_HUMAN"
0.244880676250002,7.961436033375,2.2370045177138,0.0594406941265148,0.117960581107898,-6.0055286951882,"FBX9_HUMAN",9,2.25154308384898,0.0561350140294577,0.112539908221715,0.244880676250002,"Non-significant",0.948693443356709,"FBXO9","FBX9_HUMAN"
0.201904058250005,9.150694251125,2.4680102072807,0.0421541619712735,0.0898873628579399,-5.65664189431589,"EMC9_HUMAN",5,2.25144864379406,0.0561431147315593,0.112539908221715,0.201904058250005,"Non-significant",0.948693443356709,"EMC9","EMC9_HUMAN"
0.0995352267500031,9.704824090125,2.13400059576236,0.0693114366691282,0.132677399065193,-6.15928200997747,"ZHX2_HUMAN",35,2.25058436808695,0.0562173032900013,0.112661828205283,0.0995352267500031,"Non-significant",0.948223205585808,"ZHX2","ZHX2_HUMAN"
-0.1471688725,13.19298708375,-2.33213078588944,0.0515852958938558,0.10526756681946,-5.86240554511478,"PFD5_HUMAN",9,-2.25023860695571,0.0562470105313084,0.112694568996529,-0.1471688725,"Non-significant",0.948097013072545,"PFDN5","PFD5_HUMAN"
0.0309095374999906,17.75621986375,1.83071352162777,0.108807075839535,0.18804361361603,-6.60083341573541,"HAOX1_HUMAN",30,2.24833305686686,0.0564110142535931,0.112982193391674,0.0309095374999906,"Non-significant",0.946989998296327,"HAO1","HAOX1_HUMAN"
0.0962414742500002,9.529505491375,2.20965016113465,0.0619155622740067,0.121936045422337,-6.04649855088024,"DUS12_HUMAN",17,2.24825926595961,0.05641737477584,0.112982193391674,0.0962414742500002,"Non-significant",0.946989998296327,"DUSP12","DUS12_HUMAN"
-0.0460739150000009,11.0256893625,-1.95779869737473,0.090117555199457,0.162203901938121,-6.41825488672592,"ARMC8_HUMAN",37,-2.24780048769458,0.056456935976371,0.113034563739865,-0.0460739150000009,"Non-significant",0.946788737523185,"ARMC8","ARMC8_HUMAN"
0.0869257447499976,9.860114455125,2.25184661238251,0.0581397858237577,0.115963145931958,-5.9832614250724,"ZMIZ1_HUMAN",15,2.24624135203021,0.0565915902304337,0.113266891473306,0.0869257447499976,"Non-significant",0.94589701821913,"ZMIZ1","ZMIZ1_HUMAN"
-0.0454082500000013,13.1255295275,-2.13530486872707,0.0691767287933089,0.132580865620464,-6.15734456650568,"XPP3_HUMAN",21,-2.24614581911427,0.0565998513329654,0.113266891473306,-0.0454082500000013,"Non-significant",0.94589701821913,"XPNPEP3","XPP3_HUMAN"
-0.328374385499999,7.5924595595,-2.18404117918702,0.0643262625914932,0.125631083398741,-6.08476765804906,"ATL3_HUMAN",17,-2.24587834964606,0.0566229868712423,0.113286293932519,-0.328374385499999,"Non-significant",0.945822630556234,"ADAMTSL3","ATL3_HUMAN"
-0.0680890100000013,14.93600726,-2.26184188427823,0.0572799112516892,0.114546232963342,-5.96825155509636,"CPNS1_HUMAN",16,-2.24549802907585,0.0566559000697356,0.113325244823873,-0.0680890100000013,"Non-significant",0.945673334033737,"CAPNS1","CPNS1_HUMAN"
0.1657099725,10.79846406125,2.33365887988686,0.0514680792267391,0.105118550178256,-5.86009920145919,"WBP4_HUMAN",8,2.24518317947164,0.0566831618371994,0.113352875711923,0.1657099725,"Non-significant",0.945567457540311,"WBP4","WBP4_HUMAN"
-0.0457201000000023,10.79705882,-1.9367907877917,0.0929756846350182,0.166150805297893,-6.44871021506374,"CAN7_HUMAN",41,-2.24470719290168,0.0567244008129947,0.113408437963172,-0.0457201000000023,"Non-significant",0.945354631293968,"CAPN7","CAN7_HUMAN"
0.293988466750001,10.242994189125,3.21465360436485,0.0142804398151279,0.0394940531064563,-4.52437036946561,"TM254_HUMAN",1,2.24444265321524,0.0567473332185301,0.113427382428027,0.293988466750001,"Non-significant",0.94528209004758,"TMEM254","TM254_HUMAN"
0.158181663999997,10.0532324305,3.05080739910348,0.0180161287204678,0.0471901643831022,-4.7708465837879,"RT18C_HUMAN",4,2.24352030495752,0.0568273622174867,0.113560416342152,0.158181663999997,"Non-significant",0.94477302390624,"MRPS18C","RT18C_HUMAN"
0.0860643374999999,12.57422900125,2.17446562252101,0.065251635537513,0.126875671498431,-6.09905428234186,"KC1A_HUMAN",20,2.24296409040268,0.0568756775675808,0.113630027546134,0.0860643374999999,"Non-significant",0.944506888040693,"CSNK1A1","KC1A_HUMAN"
-0.0485153199999928,17.358394145,-2.19654582890862,0.0631375958250139,0.12385077849873,-6.06609202118007,"GSTO1_HUMAN",19,-2.24277572746497,0.0568920489421472,0.113635801074256,-0.0485153199999928,"Non-significant",0.94448482215054,"GSTO1","GSTO1_HUMAN"
-0.181127785000005,12.389982105,-3.23955757049924,0.0137890076213698,0.0384732026615444,-4.48709455689463,"TRIQK_HUMAN",3,-2.24224650742101,0.0569380707784539,0.113692978169059,-0.181127785000005,"Non-significant",0.944266357094153,"TRIQK","TRIQK_HUMAN"
-1.35812842875,7.632252872125,-2.18077919859047,0.0646400117697745,0.126006165404123,-6.08963592104997,"MFA3L_HUMAN",7,-2.24192255626707,0.056966260455148,0.113692978169059,-1.35812842875,"Non-significant",0.944266357094153,"MFAP3L","MFA3L_HUMAN"
1.878503324,6.97205257475,2.19251223778399,0.0635185947417499,0.124482268095375,-6.072118466283,"M3K9_HUMAN",1,2.24186769546912,0.0569710357290876,0.113692978169059,1.878503324,"Non-significant",0.944266357094153,"MAP3K9","M3K9_HUMAN"
0.0711472049999973,12.5836507075,2.14784651766783,0.0678946598938791,0.130688305148552,-6.13870118985027,"OTUL_HUMAN",22,2.24182642813614,0.0569746280443829,0.113692978169059,0.0711472049999973,"Non-significant",0.944266357094153,"OTULIN","OTUL_HUMAN"
-0.0887434475000024,11.27164351875,-2.18097481306413,0.0646211537198097,0.126006165404123,-6.08934402227188,"DHR11_HUMAN",19,-2.23956437406772,0.057171886187339,0.114059604419664,-0.0887434475000024,"Non-significant",0.942868138963915,"DHRS11","DHR11_HUMAN"
0.106956960000003,10.7069916725,2.17912449232726,0.0647997530399802,0.126200812932993,-6.09210488649816,"CAPON_HUMAN",19,2.23933653614845,0.0571917921527629,0.114072318044401,0.106956960000003,"Non-significant",0.942819733137897,"NOS1AP","CAPON_HUMAN"
0.11605548875,9.689997196125,2.13390286935436,0.0693215405722042,0.132677399065193,-6.15942716791732,"WDR7_HUMAN",38,2.23895216090775,0.0572253903212021,0.114105899998003,0.11605548875,"Non-significant",0.942691899224814,"WDR7","WDR7_HUMAN"
-0.0228371599999999,15.7567992225,-1.43552124053304,0.193272727963972,0.291428269007033,-7.13495089820846,"MIC60_HUMAN",62,-2.23872481902635,0.0572452715136065,0.114105899998003,-0.0228371599999999,"Non-significant",0.942691899224814,"IMMT","MIC60_HUMAN"
0.0651660000000014,14.7984681125,2.3559365744578,0.0497896092537528,0.102460111425753,-5.82645289110443,"IDI1_HUMAN",14,2.23858503127522,0.0572574994676054,0.114105899998003,0.0651660000000014,"Non-significant",0.942691899224814,"IDI1","IDI1_HUMAN"
-0.9764032365,7.69990265375,-2.18879776199051,0.0638714900755154,0.124946075278197,-6.07766620716739,"ETKMT_HUMAN",4,-2.23852469560011,0.0572627781458719,0.114105899998003,-0.9764032365,"Non-significant",0.942691899224814,"ETFBKMT","ETKMT_HUMAN"
0.099502325499996,10.08162796475,2.16410959846917,0.0662674381502552,0.128170774705943,-6.1144908789618,"PTN2_HUMAN",21,2.23775980847893,0.0573297391462443,0.114212330717016,0.099502325499996,"Non-significant",0.942287005781349,"PTPN2","PTN2_HUMAN"
1.15867030575,7.728295385875,2.1761044862676,0.0650923169327998,0.126641001060851,-6.0966100188479,"COP1_HUMAN",8,2.23703995456203,0.0573928292281418,0.114311001314747,1.15867030575,"Non-significant",0.941911971001289,"COP1","COP1_HUMAN"
0.114303112249997,9.436118125875,2.14148884923935,0.0685415807930266,0.131602957745882,-6.14815496120437,"ERCC3_HUMAN",29,2.23594103205724,0.0574892757622323,0.114476046633559,0.114303112249997,"Non-significant",0.941285377107089,"ERCC3","ERCC3_HUMAN"
1.052859783,7.46355140225,2.17777028172715,0.0649307793495955,0.126372786959052,-6.09412520416594,"PLD3B_HUMAN",6,2.23532080840967,0.0575437809186335,0.114557517563335,1.052859783,"Non-significant",0.940976406001882,"PRELID3B","PLD3B_HUMAN"
0.170547962000001,9.05170869825,2.58771357568647,0.0353152683950815,0.0783554612535251,-5.4745908273118,"RM30_HUMAN",5,2.23458403900127,0.0576085951762917,0.114659468415812,0.170547962000001,"Non-significant",0.940590076032604,"MRPL30","RM30_HUMAN"
0.41862499725,7.977425634875,2.17601612729504,0.0651008966184204,0.126641001060851,-6.09674181034389,"BMPR2_HUMAN",13,2.23441847177312,0.0576231703027414,0.114661402852174,0.41862499725,"Non-significant",0.940582749049823,"BMPR2","BMPR2_HUMAN"
0.139368295500002,9.781908393,2.17211223305348,0.0654810982241625,0.127123026595161,-6.10256355769494,"ADA15_HUMAN",19,2.23365316976501,0.0576905888325015,0.114763003530026,0.139368295500002,"Non-significant",0.940198094101128,"ADAM15","ADA15_HUMAN"
-0.092125416,9.6215975285,-2.17469625459912,0.065229191555335,0.126861295712948,-6.09871033164804,"NT5D3_HUMAN",19,-2.233529845719,0.0577014603108611,0.114763003530026,-0.092125416,"Non-significant",0.940198094101128,"NT5DC3","NT5D3_HUMAN"
0.118354797249999,9.208704948375,2.26235377988678,0.0572362208103526,0.11448602401767,-5.96748254321349,"TR10B_HUMAN",12,2.23330091084523,0.0577216472052726,0.114776070840586,0.118354797249999,"Non-significant",0.940148646651788,"TNFRSF10B","TR10B_HUMAN"
0.0874886499999992,11.46347332,2.41476859508617,0.0456198644405765,0.095725625434309,-5.73741328554637,"DUT_HUMAN",11,2.23295497937869,0.0577521639423473,0.11480966742218,0.0874886499999992,"Non-significant",0.940021541107585,"DUT","DUT_HUMAN"
0.112934350749998,7.762991189875,2.15003809330444,0.067673073167541,0.130410684437404,-6.13544093778816,"DGKQ_HUMAN",24,2.23269788399539,0.0577748543394477,0.114827693286301,0.112934350749998,"Non-significant",0.939953359403082,"DGKQ","DGKQ_HUMAN"
0.0876595949999999,10.4373942625,2.19808323217374,0.0629929822337929,0.123624644295376,-6.06379447324925,"PPHLN_HUMAN",17,2.23157075280251,0.0578744363592249,0.114998496952359,0.0876595949999999,"Non-significant",0.939307835903453,"PPHLN1","PPHLN_HUMAN"
0.765223502999999,7.91480112075,2.16894883009643,0.0657908126307834,0.127453633570414,-6.10727945983733,"RNPL1_HUMAN",11,2.22974134095691,0.0580364298027108,0.115293204526762,0.765223502999999,"Non-significant",0.938196289613383,"RNPEPL1","RNPL1_HUMAN"
0.082681655,12.4673745625,2.18390872877479,0.0643389723857207,0.125631083398741,-6.08496535885478,"CC50A_HUMAN",18,2.22879251723622,0.0581206258305466,0.115433259925937,0.082681655,"Non-significant",0.937669039350715,"TMEM30A","CC50A_HUMAN"
0.136771678749998,8.983870983125,2.64608072932096,0.0324069000419439,0.0736588475691485,-5.38569625160304,"PP16A_HUMAN",6,2.22789842706681,0.0582000765317929,0.115563826875496,0.136771678749998,"Non-significant",0.937178085005476,"PPP1R16A","PP16A_HUMAN"
1.03107202075,7.492603361625,2.16530896363745,0.0661489893246399,0.128029811944292,-6.11270389837549,"MIGA2_HUMAN",9,2.22610717604867,0.0583595770932197,0.115853244304934,1.03107202075,"Non-significant",0.936091799905928,"MIGA2","MIGA2_HUMAN"
0.136316538000003,7.7385048865,2.18047876601283,0.0646689854569432,0.126009324037464,-6.09008422065595,"BTBD9_HUMAN",16,2.22515752615231,0.0584443148061476,0.115972835936014,0.136316538000003,"Non-significant",0.935643722709321,"BTBD9","BTBD9_HUMAN"
0.130558967500003,8.76485228525,2.29563442845772,0.0544667632371305,0.110043228026312,-5.91742558790923,"BTBD2_HUMAN",10,2.22512367738149,0.0584473374132386,0.115972835936014,0.130558967500003,"Non-significant",0.935643722709321,"BTBD2","BTBD2_HUMAN"
0.138945342499998,11.83557665375,2.46982897174068,0.0420406538186966,0.0898242898595119,-5.65387999265413,"TPRKB_HUMAN",7,2.22385486479116,0.0585607516565559,0.116170528527444,0.138945342499998,"Non-significant",0.934904034779627,"TPRKB","TPRKB_HUMAN"
-0.0669186075000034,13.31596386375,-2.1260894837018,0.0701341337734505,0.133777011445217,-6.17102796852811,"SPSY_HUMAN",22,-2.22249602530238,0.0586824565734459,0.116373585534882,-0.0669186075000034,"Non-significant",0.934145584619655,"SMS","SPSY_HUMAN"
0.165189027250001,9.541392683875,2.17173396346941,0.0655180559385313,0.127129763698407,-6.10312754465232,"RASF4_HUMAN",16,2.22240382186278,0.0586907239421977,0.116373585534882,0.165189027250001,"Non-significant",0.934145584619655,"RASSF4","RASF4_HUMAN"
0.0632638950000004,11.7814402575,2.0901364375914,0.0739971552239292,0.139309697189132,-6.22428188377994,"MA2B2_HUMAN",25,2.22026606815813,0.0588827305094925,0.116726842771522,0.0632638950000004,"Non-significant",0.932829261117986,"MAN2B2","MA2B2_HUMAN"
0.318263888250001,7.248206555875,2.37274627192595,0.0485600463563669,0.100444817358973,-5.80103817211161,"CDN2A_HUMAN",3,2.21981915292188,0.0589229502027595,0.116779108219859,0.318263888250001,"Non-significant",0.932634845548793,"CDKN2A","CDN2A_HUMAN"
0.191335439499998,9.749583602,2.15208361714984,0.0674669052219102,0.130102618191599,-6.13239731123884,"F120C_HUMAN",22,2.21942501838257,0.0589584426866713,0.116821982464963,0.191335439499998,"Non-significant",0.932475428071598,"FAM120C","F120C_HUMAN"
0.23101329825,7.614645838625,2.29077506133564,0.0548625308670394,0.110710144284959,-5.92474164925504,"ANR10_HUMAN",6,2.21823910970615,0.0590653644243422,0.117006335307351,0.23101329825,"Non-significant",0.931790622744988,"ANKRD10","ANR10_HUMAN"
0.0911505249999998,12.372469545,2.09053018535695,0.0739537239492251,0.139266295613945,-6.22369982789977,"BAG6_HUMAN",38,2.21764576614446,0.05911893294286,0.11708493556752,0.0911505249999998,"Non-significant",0.93149897871723,"BAG6","BAG6_HUMAN"
-0.108757255,14.3720430125,-4.04980203760861,0.00462900609675524,0.0172492892968832,-3.31119391073917,"APOD_HUMAN",5,-2.21723332702189,0.059156197502916,0.117131216526211,-0.108757255,"Non-significant",0.931327346103012,"APOD","APOD_HUMAN"
-0.085683585,12.1092349275,-2.50565814264245,0.0398674342410932,0.0864529465444236,-5.599440320493,"CHM1A_HUMAN",10,-2.21707664440955,0.0591703601757012,0.117131743992716,-0.085683585,"Non-significant",0.931325390388014,"CHMP1A","CHM1A_HUMAN"
0.0546483974999958,14.07520294125,1.99390552492642,0.0854047788991241,0.155716392243287,-6.36568126549301,"ADRO_HUMAN",36,2.21460548650664,0.0593941778811068,0.117539986008718,0.0546483974999958,"Non-significant",0.929814365317527,"FDXR","ADRO_HUMAN"
0.112409587499995,10.38017654375,2.10803563364837,0.0720482059180913,0.136531998130304,-6.19779602382882,"LIPB2_HUMAN",39,2.21449199318431,0.05940447744657,0.117539986008718,0.112409587499995,"Non-significant",0.929814365317527,"PPFIBP2","LIPB2_HUMAN"
0.0697777275000036,11.65231072875,3.11194235593484,0.0165133238019108,0.0441035508004772,-4.67864568782681,"RM49_HUMAN",9,2.21397611075882,0.0594513164331217,0.1176050566099,0.0697777275000036,"Non-significant",0.929574004700659,"MRPL49","RM49_HUMAN"
0.846965551250003,7.311808347875,2.16247360601795,0.0664293501913456,0.128424998340104,-6.11692807367073,"TMTC4_HUMAN",5,2.2127404447727,0.0595636571408603,0.11779964008454,0.846965551250003,"Non-significant",0.928856036455002,"TMTC4","TMTC4_HUMAN"
0.985258340999998,8.81751024725,2.14888253724732,0.0677898194476578,0.130575957066798,-6.13716006618134,"SPB3_HUMAN",25,2.21218989123249,0.0596137788933313,0.117871110084891,0.985258340999998,"Non-significant",0.928592626356779,"SERPINB3","SPB3_HUMAN"
0.048804762500005,18.45462012375,2.02796622289866,0.0811813326946114,0.149634256130085,-6.31583637890376,"SH24A_HUMAN",26,2.21092186224875,0.0597293787353857,0.118071982495442,0.048804762500005,"Non-significant",0.927853144648777,"SH2D4A","SH24A_HUMAN"
0.700209379250001,6.991880178375,2.1740009572267,0.0652968779654078,0.126934359864027,-6.0997472333327,"NSMA2_HUMAN",4,2.21044692484398,0.059772733880971,0.118112073465877,0.700209379250001,"Non-significant",0.927705706352572,"SMPD3","NSMA2_HUMAN"
1.131008983,7.8143540025,2.14955318820896,0.067722038848584,0.130475214961078,-6.13616235855353,"SEN2_HUMAN",9,2.21039271115353,0.0597776848268394,0.118112073465877,1.131008983,"Non-significant",0.927705706352572,"TSEN2","SEN2_HUMAN"
-0.120983123999999,9.3769266605,-2.56928279964856,0.0362887534908249,0.080024229359208,-5.50264981261978,"GPX7_HUMAN",7,-2.20540327408921,0.0602350877815207,0.118987943499048,-0.120983123999999,"Non-significant",0.924497041440235,"GPX7","GPX7_HUMAN"
-0.0875713850000004,13.31561196,-2.84902920097898,0.0240912888734657,0.0588936989311027,-5.07670443570027,"AP1S1_HUMAN",8,-2.20299960686067,0.0604566849108107,0.119397703166172,-0.0875713850000004,"Non-significant",0.923004027577266,"AP1S1","AP1S1_HUMAN"
0.0800704949999993,11.566773415,2.1937704449095,0.0633995020782112,0.124277768143545,-6.07023885634999,"YTHD2_HUMAN",16,2.20262127670434,0.0604916375224048,0.119438747406032,0.0800704949999993,"Non-significant",0.922854759850185,"YTHDF2","YTHD2_HUMAN"
-0.0942189725000002,14.14730727625,-3.78411224038214,0.00655149751389506,0.0220713719203123,-3.68800008296667,"PPIL1_HUMAN",6,-2.20111869953621,0.0606306541896259,0.11968519535465,-0.0942189725000002,"Non-significant",0.921959566998967,"PPIL1","PPIL1_HUMAN"
-0.0900015829999994,9.165904522,-2.18045237611857,0.064671531117104,0.126009324037464,-6.09012359854392,"KAIN_HUMAN",16,-2.20092868264846,0.0606482569702763,0.119691912433261,-0.0900015829999994,"Non-significant",0.921935193823077,"SERPINA4","KAIN_HUMAN"
0.070232390000001,10.173110245,2.18294061061236,0.0644319483707777,0.125745981203354,-6.08641033795885,"NS1BP_HUMAN",17,2.20021067226332,0.0607148179536689,0.11979522484351,0.070232390000001,"Non-significant",0.921560493010527,"IVNS1ABP","NS1BP_HUMAN"
0.0613956425000008,13.82452583375,2.3320568548854,0.0515909738440136,0.10526756681946,-5.86251712354711,"CPSF6_HUMAN",14,2.19907327859768,0.0608204054787991,0.119951073126369,0.0613956425000008,"Non-significant",0.92099586232078,"CPSF6","CPSF6_HUMAN"
0.490486264000001,6.575658381,2.14279434551799,0.068408240707093,0.131406805132198,-6.14621420325797,"SRGP1_HUMAN",11,2.1990532463989,0.0608222667626172,0.119951073126369,0.490486264000001,"Non-significant",0.92099586232078,"SRGAP1","SRGP1_HUMAN"
0.0474979900000001,13.7280091025,2.05517052792114,0.077956529775707,0.144926243819902,-6.27586153610698,"FUCO_HUMAN",23,2.19878678912837,0.0608470299283483,0.119971839828315,0.0474979900000001,"Non-significant",0.92092068097212,"FUCA1","FUCO_HUMAN"
0.0616633874999977,11.95408642375,2.02183675935359,0.0819258947442018,0.150775844279231,-6.32482351666097,"VAC14_HUMAN",33,2.19855993307721,0.0608681206703104,0.119985357607588,0.0616633874999977,"Non-significant",0.920871749770934,"VAC14","VAC14_HUMAN"
0.111458782500002,16.49252748625,2.10247141786676,0.0726485364817529,0.137330009868736,-6.20603526707875,"SAP_HUMAN",30,2.19753825856039,0.0609631956761086,0.120144675322403,0.111458782500002,"Non-significant",0.920295471879145,"PSAP","SAP_HUMAN"
0.0825614925000036,11.11647296125,2.20649238340959,0.0622078490781212,0.12232788276073,-6.05122206753194,"NDUF6_HUMAN",15,2.19670537351427,0.061040811663454,0.120269518819835,0.0825614925000036,"Non-significant",0.919844426572915,"NDUFAF6","NDUF6_HUMAN"
0.071231127499999,10.30381309875,2.08167869716782,0.0749361985185561,0.140770496392447,-6.23677805546171,"ZO3_HUMAN",25,2.19580605892391,0.0611247286053613,0.120406715918343,0.071231127499999,"Non-significant",0.919349288784723,"TJP3","ZO3_HUMAN"
0.109374995,16.3053569775,2.32274131773155,0.0523115125646329,0.106454306954923,-5.87657245387755,"RL31_HUMAN",10,2.19509921186557,0.0611907665700086,0.120508638181916,0.109374995,"Non-significant",0.918981821302552,"RPL31","RL31_HUMAN"
-1.1947944165,7.3144629,-2.1367434855044,0.069028448421744,0.13241711236843,-6.15520725650374,"PCSK5_HUMAN",6,-2.19476779869745,0.061221753653163,0.12054150000993,-1.1947944165,"Non-significant",0.918863408504558,"PCSK5","PCSK5_HUMAN"
0.0650942325000017,12.34176385375,2.10981456202955,0.0718573176260472,0.136235145977725,-6.19516078896584,"SP100_HUMAN",21,2.19393254763956,0.061299918788964,0.120656093067324,0.0650942325000017,"Non-significant",0.91845074156539,"SP100","SP100_HUMAN"
1.097991109,7.77747601275,2.13355187418875,0.0693578419651931,0.132716742321138,-6.15994850646501,"RCOR3_HUMAN",9,2.19384002889089,0.0613085830593604,0.120656093067324,1.097991109,"Non-significant",0.91845074156539,"RCOR3","RCOR3_HUMAN"
0.0639708000000017,10.867735505,2.05959453559978,0.0774442105446998,0.14422829224067,-6.26934763212395,"RUFY2_HUMAN",26,2.19266414363732,0.0614188095227418,0.120844805197757,0.0639708000000017,"Non-significant",0.917772014039446,"RUFY2","RUFY2_HUMAN"
-0.0618395824999993,19.43852400875,-1.97506405089832,0.0878330684767492,0.158968409400083,-6.39315082860798,"HYEP_HUMAN",55,-2.19198046812482,0.061482987290193,0.120921754789978,-0.0618395824999993,"Non-significant",0.917495559062242,"EPHX1","HYEP_HUMAN"
-0.0768702049999987,11.603243945,-2.05461272018821,0.0780213638334192,0.144982820932956,-6.27668259567782,"MTM1_HUMAN",33,-2.19194189040243,0.061486610633509,0.120921754789978,-0.0768702049999987,"Non-significant",0.917495559062242,"MTM1","MTM1_HUMAN"
0.235358714749999,8.802296638625,2.15578278277534,0.0670956591068495,0.129505223405458,-6.12689158472316,"E2F4_HUMAN",11,2.19035141538114,0.0616361781907389,0.121187624438941,0.235358714749999,"Non-significant",0.916541727630917,"E2F4","E2F4_HUMAN"
0.228917360499999,9.7439609765,3.03253718324137,0.0184928750729552,0.048080334358402,-4.79844949042757,"RM33_HUMAN",2,2.18840992556185,0.0618192455933173,0.121519221340035,0.228917360499999,"Non-significant",0.915355021969574,"MRPL33","RM33_HUMAN"
0.0470981600000009,18.5899624825,1.92236935196673,0.094988715538567,0.168902592784222,-6.46955767957539,"AGT1_HUMAN",37,2.18657394982437,0.0619928612522752,0.121819139475888,0.0470981600000009,"Non-significant",0.914284472657561,"AGXT","AGT1_HUMAN"
-0.230944633500002,8.63588929175,-2.12491551680098,0.0702570440487727,0.13398113671654,-6.172770169813,"FER_HUMAN",19,-2.18649091556759,0.0620007246828282,0.121819139475888,-0.230944633500002,"Non-significant",0.914284472657561,"FER","FER_HUMAN"
-0.0800590525000011,13.73154807125,-2.1999609364813,0.0628168094721839,0.123393821263351,-6.06098794504388,"RSU1_HUMAN",15,-2.18617221860294,0.0620309148261525,0.121850053849834,-0.0800590525000011,"Non-significant",0.914174274549173,"RSU1","RSU1_HUMAN"
0.234107727500001,11.60167181625,2.95896068032784,0.0205521483042576,0.0520222396566328,-4.90981258243347,"OSB10_HUMAN",2,2.1857330386105,0.0620725422695152,0.121903415375057,0.234107727500001,"Non-significant",0.913984126557483,"OSBPL10","OSB10_HUMAN"
0.218630075249999,9.008992552875,2.64567850103707,0.0324260694443265,0.0736709809558567,-5.38630897689387,"CLN8_HUMAN",3,2.18410361628732,0.0622272290156444,0.122178735935911,0.218630075249999,"Non-significant",0.913004372401737,"CLN8","CLN8_HUMAN"
-0.57168447975,7.276511728625,-2.14846078464962,0.0678324793592425,0.130628277020575,-6.13778746067059,"SMUG1_HUMAN",5,-2.18345553640433,0.0622888599644482,0.12226224937534,-0.57168447975,"Non-significant",0.912707618342481,"SMUG1","SMUG1_HUMAN"
-0.0701324949999993,15.711435915,-2.68930058585485,0.0304141851495066,0.070210895206419,-5.31985547458128,"SRSF2_HUMAN",10,-2.18335135114556,0.0622987734093112,0.12226224937534,-0.0701324949999993,"Non-significant",0.912707618342481,"SRSF2","SRSF2_HUMAN"
0.229024171749998,8.202434182125,2.57977009151869,0.0357314787016666,0.0790770309501854,-5.48668486853632,"SIGIR_HUMAN",3,2.18231665430084,0.0623973121392043,0.122427128496591,0.229024171749998,"Non-significant",0.912122336676391,"SIGIRR","SIGIR_HUMAN"
0.10100675,12.73370254,2.2085213875971,0.0620198838594404,0.122112964506242,-6.04818715767172,"A1BG_HUMAN",13,2.18168956891728,0.0624571076132805,0.122492024133836,0.10100675,"Non-significant",0.911892188747884,"A1BG","A1BG_HUMAN"
-0.0447373399999975,14.37804556,-2.18087781716456,0.0646305038395627,0.126006165404123,-6.08948876163119,"CYBP_HUMAN",18,-2.18160176898866,0.0624654842839016,0.122492024133836,-0.0447373399999975,"Non-significant",0.911892188747884,"CACYBP","CYBP_HUMAN"
0.0982980747500033,10.140866280125,2.05721498277867,0.07771935774757,0.144574861018428,-6.2728517302406,"MILK2_HUMAN",50,2.18137978757697,0.0624866677001734,0.122492024133836,0.0982980747500033,"Non-significant",0.911892188747884,"MICALL2","MILK2_HUMAN"
0.1175980575,12.28836178875,2.16642821794484,0.0660386432437255,0.127904348322923,-6.11103609194365,"HYCC2_HUMAN",14,2.18136041975894,0.0624885162860949,0.122492024133836,0.1175980575,"Non-significant",0.911892188747884,"HYCC2","HYCC2_HUMAN"
0.17689084975,8.628309011625,2.10505058350146,0.0723696510690129,0.137028269420164,-6.20221679027708,"TSC1_HUMAN",32,2.181202334721,0.0625036069451272,0.122493118563236,0.17689084975,"Non-significant",0.911888308474623,"TSC1","TSC1_HUMAN"
0.0819051250000005,12.173096775,2.19000498538177,0.0637565822158761,0.124854433141969,-6.07586336700353,"GLYG2_HUMAN",15,2.1802233386331,0.0625971417463006,0.122647909758151,0.0819051250000005,"Non-significant",0.911339848910804,"GYG2","GLYG2_HUMAN"
-0.0842092050000005,13.6008497475,-2.21282606974471,0.0616229885301831,0.121501794227114,-6.04174662694748,"MGN_HUMAN",14,-2.17999190872048,0.0626192732373395,0.122662759497452,-0.0842092050000005,"Non-significant",0.91128726938083,"MAGOH","MGN_HUMAN"
0.205307245000002,8.34083640575,2.48533602990149,0.0410855131014785,0.0883894308147939,-5.63032520129537,"DJC15_HUMAN",4,2.17937969139478,0.0626778566754184,0.122748990222375,0.205307245000002,"Non-significant",0.910982071853909,"DNAJC15","DJC15_HUMAN"
-1.2183110715,7.11839914325,-2.1179266943223,0.0709932026771715,0.135079391730447,-6.18313725687173,"CDAC1_HUMAN",9,-2.1782236421587,0.0627886282534361,0.122924389024152,-1.2183110715,"Non-significant",0.910361941623107,"CDADC1","CDAC1_HUMAN"
-0.0672297475000008,11.82365059875,-2.27065955339763,0.0565320030860651,0.113420535050872,-5.95500091706197,"MINP1_HUMAN",14,-2.17814067574841,0.0627965854950764,0.122924389024152,-0.0672297475000008,"Non-significant",0.910361941623107,"MINPP1","MINP1_HUMAN"
-0.0474476824999979,10.07737803375,-2.00599007999814,0.083882145810836,0.153671507724307,-6.34802352647655,"GLSK_HUMAN",25,-2.17646663137884,0.0629573559544649,0.123202907326739,-0.0474476824999979,"Non-significant",0.909379043624014,"GLS","GLSK_HUMAN"
-0.038513659999996,17.6659019,-1.78051814168746,0.117175482828799,0.199255667798831,-6.67174830697921,"TGM2_HUMAN",54,-2.17635489679844,0.0629681011701969,0.123202907326739,-0.038513659999996,"Non-significant",0.909379043624014,"TGM2","TGM2_HUMAN"
0.0714733625000044,12.68706572125,2.13495041459173,0.0692133116573961,0.132620823814547,-6.15787111944849,"CBPQ_HUMAN",18,2.17368988052637,0.0632249291970369,0.123676706475243,0.0714733625000044,"Non-significant",0.907712088583197,"CPQ","CBPQ_HUMAN"
-0.0349690900000006,14.7205377825,-1.81555756222482,0.111271470623659,0.191585979147941,-6.62232276841877,"FUBP1_HUMAN",33,-2.17346659706597,0.0632464942323301,0.123690185588007,-0.0349690900000006,"Non-significant",0.907664758851629,"FUBP1","FUBP1_HUMAN"
0.0453753474999985,13.90699553375,1.92585872035383,0.094497789113844,0.168291118622563,-6.46451801064653,"ESF1_HUMAN",32,2.17285473586481,0.063305626100128,0.123777110275569,0.0453753474999985,"Non-significant",0.907359660648085,"ESF1","ESF1_HUMAN"
0.121097090000001,15.2920577525,4.5335710409862,0.00252698377924638,0.0111810741602455,-2.6500594813489,"TAGL3_HUMAN",4,2.17245656411072,0.0633441359437549,0.123823683179478,0.121097090000001,"Non-significant",0.907196281887216,"TAGLN3","TAGL3_HUMAN"
0.106767175000002,10.9035108075,2.2159814557227,0.0613336809888254,0.121101334517407,-6.03702414297304,"CHOLN_HUMAN",12,2.1719811324106,0.0633901485817602,0.123861213893894,0.106767175000002,"Non-significant",0.907064668030334,"CHLSN","CHOLN_HUMAN"
0.133141994499999,9.04199695575,2.58151053928307,0.0356398536659935,0.0789301961509876,-5.48403512836451,"SL9A8_HUMAN",6,2.17195452416004,0.0633927247287058,0.123861213893894,0.133141994499999,"Non-significant",0.907064668030334,"SLC9A8","SL9A8_HUMAN"
-0.0518326774999984,13.09041452375,-2.04358253637863,0.079314406681409,0.146867560175219,-6.2929064604473,"CSN2_HUMAN",23,-2.17163211260072,0.0634239481039098,0.123893501406224,-0.0518326774999984,"Non-significant",0.906951473102831,"COPS2","CSN2_HUMAN"
0.1338734625,9.547123909,2.1207771069251,0.0706920350960896,0.134597507075884,-6.17890994936554,"DPTOR_HUMAN",17,2.17089195139469,0.0634956854759973,0.123992574641804,0.1338734625,"Non-significant",0.906604322004281,"DEPTOR","DPTOR_HUMAN"
0.0463099474999993,11.35651874625,2.47735640169909,0.041574195503638,0.0891223026195739,-5.64244744225631,"SPG21_HUMAN",14,2.1707985902325,0.0635047398790099,0.123992574641804,0.0463099474999993,"Non-significant",0.906604322004281,"SPG21","SPG21_HUMAN"
-0.0737400049999994,11.3598759175,-2.0251174219118,0.0815265508016497,0.150172049105574,-6.32001426503283,"EXOC5_HUMAN",35,-2.17065367474846,0.0635187966903913,0.123992574641804,-0.0737400049999994,"Non-significant",0.906604322004281,"EXOC5","EXOC5_HUMAN"
0.121248725000001,10.9190237525,2.72145043772138,0.0290148103567915,0.0679160890023315,-5.270881591203,"RM48_HUMAN",6,2.1704798975155,0.0635356571664456,0.123996771071074,0.121248725000001,"Non-significant",0.906589623904483,"MRPL48","RM48_HUMAN"
0.120365142499999,13.88559031375,2.73153500312745,0.0285898182664888,0.0672574876271935,-5.2555215483082,"GLRX5_HUMAN",6,2.16889249955879,0.0636898778769293,0.124268976996444,0.120365142499999,"Non-significant",0.905637276835896,"GLRX5","GLRX5_HUMAN"
0.189509868499997,8.08300256725,2.13069400933805,0.0696541206137722,0.133132558424827,-6.16419262555595,"SRR_HUMAN",13,2.16873173899134,0.0637055169787797,0.124270724974343,0.189509868499997,"Non-significant",0.905631168056091,"SRR","SRR_HUMAN"
0.0827798850000008,10.4427530775,2.06110463084165,0.077270098640118,0.144060473745933,-6.26712334812492,"REPS2_HUMAN",27,2.16857429426611,0.0637208372036429,0.124271850252084,0.0827798850000008,"Non-significant",0.905627235515253,"REPS2","REPS2_HUMAN"
0.108814477999999,9.18509161475,2.05972733451661,0.0774288834572018,0.14422829224067,-6.26915204362017,"MSH3_HUMAN",43,2.16781584210094,0.0637946899629222,0.12438710194251,0.108814477999999,"Non-significant",0.90522465055843,"MSH3","MSH3_HUMAN"
0.524258256,8.1116458775,2.10805115844176,0.0720465378472888,0.136531998130304,-6.19777302825487,"ZBTB1_HUMAN",14,2.1675420346708,0.0638213722781298,0.124410348504245,0.524258256,"Non-significant",0.905143493348049,"ZBTB1","ZBTB1_HUMAN"
-0.189448594999998,10.1139117475,-2.39014621165816,0.0473198586839632,0.0985080486162325,-5.77470844289911,"AP1AR_HUMAN",5,-2.16530806482646,0.0640394850699586,0.124806663503973,-0.189448594999998,"Non-significant",0.903762226787009,"AP1AR","AP1AR_HUMAN"
-0.979617476249999,7.248905956875,-2.10355963626592,0.0725307372807591,0.137246373829831,-6.20442428511083,"CA2D1_HUMAN",16,-2.16490451768438,0.064078964043976,0.124854735997844,-0.979617476249999,"Non-significant",0.903594979314077,"CACNA2D1","CA2D1_HUMAN"
0.0325737000000039,16.4198422425,1.77466088640959,0.118191174369369,0.200288180289387,-6.67997441340422,"GALK1_HUMAN",33,2.16344124221949,0.0642223187634607,0.125105136320132,0.0325737000000039,"Non-significant",0.90272485953361,"GALK1","GALK1_HUMAN"
0.208626031750001,8.860213637375,2.13534622855021,0.0691724613429645,0.132580865620464,-6.1572831239038,"MYCT_HUMAN",11,2.16269987893423,0.0642950703110242,0.125217917664423,0.208626031750001,"Non-significant",0.902333522674924,"SLC2A13","MYCT_HUMAN"
0.176033020749999,9.868948698375,2.64079402983912,0.0326597948966849,0.0740025298882142,-5.39374954098071,"TMEM9_HUMAN",4,2.16229533061324,0.0643348039659535,0.125266357733662,0.176033020749999,"Non-significant",0.902165550014747,"TMEM9","TMEM9_HUMAN"
0.198697567250001,9.021663188875,2.10718093710037,0.0721400985902001,0.136675408185389,-6.19906195294321,"LMBD2_HUMAN",16,2.16073025459926,0.0644887510688692,0.125537109182332,0.198697567250001,"Non-significant",0.901227876327465,"LMBRD2","LMBD2_HUMAN"
0.0740888175000016,11.48739945875,2.15826270765011,0.0668479189443402,0.129056598438352,-6.12319941315593,"RPP30_HUMAN",16,2.16014091970633,0.0645468150414832,0.125621127680596,0.0740888175000016,"Non-significant",0.90093731232295,"RPP30","RPP30_HUMAN"
0.179166795,13.35223937,3.02651878218877,0.0186528297548386,0.048367477059486,-4.80754679511678,"EIF1_HUMAN",3,2.1596494286455,0.0645952786404696,0.125686427437793,0.179166795,"Non-significant",0.900711618154344,"EIF1","EIF1_HUMAN"
0.189362764249998,8.314033150625,2.15324167011848,0.0673504635594786,0.129937527430269,-6.1306739172997,"HIRP3_HUMAN",10,2.15945931975987,0.0646140340518706,0.125693905613482,0.189362764249998,"Non-significant",0.900685778977524,"HIRIP3","HIRP3_HUMAN"
-0.0811865349999987,10.399050355,-2.28773308133945,0.0551117622459901,0.111080115727272,-5.92932031522522,"RTF2_HUMAN",12,-2.15900757080663,0.0646586235321664,0.125751623846938,-0.0811865349999987,"Non-significant",0.900486398135165,"RTF2","RTF2_HUMAN"
1.355683565,8.63603818425,2.09932394982254,0.072990320003065,0.137852432737135,-6.21069361939076,"TM39B_HUMAN",6,2.15746841159159,0.0648107740847446,0.126018457845516,1.355683565,"Non-significant",0.899565839379523,"TMEM39B","TM39B_HUMAN"
0.0725235939999997,9.78168654425,2.13144040677304,0.0695766190851665,0.133014588856627,-6.1630842983563,"TT39C_HUMAN",17,2.15300247082883,0.0652542578958543,0.126851508257416,0.0725235939999997,"Non-significant",0.896704364674187,"TTC39C","TT39C_HUMAN"
-0.0490744150000015,12.0052808525,-1.90124365079447,0.0980143492485641,0.17298219217256,-6.50000637674947,"HOOK1_HUMAN",40,-2.15275981279047,0.0652784406744438,0.126869259037327,-0.0490744150000015,"Non-significant",0.896643596563956,"HOOK1","HOOK1_HUMAN"
0.0838093749999995,15.12870407,2.82678347648915,0.0248823611389761,0.0603941158342853,-5.11053373778623,"HLAB_HUMAN",8,2.15102675453199,0.0654514119483298,0.127176106803244,0.0838093749999995,"Non-significant",0.895594474050846,"HLA-B","HLAB_HUMAN"
-0.274929523750002,9.581399917625,-3.17073488000817,0.0151931530138754,0.0414712068503744,-4.59023479813564,"C42S2_HUMAN",1,-2.14950546147833,0.0656036218313352,0.127442481773755,-0.274929523750002,"Non-significant",0.894685779814013,"CDC42SE2","C42S2_HUMAN"
-0.138967512499999,10.66304445125,-2.49169823563289,0.0407001126194498,0.0878068209033382,-5.62065801558668,"DNJC5_HUMAN",6,-2.14867138269633,0.0656872226797995,0.127575483863601,-0.138967512499999,"Non-significant",0.894232775816475,"DNAJC5","DNJC5_HUMAN"
0.0940446834999982,9.9811911575,2.18579091345706,0.0641585960026087,0.125387283849558,-6.08215570944638,"KS6B1_HUMAN",13,2.14824489471775,0.065730010919573,0.127629178079033,0.0940446834999982,"Non-significant",0.894050027573253,"RPS6KB1","KS6B1_HUMAN"
0.0745317924999966,11.44552409625,1.98132531520251,0.0870186971986143,0.157839595155395,-6.38403075540964,"CPSF1_HUMAN",57,2.14754035687707,0.0658007555405363,0.127737118482538,0.0745317924999966,"Non-significant",0.893682884962503,"CPSF1","CPSF1_HUMAN"
0.0825304975000005,10.65659570625,2.11620025847814,0.0711762344095558,0.135305475831788,-6.18569701508475,"SHOC2_HUMAN",17,2.14710769393293,0.0658442378151773,0.127792097753656,0.0825304975000005,"Non-significant",0.893496000701002,"SHOC2","SHOC2_HUMAN"
-0.0654559099999972,17.5451385975,-1.98711942681905,0.0862716850495374,0.156733833125576,-6.37558363436763,"IDHC_HUMAN",34,-2.14677200108717,0.0658779942798584,0.127828179968906,-0.0654559099999972,"Non-significant",0.893373394566454,"IDH1","IDHC_HUMAN"
0.038578032500002,13.72801733125,1.77183176424675,0.11868476785452,0.201003397276622,-6.68394394288654,"SHOT1_HUMAN",50,2.14603268704269,0.0659523983762257,0.127943099174501,0.038578032500002,"Non-significant",0.892983133545903,"SHTN1","SHOT1_HUMAN"
-0.0308103549999998,13.650057555,-1.5809903335244,0.156862120659376,0.248672336851209,-6.94542092885138,"MACF1_HUMAN",301,-2.14535057565477,0.0660211194459132,0.128046943352417,-0.0308103549999998,"Non-significant",0.892630784247663,"MACF1","MACF1_HUMAN"
0.121379373999996,9.9627728455,2.46550831273057,0.0423108177773877,0.0901055793445177,-5.66044090236664,"EYA3_HUMAN",7,2.14431561451615,0.0661255247170123,0.12821993279036,0.121379373999996,"Non-significant",0.892044455098389,"EYA3","EYA3_HUMAN"
-0.0620610725000024,14.04068553375,-2.00618288413567,0.0838580703930584,0.153660798987628,-6.3477415606368,"SNX2_HUMAN",27,-2.14399198764744,0.0661582052347706,0.128241919136233,-0.0620610725000024,"Non-significant",0.8919699914022,"SNX2","SNX2_HUMAN"
0.640561222999998,7.0065764785,2.10317527822717,0.0725723221799159,0.137247499137202,-6.20499330539583,"FA76B_HUMAN",5,2.14382788820021,0.0661747824501445,0.128241919136233,0.640561222999998,"Non-significant",0.8919699914022,"FAM76B","FA76B_HUMAN"
0.0590574775000015,12.04495656375,2.11548474062046,0.0712522291444569,0.135388577039186,-6.18675776087623,"T3HPD_HUMAN",18,2.1437514398693,0.066182506613194,0.128241919136233,0.0590574775000015,"Non-significant",0.8919699914022,"L3HYPDH","T3HPD_HUMAN"
0.0665855400000002,13.4913654325,1.98168928304501,0.0869715860736993,0.157804521344591,-6.38350034506362,"SC24A_HUMAN",36,2.1429016853358,0.0662684239829967,0.128378888934194,0.0665855400000002,"Non-significant",0.891506387273306,"SEC24A","SC24A_HUMAN"
-0.079471347500002,13.12819826625,-2.18337128290252,0.0643905709192275,0.12569433123626,-6.08576754751005,"IST1_HUMAN",14,-2.1426160425508,0.0662973296766532,0.128405374964272,-0.079471347500002,"Non-significant",0.891416796606212,"IST1","IST1_HUMAN"
0.0998895170000011,9.06113207325,2.10056089740616,0.0728558097022407,0.137660080694953,-6.20886309529755,"KAT7_HUMAN",17,2.14121620840055,0.0664391668220523,0.128650525417661,0.0998895170000011,"Non-significant",0.890588435761253,"KAT7","KAT7_HUMAN"
0.394990205749998,9.201588749875,2.27314051857974,0.0563233524712087,0.113116401710703,-5.9512711615519,"SFT2B_HUMAN",2,2.14018625064903,0.0665437182959188,0.128823381147519,0.394990205749998,"Non-significant",0.89000530637216,"SFT2D2","SFT2B_HUMAN"
0.0625028599999951,11.236759185,2.00996195809526,0.0833875479918655,0.152964884009452,-6.34221333542697,"NUP85_HUMAN",26,2.13964912890362,0.0665983063564187,0.128889972816232,0.0625028599999951,"Non-significant",0.889780867906233,"NUP85","NUP85_HUMAN"
-0.0498545175000036,13.27603590625,-2.09309225850469,0.0736717388675142,0.138828322583116,-6.21991180817637,"MTNB_HUMAN",19,-2.1395469220491,0.066608698729091,0.128889972816232,-0.0498545175000036,"Non-significant",0.889780867906233,"APIP","MTNB_HUMAN"
0.0886199477500007,8.471892714375,1.99359039285924,0.0854448461485451,0.155755754365503,-6.3661413250482,"SMG1_HUMAN",87,2.13727098361654,0.0668405319261701,0.129308892266626,0.0886199477500007,"Non-significant",0.888371608688527,"SMG1","SMG1_HUMAN"
0.3817931415,7.6575360895,2.15996690256016,0.0666782030845798,0.128817459041926,-6.12066164626098,"EZH1_HUMAN",4,2.13687344062245,0.0668811085605486,0.129357701711075,0.3817931415,"Non-significant",0.888207709111742,"EZH1","EZH1_HUMAN"
0.106084823749997,9.396321773625,2.03277872032362,0.0806014247570524,0.148825719447359,-6.30877505059183,"ARHGB_HUMAN",38,2.13644293445535,0.0669250771867847,0.129413047856712,0.106084823749997,"Non-significant",0.88802193443627,"ARHGEF11","ARHGB_HUMAN"
0.836236238750001,6.930745601875,2.09002160690289,0.0740098260781748,0.139309697189132,-6.22445162673663,"KCNJ8_HUMAN",4,2.13418922287751,0.0671557213015418,0.129829260286857,0.836236238750001,"Non-significant",0.886627417327431,"KCNJ8","KCNJ8_HUMAN"
-0.0621221074999987,12.57648718125,-2.12628295032983,0.0701138990577275,0.133777011445217,-6.17074083751019,"SHFL_HUMAN",17,-2.13378364331026,0.0671973115913206,0.129879876038349,-0.0621221074999987,"Non-significant",0.88645813455086,"SHFL","SHFL_HUMAN"
0.597843885250001,7.783451437875,2.12142743759468,0.0706235011872997,0.134527794691017,-6.17794529372912,"ATF3_HUMAN",3,2.13335625215714,0.0672411661277047,0.129934843945535,0.597843885250001,"Non-significant",0.88627437083547,"ATF3","ATF3_HUMAN"
0.138082264999998,10.53616607,2.47140505180279,0.0419425450753135,0.089752148372637,-5.65148649080694,"CHUR_HUMAN",6,2.13230633858027,0.0673490178121116,0.130099135529014,0.138082264999998,"Non-significant",0.885725589189578,"CHURC1","CHUR_HUMAN"
0.0590419774999997,11.42247676625,2.20678473830477,0.0621807303347704,0.12231537362702,-6.05078480650821,"BABA2_HUMAN",15,2.13222815230482,0.0673570562876517,0.130099135529014,0.0590419774999997,"Non-significant",0.885725589189578,"BABAM2","BABA2_HUMAN"
0.1502346975,11.58882403375,2.10678196942198,0.0721830334785153,0.136726020042788,-6.19965284055769,"HG2A_HUMAN",13,2.13130774519298,0.0674517564057356,0.130252200399529,0.1502346975,"Non-significant",0.885214931266045,"CD74","HG2A_HUMAN"
0.213508248499997,8.15686792125,2.10102672548485,0.0728052176905297,0.137595331819165,-6.20817366301371,"S53A1_HUMAN",11,2.13050744746991,0.0675342055504737,0.130357897662691,0.213508248499997,"Non-significant",0.884862652202403,"XPR1","S53A1_HUMAN"
0.0711801034999979,10.08969557325,2.06393500999551,0.0769448026333044,0.143615531752906,-6.26295324222248,"CRBN_HUMAN",20,2.13038276735433,0.0675470594505443,0.130357897662691,0.0711801034999979,"Non-significant",0.884862652202403,"CRBN","CRBN_HUMAN"
0.183808802500002,10.82453846875,2.17252317136271,0.0654409723543269,0.127123026595161,-6.10195083992581,"UCK2_HUMAN",8,2.13032623473995,0.0675528884791359,0.130357897662691,0.183808802500002,"Non-significant",0.884862652202403,"UCK2","UCK2_HUMAN"
0.143672466250001,8.460941076375,2.078285603256,0.0753162396350812,0.141232610430278,-6.24178780224081,"MORC2_HUMAN",17,2.12934924989428,0.0676537031424156,0.130522559804857,0.143672466250001,"Non-significant",0.884314417429192,"MORC2","MORC2_HUMAN"
0.7143265005,6.331958592,2.0839786374117,0.0746796773712389,0.140400285002499,-6.23338115701128,"MIEAP_HUMAN",5,2.12859370241866,0.0677317697656949,0.13064326941763,0.7143265005,"Non-significant",0.883912959683905,"SPATA18","MIEAP_HUMAN"
0.2238047125,8.91323483,2.07882546817928,0.0752556448485747,0.14115319182211,-6.24099085149817,"RF1M_HUMAN",14,2.12763503426755,0.0678309519485042,0.130804642867523,0.2238047125,"Non-significant",0.883376840599216,"MTRF1","RF1M_HUMAN"
-0.0967900774999961,16.15027582625,-2.18913818187298,0.0638390666858876,0.124936032759542,-6.07715785170898,"MYDGF_HUMAN",12,-2.12715221210422,0.0678809582617341,0.130871133849075,-0.0967900774999961,"Non-significant",0.8831561349048,"MYDGF","MYDGF_HUMAN"
0.828200698,7.45738714925,2.06967610764294,0.0762891353998285,0.142612801571336,-6.25449021275515,"ZBT11_HUMAN",8,2.12553109275446,0.0680491257358053,0.131165351206747,0.828200698,"Non-significant",0.882180873550748,"ZBTB11","ZBT11_HUMAN"
0.5123507975,6.65638601775,2.17129468945139,0.0655610001102443,0.127154548994305,-6.10378246178058,"DC2L1_HUMAN",2,2.12529055142472,0.0680741134457391,0.131183516743058,0.5123507975,"Non-significant",0.882120730793091,"DYNC2LI1","DC2L1_HUMAN"
0.101960420000001,11.0426265,2.3421985442276,0.0508179821283612,0.104042936934651,-5.84720659271408,"TFIP8_HUMAN",9,2.12261987124413,0.0683521567291818,0.131689218073205,0.101960420000001,"Non-significant",0.880449781021472,"TNFAIP8","TFIP8_HUMAN"
0.0743172199999975,10.6185313475,2.06829585398626,0.0764462615519932,0.142843169723288,-6.256525404857,"DMAP1_HUMAN",19,2.12242841074031,0.0683721326461598,0.131697601936582,0.0743172199999975,"Non-significant",0.880422132974372,"DMAP1","DMAP1_HUMAN"
-0.0615255875000003,12.16160190125,-2.07066141414237,0.0761771651999274,0.142459788701735,-6.25303716384833,"PLBL2_HUMAN",19,-2.1218591102772,0.0684315643492488,0.131777800463575,-0.0615255875000003,"Non-significant",0.88015774564646,"PLBD2","PLBL2_HUMAN"
-0.0566968900000013,13.32842207,-1.99852884706507,0.0848190669635026,0.154950133384344,-6.35892931996011,"PPM1A_HUMAN",24,-2.12173013004636,0.0684450362355594,0.131777800463575,-0.0566968900000013,"Non-significant",0.88015774564646,"PPM1A","PPM1A_HUMAN"
0.0528728974999986,11.12184202625,1.86588832985531,0.103288362935966,0.180108538496504,-6.55071363189528,"ARHGC_HUMAN",65,2.12144252918868,0.068475085360665,0.131805547957307,0.0528728974999986,"Non-significant",0.880066309039929,"ARHGEF12","ARHGC_HUMAN"
0.282890319999998,7.98996531975,2.0832202001957,0.0747641723789033,0.14050996855781,-6.23450143308152,"TTC14_HUMAN",10,2.12068491458964,0.0685543048809402,0.131927907726357,0.282890319999998,"Non-significant",0.879663325078862,"TTC14","TTC14_HUMAN"
-0.0383746625000008,14.98933851625,-2.00476584545636,0.0840351744444717,0.153918401867112,-6.34981372724704,"PIPNB_HUMAN",21,-2.11987274323852,0.0686393296467025,0.132061380870134,-0.0383746625000008,"Non-significant",0.879224165936672,"PITPNB","PIPNB_HUMAN"
0.125688549999994,11.25896597,2.88503597850712,0.0228663183564115,0.0564062620503929,-5.02198492777606,"RT21_HUMAN",5,2.11948129859643,0.0686803464780913,0.132110141593754,0.125688549999994,"Non-significant",0.879063841968025,"MRPS21","RT21_HUMAN"
1.5687885285,7.888069868,2.05709536084272,0.0777332151068356,0.144574861018428,-6.27302785648351,"PERE_HUMAN",14,2.11717528182158,0.0689224701784625,0.132522527603814,1.5687885285,"Non-significant",0.877710289407038,"EPX","PERE_HUMAN"
0.0774819849999986,12.5078681725,2.25531951448814,0.057839552346553,0.115446267281339,-5.97804744954165,"GET4_HUMAN",12,2.11714002278571,0.0689261787893133,0.132522527603814,0.0774819849999986,"Non-significant",0.877710289407038,"GET4","GET4_HUMAN"
-0.0527353274999989,14.28292703625,-2.01069205774939,0.0832969450671146,0.152865218804857,-6.34114497336604,"HUTI_HUMAN",22,-2.11653052618503,0.0689903179265162,0.132615596306181,-0.0527353274999989,"Non-significant",0.877405397564704,"AMDHD1","HUTI_HUMAN"
0.162174940250001,9.546396374625,2.05467697915361,0.0780138922897623,0.144982820932956,-6.27658801326068,"TAF5_HUMAN",20,2.11605002255467,0.0690409242922191,0.132682615334955,0.162174940250001,"Non-significant",0.877185976598251,"TAF5","TAF5_HUMAN"
0.0854024875000015,14.93054199375,2.35661505904938,0.0497393724648414,0.102406734368869,-5.82542751861491,"NDUC2_HUMAN",10,2.1156834422849,0.0690795569613589,0.132726598045884,0.0854024875000015,"Non-significant",0.877042036992032,"NDUFC2","NDUC2_HUMAN"
0.116881130000001,14.0173183675,2.33466308450588,0.0513911962232944,0.105033384582791,-5.85858344945166,"CO72L_HUMAN",8,2.11499853150376,0.0691517946195307,0.132835113228811,0.116881130000001,"Non-significant",0.87668710971321,"COX7A2L","CO72L_HUMAN"
0.0460071550000016,19.1457128525,1.97718024504782,0.0875569934118096,0.15861119653302,-6.39006935615806,"ECHM_HUMAN",23,2.11419996889122,0.0692361133277178,0.132966780414521,0.0460071550000016,"Non-significant",0.876256846887804,"ECHS1","ECHM_HUMAN"
0.228312729749998,10.270573735125,2.83968435747051,0.0244203353961655,0.0595771366293137,-5.09091330388888,"GLMP_HUMAN",2,2.11391204366158,0.0692665396934513,0.13297404427144,0.228312729749998,"Non-significant",0.876233122414651,"GLMP","GLMP_HUMAN"
-0.0617189425000078,16.53684377625,-2.2939452294099,0.0546040101792547,0.110294081428454,-5.91996904429141,"LGUL_HUMAN",13,-2.11386561559401,0.0692714471937231,0.13297404427144,-0.0617189425000078,"Non-significant",0.876233122414651,"GLO1","LGUL_HUMAN"
0.104694605000001,11.80158317,2.23886702247013,0.059275849945288,0.117783153981337,-6.00273583170153,"LBP_HUMAN",10,2.1135101746846,0.0693090290814093,0.132974692298728,0.104694605000001,"Non-significant",0.876231005956577,"LBP","LBP_HUMAN"
0.0991053575000009,16.10959029375,2.68851841589935,0.0304490930404891,0.0702203571103372,-5.32104702406287,"ARF4_HUMAN",7,2.11336338154813,0.0693245558542479,0.132974692298728,0.0991053575000009,"Non-significant",0.876231005956577,"ARF4","ARF4_HUMAN"
-0.178042173250001,8.239409089125,-2.06640537335917,0.0766619914408024,0.143182788800027,-6.25931237425951,"NARF_HUMAN",15,-2.11330005957397,0.0693312546790423,0.132974692298728,-0.178042173250001,"Non-significant",0.876231005956577,"NARF","NARF_HUMAN"
0.0632326575000004,10.68651235125,2.01137457721183,0.0832123342927879,0.152746543717271,-6.34014613826247,"PTAR1_HUMAN",23,2.1132657155035,0.0693348882017925,0.132974692298728,0.0632326575000004,"Non-significant",0.876231005956577,"PTAR1","PTAR1_HUMAN"
0.45156693425,10.115362525375,2.29887565620876,0.0542043913564668,0.109565663008072,-5.91254442066039,"DYH11_HUMAN",1,2.11278751089981,0.0693855006701307,0.133041488887291,0.45156693425,"Non-significant",0.876012903506543,"DNAH11","DYH11_HUMAN"
-0.0798954999999957,16.455515145,-2.04783016284392,0.0788139789993941,0.146230030593417,-6.28666149053793,"AT5F1_HUMAN",20,-2.112469931391,0.0694191329648661,0.133075704289483,-0.0798954999999957,"Non-significant",0.875901226690231,"ATP5PB","AT5F1_HUMAN"
-0.0511882324999995,12.71386921375,-2.173492230903,0.0653464464336467,0.127001428865393,-6.10050585737512,"PPP6_HUMAN",16,-2.11161137302042,0.0695101365537222,0.133219859256781,-0.0511882324999995,"Non-significant",0.875431029499424,"PPP6C","PPP6_HUMAN"
-0.0951535725000028,14.31163990625,-2.76812523242862,0.0271015530024699,0.064457954361687,-5.19980174587095,"NPC2_HUMAN",7,-2.11096123165107,0.069579127141249,0.133301518765507,-0.0951535725000028,"Non-significant",0.875164902441192,"NPC2","NPC2_HUMAN"
0.190688134999997,10.7223024375,2.30938849898184,0.0533621688269514,0.108148526338633,-5.89670540515803,"DESI1_HUMAN",5,2.11091181982796,0.0695843733026732,0.133301518765507,0.190688134999997,"Non-significant",0.875164902441192,"DESI1","DESI1_HUMAN"
-0.181893348500001,9.30797863,-2.33891286215907,0.0510671175751228,0.104502241816147,-5.85216783901528,"C99L2_HUMAN",5,-2.10969180701207,0.0697140286049914,0.133519551718126,-0.181893348500001,"Non-significant",0.87445513443749,"CD99L2","C99L2_HUMAN"
0.209110855999999,8.2141825555,2.08087063845482,0.0750265317048408,0.140877397135242,-6.23797129961959,"R3HCL_HUMAN",11,2.10936587842675,0.0697487065791642,0.133555621934524,0.209110855999999,"Non-significant",0.87433782592226,"R3HCC1L","R3HCL_HUMAN"
0.109136822500002,11.63211285875,2.21678704853422,0.0612600376655262,0.12101262186143,-6.0358182576844,"COMD4_HUMAN",10,2.10912077461378,0.0697747962148062,0.133575234452555,0.109136822500002,"Non-significant",0.874274054866474,"COMMD4","COMD4_HUMAN"
-0.0928339974999979,14.08065891125,-2.29203679083818,0.0547594913858933,0.110528676458739,-5.9228422697169,"NUCKS_HUMAN",10,-2.10863896369875,0.0698261097835191,0.133643115205559,-0.0928339974999979,"Non-significant",0.874053409561772,"NUCKS1","NUCKS_HUMAN"
-0.1227211925,13.42047381375,-2.11985436289753,0.0707893904513503,0.134752432726836,-6.18027856829192,"EMC8_HUMAN",12,-2.10820087304823,0.069872799396495,0.13370211716528,-0.1227211925,"Non-significant",0.873861715655606,"EMC8","EMC8_HUMAN"
-0.046752452499998,16.92198348125,-1.88589924818233,0.100270448506866,0.176262692484749,-6.52205299034633,"ACY1_HUMAN",32,-2.10733727610316,0.0699649276598887,0.133848019801453,-0.046752452499998,"Non-significant",0.873388049547378,"ACY1","ACY1_HUMAN"
1.49383640275,7.442293882375,2.05820004774079,0.0776053377806833,0.144496441827563,-6.27140126256083,"DUS19_HUMAN",2,2.10679876244379,0.0700224367846153,0.133927642309399,1.49383640275,"Non-significant",0.873129776509545,"DUSP19","DUS19_HUMAN"
0.977647781249996,8.131195306625,2.07317366637646,0.0758924091380089,0.142091762910768,-6.24933151707855,"NCAS2_HUMAN",2,2.10623277002031,0.0700829306896193,0.134012936202995,0.977647781249996,"Non-significant",0.872853277378391,"NCBP2AS2","NCAS2_HUMAN"
-0.0699651224999993,14.06422412375,-2.80944854820294,0.0255176601272327,0.0615720590189821,-5.13690551755567,"UBC9_HUMAN",9,-2.10557345244156,0.0701534642943897,0.134117385016423,-0.0699651224999993,"Non-significant",0.872514922914027,"UBE2I","UBC9_HUMAN"
0.86828970925,7.745708346375,2.0661088298667,0.0766958857908831,0.143214360064544,-6.25974948386249,"RHBD3_HUMAN",3,2.1042508635719,0.0702951656284012,0.134357812036688,0.86828970925,"Non-significant",0.871737077084988,"RHBDD3","RHBD3_HUMAN"
0.122533559749998,9.857338070875,2.39125137428859,0.0472421869219263,0.0983949576389713,-5.77303535996807,"BUD23_HUMAN",7,2.10301267979201,0.0704280796528557,0.1345813383346,0.122533559749998,"Non-significant",0.871015157201157,"BUD23","BUD23_HUMAN"
-0.104294776999996,9.48131704325,-2.11583655883291,0.0712148526504416,0.135348363695732,-6.18623620534513,"KPCZ_HUMAN",13,-2.10170708750207,0.0705684981191125,0.134819100327742,-0.104294776999996,"Non-significant",0.870248575313239,"PRKCZ","KPCZ_HUMAN"
0.0945730209999986,8.93511319175,2.00221934117194,0.084354365945831,0.154273829816035,-6.35353650130515,"APBB2_HUMAN",30,2.10126016856839,0.0706166283272693,0.134880480437469,0.0945730209999986,"Non-significant",0.870050895781534,"APBB2","APBB2_HUMAN"
0.169099569249997,8.581906199375,2.06053179725511,0.0773360999211397,0.144122482033006,-6.2679671482927,"TTC5_HUMAN",14,2.10035576274338,0.0707141258717829,0.135029608702526,0.169099569249997,"Non-significant",0.869570990866483,"TTC5","TTC5_HUMAN"
-0.0978352999999998,13.0737208125,-2.46936887990915,0.0420693382541782,0.0898242898595119,-5.6545786847196,"NUDC2_HUMAN",8,-2.10023880745636,0.0707267436732296,0.135029608702526,-0.0978352999999998,"Non-significant",0.869570990866483,"NUDCD2","NUDC2_HUMAN"
0.313212157500002,10.96574652375,2.35568014422093,0.0498086094609319,0.102474193103782,-5.82684041637377,"DPY30_HUMAN",2,2.09980796030101,0.0707732450644624,0.13508779045479,0.313212157500002,"Non-significant",0.869383901738382,"DPY30","DPY30_HUMAN"
0.914285897999999,8.28434813,2.04456634140089,0.0791982226018666,0.14668464476184,-6.29146034769155,"LRP10_HUMAN",7,2.09942880815265,0.0708141919356953,0.135135346123155,0.914285897999999,"Non-significant",0.869231041662603,"LRP10","LRP10_HUMAN"
0.3849303725,7.15764188775,2.055282405945,0.0779435325959755,0.144926243819902,-6.27569685143626,"KLH42_HUMAN",9,2.09916772920112,0.0708424009623971,0.135158578024456,0.3849303725,"Non-significant",0.869156385995846,"KLHL42","KLH42_HUMAN"
0.376015663250001,7.595806837125,2.04597195644767,0.0790325158022654,0.146506504441895,-6.28939389169203,"KDM5B_HUMAN",12,2.09856200108305,0.0709078912649603,0.135252911399038,0.376015663250001,"Non-significant",0.868853377674788,"KDM5B","KDM5B_HUMAN"
0.153770923749999,8.522063255125,2.756713341194,0.0275568374054232,0.0654057542782738,-5.21717754309724,"MED19_HUMAN",4,2.09830269911796,0.0709359447921553,0.135275809650017,0.153770923749999,"Non-significant",0.868779858057125,"MED19","MED19_HUMAN"
-0.0472731574999994,11.73813748375,-1.88114822916028,0.100979143749913,0.177249729835072,-6.52886704722997,"M4K4_HUMAN",32,-2.09701308761898,0.071075628665827,0.135511529976081,-0.0472731574999994,"Non-significant",0.868023751343409,"MAP4K4","M4K4_HUMAN"
0.0853383549999993,11.1091448075,2.09549162561678,0.0734086296023544,0.138425355462695,-6.21636333675563,"TRABD_HUMAN",15,2.09676357834314,0.0711026854645765,0.135532459471035,0.0853383549999993,"Non-significant",0.867956680576013,"TRABD","TRABD_HUMAN"
0.0706763300000013,11.4270441525,2.12380848387513,0.0703731431436766,0.134141841600645,-6.1744128395081,"UPP1_HUMAN",15,2.09659115784887,0.071121388681826,0.135537459913884,0.0706763300000013,"Non-significant",0.867940657663976,"UPP1","UPP1_HUMAN"
0.210245489749999,8.239061176875,2.06651370699768,0.0766496128136534,0.143182788800027,-6.2591526848795,"TDIF1_HUMAN",11,2.09558198457334,0.0712309554533159,0.1357155794566,0.210245489749999,"Non-significant",0.867370294686155,"DNTTIP1","TDIF1_HUMAN"
-0.0438423125000025,14.84510302625,-1.9717463991437,0.0882676013237775,0.15952135753819,-6.39797983093686,"CAPR1_HUMAN",22,-2.09439349352219,0.0713602041762512,0.135931109830875,-0.0438423125000025,"Non-significant",0.866681137221234,"CAPRIN1","CAPR1_HUMAN"
-0.0255565600000018,13.773014545,-1.56530519607863,0.160462120708566,0.252715847431334,-6.96630178668065,"PLSI_HUMAN",37,-2.0935713008096,0.0714497530312722,0.136070937257251,-0.0255565600000018,"Non-significant",0.866234623779933,"PLS1","PLSI_HUMAN"
0.1625235085,9.421133399,2.03766560857859,0.0800167346691113,0.147973026881514,-6.30159998222536,"TERF2_HUMAN",18,2.09335005708163,0.0714738686164158,0.136086116685739,0.1625235085,"Non-significant",0.866186178649136,"TERF2","TERF2_HUMAN"
-0.108431102499997,12.70697629625,-2.35613172122585,0.0497751547872646,0.102455379658572,-5.82615797572972,"DENR_HUMAN",8,-2.09164897465698,0.0716595547377628,0.136402559985202,-0.108431102499997,"Non-significant",0.865177478821666,"DENR","DENR_HUMAN"
0.0625560350000018,12.6027826075,1.99065431913717,0.0858190394452304,0.156195694530476,-6.37042668121569,"STK25_HUMAN",23,2.0915311566631,0.0716724330495267,0.136402559985202,0.0625560350000018,"Non-significant",0.865177478821666,"STK25","STK25_HUMAN"
0.0662696350000012,10.6382614375,1.95869660970536,0.0899973266129853,0.162056711390911,-6.41695094063352,"NEDD4_HUMAN",29,2.0906016635946,0.0717741129477583,0.136537791716057,0.0662696350000012,"Non-significant",0.864747125457437,"NEDD4","NEDD4_HUMAN"
0.124273299999999,15.628391265,2.09907389117136,0.0730175422844229,0.137872953386066,-6.21106364303547,"RL9_HUMAN",12,2.09058545397802,0.0717758874236385,0.136537791716057,0.124273299999999,"Non-significant",0.864747125457437,"RPL9","RL9_HUMAN"
0.0784153950000022,14.272637605,2.0171197561462,0.082503459185156,0.151706295259965,-6.33173461866898,"TMPS6_HUMAN",21,2.08959244638611,0.0718846749499486,0.136713882029133,0.0784153950000022,"Non-significant",0.864187384608837,"TMPRSS6","TMPS6_HUMAN"
-0.0772147175000022,12.36191272875,-2.22092446291763,0.0608832137715817,0.120409340422492,-6.02962371678959,"RPAB1_HUMAN",12,-2.08899457434342,0.0719502522523691,0.136807732062987,-0.0772147175000022,"Non-significant",0.863889356582321,"POLR2E","RPAB1_HUMAN"
0.436437606749999,8.055332660875,2.07054503786269,0.0761903817140138,0.142459788701735,-6.25320879504446,"KBTB7_HUMAN",5,2.08872591053239,0.0719797396890195,0.136832933206754,0.436437606749999,"Non-significant",0.86380936322537,"KBTBD7","KBTB7_HUMAN"
0.0720701250000033,10.608112575,2.19030843140724,0.0637277317422671,0.124843507509684,-6.07541017665851,"SNX18_HUMAN",13,2.08822863523505,0.072034349979313,0.136905870569477,0.0720701250000033,"Non-significant",0.863577928774223,"SNX18","SNX18_HUMAN"
0.139306068250002,8.982356309875,2.0487022694147,0.0787116197421309,0.146072268341352,-6.28537887721962,"PHLB3_HUMAN",15,2.08709640777608,0.0721588423099386,0.137111560376572,0.139306068250002,"Non-significant",0.862925926712347,"PHLDB3","PHLB3_HUMAN"
-0.0754933374999993,16.12381196125,-2.17149084533701,0.0655418200987378,0.127146605664502,-6.10349001477747,"PGRC2_HUMAN",13,-2.08579030754589,0.0723027156457345,0.137353975699323,-0.0754933374999993,"Non-significant",0.862158765444082,"PGRMC2","PGRC2_HUMAN"
-0.0668797499999982,16.149616955,-2.21604470834577,0.0613278955284316,0.121101334517407,-6.03692946358893,"NQO2_HUMAN",13,-2.08500022183858,0.0723898844749445,0.137478839785254,-0.0668797499999982,"Non-significant",0.861764141627832,"NQO2","NQO2_HUMAN"
0.323042631,7.62201035025,2.58460568561383,0.0354775106802443,0.0786326419994159,-5.47932277583766,"S36A1_HUMAN",1,2.08489895853487,0.0724010641602493,0.137478839785254,0.323042631,"Non-significant",0.861764141627832,"SLC36A1","S36A1_HUMAN"
0.0598609475000007,10.77234351625,1.92459374377077,0.0946754751068582,0.168500755843688,-6.46634534304744,"UTP6_HUMAN",32,2.08381554559729,0.0725207816556787,0.137675150580116,0.0598609475000007,"Non-significant",0.861144439843391,"UTP6","UTP6_HUMAN"
0.536072015749999,7.272990226625,2.03178607915369,0.0807207030161288,0.149012880586781,-6.31023191127545,"JAK2_HUMAN",9,2.08315744705963,0.0725935968464411,0.137782352582448,0.536072015749999,"Non-significant",0.860806404103738,"JAK2","JAK2_HUMAN"
0.0783839224999987,12.08247971375,2.20592520827786,0.0622604939292268,0.122386591261533,-6.05207033239121,"RM24_HUMAN",12,2.08222842260127,0.0726965110583223,0.137946621276587,0.0783839224999987,"Non-significant",0.860288932219258,"MRPL24","RM24_HUMAN"
0.0268735900000081,16.2748708725,1.45706598513563,0.187437531494035,0.284361222635569,-7.10749105841616,"FAS_HUMAN",166,2.08172958641787,0.0727518296754764,0.138020520444427,0.0268735900000081,"Non-significant",0.860056339299845,"FASN","FAS_HUMAN"
0.0787200949999978,18.0392656325,1.99005444490297,0.085895689219367,0.156205990168294,-6.37130200653549,"THTR_HUMAN",24,2.08074898654856,0.0728606943972817,0.138184639479972,0.0787200949999978,"Non-significant",0.859540230187908,"TST","THTR_HUMAN"
-0.126652479000001,9.25131738175,-2.17972367638348,0.0647418636710804,0.126117210280457,-6.09121089557172,"SNX24_HUMAN",9,-2.08065509795651,0.0728711261701831,0.138184639479972,-0.126652479000001,"Non-significant",0.859540230187908,"SNX24","SNX24_HUMAN"
0.18801546125,9.371735572625,2.2743091056396,0.056225343282155,0.112973401317112,-5.94951413988003,"RM51_HUMAN",5,2.0793704734179,0.0730140058812996,0.138424438950399,0.18801546125,"Non-significant",0.858787228056155,"MRPL51","RM51_HUMAN"
0.0906748742500021,10.133224725375,1.98091651028624,0.0870716417663514,0.157901649838334,-6.38462647293078,"RASA2_HUMAN",29,2.07913204068824,0.0730405553713986,0.138443634186085,0.0906748742500021,"Non-significant",0.858727008870491,"RASA2","RASA2_HUMAN"
1.12998461725,6.940865278125,2.02270768657683,0.0818196921755748,0.150679087906472,-6.32354699750135,"CQ080_HUMAN",6,2.07762721359446,0.0732083371036976,0.138730457159862,1.12998461725,"Non-significant",0.857828182586599,"MTNAP1","CQ080_HUMAN"
-0.100213764999996,12.0107589975,-2.96122519686483,0.0204852807973013,0.0519153433074122,-4.90638058811287,"UBFD1_HUMAN",6,-2.07694914892056,0.0732840622062633,0.138811704513298,-0.100213764999996,"Non-significant",0.857573912906911,"UBFD1","UBFD1_HUMAN"
-0.657857894499999,6.7168194055,-2.03535667056838,0.0802924633432644,0.148385260583288,-6.30499060381118,"NPL_HUMAN",5,-2.07694837939866,0.0732841481888926,0.138811704513298,-0.657857894499999,"Non-significant",0.857573912906911,"NPL","NPL_HUMAN"
0.265756368749999,7.262885928125,2.04185239229228,0.0795191393761719,0.147181999517293,-6.29544918589275,"SETD9_HUMAN",10,2.07655963447458,0.0733275973390624,0.138862798915066,0.265756368749999,"Non-significant",0.857414085362643,"SETD9","SETD9_HUMAN"
0.0775671004999996,9.870237112,2.01145295869463,0.0832026228897161,0.152746543717271,-6.34003142462028,"FBXW5_HUMAN",20,2.07505114035081,0.0734964383201525,0.139151275516749,0.0775671004999996,"Non-significant",0.856512808393203,"FBXW5","FBXW5_HUMAN"
0.239891529250002,7.907403707625,2.04544113558584,0.0790950535489462,0.146557970183352,-6.29017431837973,"HDAC8_HUMAN",10,2.07449892968068,0.0735583410356618,0.139216955295782,0.239891529250002,"Non-significant",0.856307868583421,"HDAC8","HDAC8_HUMAN"
0.139243602499995,9.06054162975,2.03586350895379,0.0802318575266815,0.148305773485175,-6.30424641122534,"PKHM2_HUMAN",15,2.07426334045222,0.0735847661407262,0.139216955295782,0.139243602499995,"Non-significant",0.856307868583421,"PLEKHM2","PKHM2_HUMAN"
0.14051556625,8.536885857375,2.55095755657883,0.03728416583787,0.0817130093206984,-5.5305401407445,"EAF6_HUMAN",5,2.07425282123351,0.0735859462571944,0.139216955295782,0.14051556625,"Non-significant",0.856307868583421,"MEAF6","EAF6_HUMAN"
0.367211223,7.19248551125,2.09816796131491,0.0731162495550047,0.137997507277012,-6.21240410251389,"SEM3C_HUMAN",4,2.07415256557751,0.0735971945424136,0.139216955295782,0.367211223,"Non-significant",0.856307868583421,"SEMA3C","SEM3C_HUMAN"
0.0820321999999969,14.792604925,1.96510441740296,0.0891438779300836,0.160691562675936,-6.40764031105271,"DNPEP_HUMAN",30,2.07382766155065,0.0736336590956617,0.139231123985297,0.0820321999999969,"Non-significant",0.856263670873792,"DNPEP","DNPEP_HUMAN"
0.598088384,6.391280353,2.13723514046719,0.0689778455292011,0.132350161612938,-6.15447674638893,"S36A4_HUMAN",1,2.07379147879165,0.0736377210495258,0.139231123985297,0.598088384,"Non-significant",0.856263670873792,"SLC36A4","S36A4_HUMAN"
0.0536782725000009,14.45161235375,2.69381032943342,0.0302137278765834,0.0698304119198579,-5.31298542031936,"SLIRP_HUMAN",11,2.07229731028599,0.0738056520808564,0.139517345007746,0.0536782725000009,"Non-significant",0.855371796885824,"SLIRP","SLIRP_HUMAN"
0.0899167099999989,11.740237475,2.00324427050308,0.0842257531332389,0.154166964855607,-6.35203830143676,"TRM6_HUMAN",21,2.07188812047573,0.0738517069345156,0.139552659034706,0.0899167099999989,"Non-significant",0.855261884054619,"TRMT6","TRM6_HUMAN"
0.122453455000002,10.285375475,2.82933050874036,0.0247904221498401,0.0602706859824061,-5.10665965115134,"RTL8A_HUMAN",5,2.07183714779604,0.0738574459548965,0.139552659034706,0.122453455000002,"Non-significant",0.855261884054619,"RTL8A","RTL8A_HUMAN"
-0.211947679250002,9.263236403375,-2.14406541430442,0.068278665694062,0.131277571426836,-6.14432437725078,"GMFG_HUMAN",6,-2.07133291329504,0.0739142413984989,0.139628673408325,-0.211947679250002,"Non-significant",0.855025388128941,"GMFG","GMFG_HUMAN"
0.0663835999999982,10.6044679875,2.07719509341382,0.0754387867330369,0.141430946034868,-6.24339746093998,"NLE1_HUMAN",16,2.07034068109891,0.0740261287765255,0.139808702544776,0.0663835999999982,"Non-significant",0.854465794616492,"NLE1","NLE1_HUMAN"
0.0462603574999996,11.14431810375,1.77965007004326,0.117325485345656,0.199301998383421,-6.67296811564629,"DHX29_HUMAN",68,2.07016665160411,0.0740457700647777,0.139814470402332,0.0462603574999996,"Non-significant",0.854447878013349,"DHX29","DHX29_HUMAN"
-0.0872564349999987,10.9112231725,-2.04559063036507,0.0790774361351667,0.146557543795805,-6.28995453262384,"AVEN_HUMAN",16,-2.06732450416562,0.0743672656244824,0.140390074344628,-0.0872564349999987,"Non-significant",0.852663595979268,"AVEN","AVEN_HUMAN"
0.101809262500002,11.03211438375,2.08092162205633,0.075020829038483,0.140877397135242,-6.23789601652346,"RRP15_HUMAN",13,2.06595540005041,0.0745226237374092,0.140651857474837,0.101809262500002,"Non-significant",0.851854528086443,"RRP15","RRP15_HUMAN"
0.1951084135,8.84927153575,2.01227162242398,0.0831012577476473,0.152639028449536,-6.33883321159502,"PANK2_HUMAN",16,2.06383321554845,0.0747640672913358,0.141075962211477,0.1951084135,"Non-significant",0.850546978933448,"PANK2","PANK2_HUMAN"
0.0861473082500002,9.093966484125,1.97465752339927,0.0878862009496249,0.158968409400083,-6.39374267783495,"WWP2_HUMAN",25,2.06310068170529,0.0748475867769775,0.141178391336258,0.0861473082500002,"Non-significant",0.850231771000802,"WWP2","WWP2_HUMAN"
-0.0935535399999967,13.97636795,-2.12407191682416,0.070345498530915,0.134119476841684,-6.17402196238609,"PA1B2_HUMAN",12,-2.0630633245816,0.0748518484851983,0.141178391336258,-0.0935535399999967,"Non-significant",0.850231771000802,"PAFAH1B2","PA1B2_HUMAN"
0.0521123400000008,15.43795073,2.49089524802692,0.0407485493376672,0.0878464847849653,-5.62187822943765,"MMAB_HUMAN",12,2.06234639418763,0.0749336822241827,0.141301120238845,0.0521123400000008,"Non-significant",0.849854395040188,"MMAB","MMAB_HUMAN"
0.0873968602499993,8.988535523375,1.94308174690997,0.0921106408690468,0.165051146234098,-6.4396007893873,"CE170_HUMAN",42,2.06195512415772,0.0749783806318887,0.14133007696668,0.0873968602499993,"Non-significant",0.849765404530426,"CEP170","CE170_HUMAN"
-0.0655169475000008,11.85404014625,-2.87294107443943,0.0232703278997455,0.057245114859967,-5.04036015730221,"RU2B_HUMAN",9,-2.06191844153453,0.0749825725702923,0.14133007696668,-0.0655169475000008,"Non-significant",0.849765404530426,"SNRPB2","RU2B_HUMAN"
-0.0637183174999993,11.14271235375,-2.20798701781345,0.0620693320241451,0.122163155940579,-6.04898649969828,"IL18_HUMAN",13,-2.06159297879572,0.0750197751834731,0.141368585965011,-0.0637183174999993,"Non-significant",0.849647085997125,"IL18","IL18_HUMAN"
-0.113423349749997,10.012620687625,-2.07987905330422,0.0751375289521681,0.141022986314368,-6.23943539769537,"RENR_HUMAN",12,-2.0597684923209,0.0752286621733025,0.141703075175494,-0.113423349749997,"Non-significant",0.848620724789545,"ATP6AP2","RENR_HUMAN"
-0.0712320824999964,13.68965089375,-2.65930061198369,0.0317833694280527,0.0725825036329061,-5.36555758230581,"MGMT_HUMAN",9,-2.05974896785792,0.075230900630008,0.141703075175494,-0.0712320824999964,"Non-significant",0.848620724789545,"MGMT","MGMT_HUMAN"
0.0707676399999997,10.193902135,2.08243783953888,0.0748514319807528,0.14064260369277,-6.23565694134081,"MBD2_HUMAN",15,2.05914383264456,0.0753003110909641,0.141797880010438,0.0707676399999997,"Non-significant",0.848330262147671,"MBD2","MBD2_HUMAN"
-0.0314488424999997,14.04710578875,-1.92687988485186,0.0943545873568735,0.168142667406149,-6.46304260093572,"TMOD3_HUMAN",21,-2.05901690250944,0.0753148782544466,0.141797880010438,-0.0314488424999997,"Non-significant",0.848330262147671,"TMOD3","TMOD3_HUMAN"
-0.0910661222500018,9.105889201125,-2.12612152604502,0.070130782055989,0.133777011445217,-6.17098041370254,"ALKB3_HUMAN",12,-2.05858718206616,0.0753642157448862,0.141859083187505,-0.0910661222500018,"Non-significant",0.848142851253978,"ALKBH3","ALKB3_HUMAN"
0.066861627499998,11.09499669125,2.02227082470591,0.0818729469992522,0.150736631986403,-6.32418732526379,"RBP10_HUMAN",18,2.05840397340729,0.0753852601222967,0.141867014416352,0.066861627499998,"Non-significant",0.848118570872632,"RANBP10","RBP10_HUMAN"
0.117892503750001,8.492904305375,1.98161932754119,0.0869806390042672,0.157804521344591,-6.38360229342675,"ARID2_HUMAN",26,2.05809426302411,0.0754208483143587,0.141885950142963,0.117892503750001,"Non-significant",0.848060607202697,"ARID2","ARID2_HUMAN"
-0.0580182075000018,11.24801325875,-1.94444866545128,0.0919237229070055,0.16475123546314,-6.4376202545424,"SNX7_HUMAN",24,-2.05802344378761,0.0754289883249041,0.141885950142963,-0.0580182075000018,"Non-significant",0.848060607202697,"SNX7","SNX7_HUMAN"
-2.7111501695,10.24494266525,-2.00422123238655,0.084103338970455,0.15397633453127,-6.35061001745105,"TSN3_HUMAN",1,-2.05748198225273,0.0754912527766582,0.141971389927365,-2.7111501695,"Non-significant",0.847799165818005,"TSPAN3","TSN3_HUMAN"
-0.138000967499998,10.26065445125,-2.09103537306176,0.0738980376548523,0.139192527238603,-6.22295299759756,"DYR_HUMAN",10,-2.0570110550172,0.0755454472611669,0.142041618327989,-0.138000967499998,"Non-significant",0.847584388278956,"DHFR","DYR_HUMAN"
0.0880835052499975,9.940940260625,2.00219559950039,0.084357347445973,0.154273829816035,-6.35357120334984,"UCKL1_HUMAN",19,2.05669214257254,0.075582169503423,0.142061274035329,0.0880835052499975,"Non-significant",0.847524294802413,"UCKL1","UCKL1_HUMAN"
-0.151049372499999,11.24041330625,-3.4404047445809,0.0104281173684241,0.0313252321092111,-4.18859331981258,"DD19B_HUMAN",3,-2.0566275533817,0.0755896089747834,0.142061274035329,-0.151049372499999,"Non-significant",0.847524294802413,"DDX19B","DD19B_HUMAN"
-0.0685796775000007,11.88558363875,-2.05768137989754,0.0776653522569629,0.144544326379762,-6.27216500186641,"THOC3_HUMAN",16,-2.05606314589337,0.0756546487782293,0.142151813319593,-0.0685796775000007,"Non-significant",0.847247595982893,"THOC3","THOC3_HUMAN"
0.1782147885,8.49920976175,2.1292304801448,0.0698063347659096,0.133363009007673,-6.16636557091243,"ERR1_HUMAN",7,2.05392564747629,0.0759014626162899,0.142583781678785,0.1782147885,"Non-significant",0.845929870893553,"ESRRA","ERR1_HUMAN"
-0.0958864687499972,9.544124484125,-2.02517474962014,0.0815195895756535,0.150172049105574,-6.3199302072465,"NAGPA_HUMAN",16,-2.05366662798376,0.0759314248238817,0.142597803237129,-0.0958864687499972,"Non-significant",0.845887164872243,"NAGPA","NAGPA_HUMAN"
0.0850071882500014,10.063522815875,2.07226363274023,0.0759954366281658,0.142221477650713,-6.25067397361421,"PTEN_HUMAN",14,2.05356864789451,0.0759427617429673,0.142597803237129,0.0850071882500014,"Non-significant",0.845887164872243,"PTEN","PTEN_HUMAN"
0.419281363750001,7.912508547375,1.99338224745189,0.085471320775441,0.155770327095393,-6.36644518396533,"P3C2B_HUMAN",25,2.0531336442942,0.0759931144749817,0.142642325947932,0.419281363750001,"Non-significant",0.845751588101658,"PIK3C2B","P3C2B_HUMAN"
0.235837936250002,9.042327642375,2.13934170361307,0.0687614490862703,0.131995047676651,-6.15134635583298,"TBA8_HUMAN",5,2.05307142970609,0.0760003186418508,0.142642325947932,0.235837936250002,"Non-significant",0.845751588101658,"TUBA8","TBA8_HUMAN"
-0.1020293265,10.09989833675,-2.17215097415081,0.0654773143175827,0.127123026595161,-6.10250579491014,"OTU6B_HUMAN",10,-2.05197942881064,0.0761268764967421,0.14284805030967,-0.1020293265,"Non-significant",0.845125682796324,"OTUD6B","OTU6B_HUMAN"
-0.0340380699999976,15.3221035,-1.69522916934113,0.132818351081461,0.218614700501003,-6.79044755417683,"NUCB1_HUMAN",38,-2.05036845697539,0.0763139581003438,0.143167227426619,-0.0340380699999976,"Non-significant",0.844156385496691,"NUCB1","NUCB1_HUMAN"
1.32266843325,7.695864975375,1.99191269521065,0.0856584667851157,0.15603804037144,-6.36859023602909,"SN_HUMAN",13,2.04990603258205,0.0763677425069407,0.143236248685136,1.32266843325,"Non-significant",0.843947061554848,"SIGLEC1","SN_HUMAN"
-0.0351679375000042,13.58724367625,-1.65301306581345,0.141271556522087,0.229702536636704,-6.84828580414918,"DYN2_HUMAN",59,-2.04917837785189,0.0764524510133821,0.143363227940333,-0.0351679375000042,"Non-significant",0.843562229076395,"DNM2","DYN2_HUMAN"
-0.82143282875,6.673137903125,-1.99786025934141,0.0849035231996818,0.155053586599028,-6.3599060073216,"TRPV4_HUMAN",6,-2.04845456224229,0.0765368039803072,0.143489484152582,-0.82143282875,"Non-significant",0.843179925702469,"TRPV4","TRPV4_HUMAN"
0.537766218249997,7.483528494875,1.99909762199841,0.0847472841031545,0.154886135669013,-6.35809836827092,"DHX40_HUMAN",8,2.04742575762505,0.0766568571688623,0.14368259930539,0.537766218249997,"Non-significant",0.84259582395505,"DHX40","DHX40_HUMAN"
0.776742577250004,8.307249724875,1.99101458257194,0.0857730385549298,0.156185124644524,-6.36990095506987,"ESS2_HUMAN",10,2.04662267567626,0.0767506986018598,0.14381266794264,0.776742577250004,"Non-significant",0.842202856823307,"ESS2","ESS2_HUMAN"
-0.3686642645,7.1382056475,-2.18429077627948,0.0643023183692915,0.125631083398741,-6.08439509288107,"ARG35_HUMAN",2,-2.04653992905986,0.0767603740744971,0.14381266794264,-0.3686642645,"Non-significant",0.842202856823307,"ARHGEF35","ARG35_HUMAN"
0.21606445275,8.682253837625,1.97769317628967,0.0874902054390416,0.158556086237289,-6.38932231106794,"SI1L3_HUMAN",41,2.04579899239836,0.0768470642906256,0.143943089979041,0.21606445275,"Non-significant",0.841809178691441,"SIPA1L3","SI1L3_HUMAN"
-0.0566999899999985,15.44601023,-2.36419406184576,0.049181696047887,0.101431983358855,-5.81397110171428,"GSH0_HUMAN",12,-2.04564505343286,0.0768650873139837,0.14394486135738,-0.0566999899999985,"Non-significant",0.841803834252157,"GCLM","GSH0_HUMAN"
0.172527075000001,9.28803432,2.28325036978728,0.0554811223808602,0.111744415901618,-5.9360657882423,"MFSD8_HUMAN",5,2.04546823905501,0.0768857936795876,0.143951655914092,0.172527075000001,"Non-significant",0.841783334952509,"MFSD8","MFSD8_HUMAN"
0.0507595525000006,12.49071443125,1.83115279209894,0.108736437457889,0.187969530626034,-6.60020961167567,"CD2AP_HUMAN",40,2.04503685851617,0.076936334699717,0.144014293844973,0.0507595525000006,"Non-significant",0.841594400752537,"CD2AP","CD2AP_HUMAN"
0.40412616725,7.011094331875,2.01031761572862,0.0833433999627076,0.152917178555869,-6.34169291157855,"CLIC2_HUMAN",7,2.04484350162741,0.0769589991714577,0.14402473446186,0.40412616725,"Non-significant",0.841562916808641,"CLIC2","CLIC2_HUMAN"
0.28332829475,8.300338149125,1.99085746802938,0.0857930970331005,0.156187908184018,-6.37013023294229,"MICU3_HUMAN",15,2.04436902604551,0.077014642908122,0.14409687570978,0.28332829475,"Non-significant",0.841345435401915,"MICU3","MICU3_HUMAN"
-0.048922300000001,10.0704211,-1.91121197449933,0.0965751850860521,0.171051110546403,-6.48565251892718,"F263_HUMAN",24,-2.04396779256548,0.0770617279981564,0.14411783982904,-0.048922300000001,"Non-significant",0.841282256106497,"PFKFB3","F263_HUMAN"
0.174516201249997,9.523213148125,2.27271800451992,0.0563588311153298,0.113133743146253,-5.95190639403124,"RN128_HUMAN",5,2.04389482189767,0.0770702941987748,0.14411783982904,0.174516201249997,"Non-significant",0.841282256106497,"RNF128","RN128_HUMAN"
0.139005185750001,10.108234644625,1.99053378456001,0.0858344355279587,0.156195694530476,-6.37060256911726,"TAF7_HUMAN",18,2.04372497007052,0.0770902371229969,0.14411783982904,0.139005185750001,"Non-significant",0.841282256106497,"TAF7","TAF7_HUMAN"
0.164127946250002,7.965059340125,2.21067824019145,0.0618207002786323,0.121834623018142,-6.04496043777635,"AFF4_HUMAN",6,2.04369089243285,0.0770942389119872,0.14411783982904,0.164127946250002,"Non-significant",0.841282256106497,"AFF4","AFF4_HUMAN"
0.0504918100000005,12.8804194925,1.97472135190993,0.087877856584923,0.158968409400083,-6.39364975450585,"PURA2_HUMAN",20,2.04297725170759,0.0771780896055818,0.144242598067727,0.0504918100000005,"Non-significant",0.840906463793171,"ADSS2","PURA2_HUMAN"
-0.0957975399999995,15.8453190325,-2.1869546447207,0.0640473251649684,0.125227303135124,-6.08041829682777,"S39AE_HUMAN",10,-2.04197641825309,0.0772958351334988,0.144390797043069,-0.0957975399999995,"Non-significant",0.84046048627317,"SLC39A14","S39AE_HUMAN"
0.0509295425000023,12.45051741625,2.09464711356552,0.073501130322899,0.138537796845196,-6.21761241362151,"PELO_HUMAN",16,2.04190644444226,0.0773040739540947,0.144390797043069,0.0509295425000023,"Non-significant",0.84046048627317,"PELO","PELO_HUMAN"
0.380760908000002,7.909672141,1.99015737351234,0.0858825325968126,0.156205990168294,-6.37115182041644,"NCOA6_HUMAN",12,2.04186651827277,0.0773087753061298,0.144390797043069,0.380760908000002,"Non-significant",0.84046048627317,"NCOA6","NCOA6_HUMAN"
0.296445608000001,8.21781766425,1.98812478871894,0.0861427097982586,0.156587643064378,-6.37411720966221,"CP7A1_HUMAN",14,2.04034188919446,0.0774885118074665,0.144694431994935,0.296445608000001,"Non-significant",0.839548180701288,"CYP7A1","CP7A1_HUMAN"
0.0681462275000033,10.68047189625,2.45394879987391,0.043042402969053,0.0912661173312623,-5.67798934138215,"CH033_HUMAN",10,2.03828973044981,0.0777310843708011,0.145115240345843,0.0681462275000033,"Non-significant",0.838286974533119,"C8orf33","CH033_HUMAN"
0.929574609,7.2610533835,1.9882394266537,0.0861280152212563,0.156587643064378,-6.3739499847317,"AMERL_HUMAN",5,2.0380379844169,0.0777608928156631,0.145138743477242,0.929574609,"Non-significant",0.838216641095061,"AMMECR1L","AMERL_HUMAN"
0.0958197115000008,9.8427962065,2.00770983626214,0.0836676400545377,0.153378542414027,-6.34550820600272,"DAPK3_HUMAN",16,2.03642947855641,0.0779516152436897,0.145439967601467,0.0958197115000008,"Non-significant",0.83731623086651,"DAPK3","DAPK3_HUMAN"
0.121874809500003,9.09429121,1.96591225929967,0.0890368461216421,0.160567303371699,-6.40646585855805,"CT2NL_HUMAN",24,2.03638589892723,0.0779567888982592,0.145439967601467,0.121874809500003,"Non-significant",0.83731623086651,"CTTNBP2NL","CT2NL_HUMAN"
0.0530827024999994,12.97090899875,1.95156508723458,0.0909565624424507,0.163491975017698,-6.42730231400271,"MPI_HUMAN",21,2.03539080113703,0.0780750157000725,0.14562830434519,0.0530827024999994,"Non-significant",0.836754207260113,"MPI","MPI_HUMAN"
0.981914401250001,7.733379662125,1.97774808345738,0.087483059022354,0.158556086237289,-6.3892423396116,"ERCC6_HUMAN",12,2.03475748203848,0.0781503512306403,0.145736573124572,0.981914401250001,"Non-significant",0.836431446768039,"ERCC6","ERCC6_HUMAN"
-0.0531387349999992,11.1092991825,-1.98719494157183,0.0862619908803775,0.156733833125576,-6.37547349570432,"PRKRA_HUMAN",19,-2.03420219084312,0.0782164636052866,0.145827598259005,-0.0531387349999992,"Non-significant",0.836160276859232,"PRKRA","PRKRA_HUMAN"
0.0632052450000007,10.81330943,2.07628713989456,0.0755409696677032,0.141559544982008,-6.24473749566066,"MET2B_HUMAN",15,2.03383274912306,0.0782604792611135,0.145868497355738,0.0632052450000007,"Non-significant",0.836038490846944,"METTL2B","MET2B_HUMAN"
0.0577697750000006,12.751140595,2.09781262624608,0.0731550019337739,0.138039738370222,-6.2129298365357,"NUBP2_HUMAN",15,2.0337275984094,0.0782730114533162,0.145868497355738,0.0577697750000006,"Non-significant",0.836038490846944,"NUBP2","NUBP2_HUMAN"
0.071033240000002,11.6308454275,2.12811831001066,0.0699222275172193,0.133523891196792,-6.16801661890257,"PAWR_HUMAN",13,2.03301686403137,0.0783577705240675,0.145958838752395,0.071033240000002,"Non-significant",0.835769600537818,"PAWR","PAWR_HUMAN"
0.143321515000004,15.356046675,2.05745004866434,0.07769213413766,0.144562251356807,-6.27250562157856,"RS15_HUMAN",10,2.03301067260537,0.0783585092809164,0.145958838752395,0.143321515000004,"Non-significant",0.835769600537818,"RPS15","RS15_HUMAN"
0.0974881650000015,14.61724651,1.91180099496682,0.0964907916253273,0.170973488040758,-6.48480359585769,"DESP_HUMAN",222,2.03288557385297,0.0783734374413736,0.145958838752395,0.0974881650000015,"Non-significant",0.835769600537818,"DSP","DESP_HUMAN"
0.0554029949999979,10.5547038325,1.82914648256696,0.1090594285448,0.188334751732046,-6.60305831173148,"MYO5A_HUMAN",48,2.03114934454223,0.0785809109952297,0.146281150149113,0.0554029949999979,"Non-significant",0.834811633639917,"MYO5A","MYO5A_HUMAN"
0.0569899125000006,10.12675273375,1.88000988147382,0.101149666704162,0.177390113263355,-6.53049883737527,"MCM6_HUMAN",30,2.03114681703652,0.0785812134150176,0.146281150149113,0.0569899125000006,"Non-significant",0.834811633639917,"MCM6","MCM6_HUMAN"
0.239246845000002,13.474368335,2.17268063403227,0.0654256035118646,0.127123026595161,-6.1017160534277,"COX1_HUMAN",4,2.0308544095574,0.078616208088551,0.146313980564892,0.239246845000002,"Non-significant",0.834714174270471,"MT-CO1","COX1_HUMAN"
-0.0779755119999983,9.92940628575,-1.96828400664362,0.0887233371533522,0.160173272406427,-6.40301694460594,"SNX30_HUMAN",20,-2.03027957899434,0.0786850469782979,0.146398213980547,-0.0779755119999983,"Non-significant",0.834464221523013,"SNX30","SNX30_HUMAN"
-0.043168307500002,11.35103285375,-1.76714993457678,0.119505920368908,0.202069288423175,-6.69050755842852,"GPDM_HUMAN",41,-2.03018645601968,0.0786962044780943,0.146398213980547,-0.043168307500002,"Non-significant",0.834464221523013,"GPD2","GPDM_HUMAN"
0.169039129749999,8.230425655875,1.96612889989306,0.0890081645808197,0.160567303371699,-6.40615087872234,"PHLP1_HUMAN",23,2.02924356601678,0.0788092637521157,0.146576188033227,0.169039129749999,"Non-significant",0.833936577073687,"PHLPP1","PHLP1_HUMAN"
0.248501061999999,7.584017992,1.99583265735628,0.0851601561402015,0.155371202620294,-6.36286740371738,"TMOD2_HUMAN",10,2.02752115543481,0.0790162034708914,0.146928651898554,0.248501061999999,"Non-significant",0.832893506128757,"TMOD2","TMOD2_HUMAN"
0.20645260825,8.630046725125,2.02055310902766,0.0820826732309356,0.151031402022169,-6.32670469078524,"ANR40_HUMAN",9,2.0271245459135,0.0790639295058343,0.146984971725778,0.20645260825,"Non-significant",0.832727066817894,"ANKRD40","ANR40_HUMAN"
0.0680670750000001,11.259702445,2.08802698208639,0.0742302644625089,0.139693435846057,-6.22739972449758,"ABHD4_HUMAN",14,2.02641325977253,0.0791495927970144,0.147111778982588,0.0680670750000001,"Non-significant",0.832352552681455,"ABHD4","ABHD4_HUMAN"
0.0347049224999978,15.57171904875,1.83060887026195,0.108823911166092,0.18804361361603,-6.60098202220381,"HNRPQ_HUMAN",24,2.02515249756806,0.07930165494166,0.14736191567532,0.0347049224999978,"Non-significant",0.831614741369451,"SYNCRIP","HNRPQ_HUMAN"
-0.14727663975,9.249704003375,-2.07105039715611,0.076133006015075,0.142415691899926,-6.25246347595281,"WIPI1_HUMAN",9,-2.02458893186754,0.0793697196653087,0.147455888705948,-0.14727663975,"Non-significant",0.83133787905364,"WIPI1","WIPI1_HUMAN"
0.0386424049999974,14.842231275,1.9193526596312,0.095415140735914,0.169352331283011,-6.47391231424048,"PNPH_HUMAN",21,2.02418366412587,0.0794187012318634,0.147484994397921,0.0386424049999974,"Non-significant",0.831252163968475,"PNP","PNPH_HUMAN"
0.11960816375,9.009529471375,1.9647508859594,0.0891907572805261,0.160741691921649,-6.40815423486007,"TDRD3_HUMAN",20,2.02416977209689,0.079420380777336,0.147484994397921,0.11960816375,"Non-significant",0.831252163968475,"TDRD3","TDRD3_HUMAN"
0.0862281325000005,11.45769488625,1.95657166195685,0.0902821066707267,0.162465387943543,-6.4200364918659,"HPBP1_HUMAN",21,2.02397968222724,0.0794433661197604,0.147495183485344,0.0862281325000005,"Non-significant",0.831222161515587,"HSPBP1","HPBP1_HUMAN"
0.0703337224999974,11.01510369875,2.04468395600869,0.0791843439652995,0.14668464476184,-6.29128745161627,"WDR55_HUMAN",15,2.02368683468299,0.0794787894716801,0.147528455506891,0.0703337224999974,"Non-significant",0.831124204243619,"WDR55","WDR55_HUMAN"
0.0771346099999981,13.2608687875,2.13837430716264,0.0688607405505774,0.13215555148015,-6.15278400868398,"COQ3_HUMAN",12,2.02323697669689,0.0795332351608091,0.147581520645039,0.0771346099999981,"Non-significant",0.83096801910052,"COQ3","COQ3_HUMAN"
0.104204655000002,12.485740185,2.70010731768703,0.0299361255167541,0.0694211160438146,-5.30339285913092,"VAMP5_HUMAN",6,2.02314261728531,0.0795446599745337,0.147581520645039,0.104204655000002,"Non-significant",0.83096801910052,"VAMP5","VAMP5_HUMAN"
-0.054295064999998,11.591227055,-2.10290869079663,0.0726011790268768,0.137271273669256,-6.20538795855105,"CD37L_HUMAN",15,-2.02300837856729,0.0795609160445924,0.147581520645039,-0.054295064999998,"Non-significant",0.83096801910052,"CDC37L1","CD37L_HUMAN"
0.0837354674999986,10.56830763875,2.54086250043017,0.0378445139844349,0.0827903992667537,-5.5459004888737,"CCD12_HUMAN",8,2.0228721808688,0.0795774126624394,0.147581520645039,0.0837354674999986,"Non-significant",0.83096801910052,"CCDC12","CCD12_HUMAN"
0.279439925999998,8.5557489395,1.99179281275668,0.0856737514342183,0.15603804037144,-6.36876520408934,"VPS72_HUMAN",9,2.0221589080226,0.0796638607337986,0.147695795404926,0.279439925999998,"Non-significant",0.830631867981422,"VPS72","VPS72_HUMAN"
-0.0751662252500012,9.799088954875,-2.31861007603295,0.0526343159623449,0.106982071195227,-5.88280317703037,"PYRD1_HUMAN",10,-2.02205292348419,0.0796767138013287,0.147695795404926,-0.0751662252500012,"Non-significant",0.830631867981422,"PYROXD1","PYRD1_HUMAN"
0.0634322175000008,11.39994573625,2.03164104571928,0.0807381451702252,0.149012880586781,-6.31044475519147,"WDR18_HUMAN",16,2.02193021340485,0.0796915977579311,0.147695795404926,0.0634322175000008,"Non-significant",0.830631867981422,"WDR18","WDR18_HUMAN"
0.658604740999998,8.03179830325,1.9652146629709,0.0891292639639841,0.160691562675936,-6.40748004292346,"KS6A4_HUMAN",14,2.02164754462225,0.0797258940339917,0.14772687641515,0.658604740999998,"Non-significant",0.830540484938956,"RPS6KA4","KS6A4_HUMAN"
-0.0933058260000017,9.596243739,-2.17187886289206,0.0655038965014616,0.127129763698407,-6.10291150697532,"GMEB1_HUMAN",10,-2.02081700020035,0.0798267476810773,0.147881243121714,-0.0933058260000017,"Non-significant",0.830086907310239,"GMEB1","GMEB1_HUMAN"
0.0464925749999949,14.38063264,1.76984438891253,0.119032677328711,0.201430724192672,-6.68673094216158,"ATD3B_HUMAN",48,2.02057775176169,0.0798558229258575,0.147902599745562,0.0464925749999949,"Non-significant",0.830024192161127,"ATAD3B","ATD3B_HUMAN"
0.0251264550000023,16.965800285,1.42586009553879,0.195941766696874,0.294244281398175,-7.14719111249866,"LMNA_HUMAN",68,2.02013911638078,0.0799091560319173,0.147950498547045,0.0251264550000023,"Non-significant",0.829883567063904,"LMNA","LMNA_HUMAN"
-0.389919519500001,7.50000512625,-2.12758673227931,0.0699776878320728,0.133599531310655,-6.16880569253847,"HMGN2_HUMAN",2,-2.01988205539678,0.0799404279173177,0.147950498547045,-0.389919519500001,"Non-significant",0.829883567063904,"HMGN2","HMGN2_HUMAN"
0.241757630000002,10.6317912325,2.50901637193191,0.0396697497138644,0.0861128818795166,-5.59433496434486,"KISHB_HUMAN",2,2.01978956257548,0.079951682744092,0.147950498547045,0.241757630000002,"Non-significant",0.829883567063904,"TMEM167B","KISHB_HUMAN"
0.541378140750002,7.683054029875,1.97488580881549,0.0878563605467382,0.158968409400083,-6.3934103294687,"SC6A1_HUMAN",7,2.01978782038749,0.0799518947540383,0.147950498547045,0.541378140750002,"Non-significant",0.829883567063904,"SLC6A1","SC6A1_HUMAN"
0.285174846999999,8.26183247575,1.99632094025236,0.0850982847545348,0.155291933794322,-6.3621543246406,"ZFAN1_HUMAN",8,2.019092357206,0.0800365707935042,0.148074682883768,0.285174846999999,"Non-significant",0.829519188769593,"ZFAND1","ZFAN1_HUMAN"
-0.0350284550000008,14.7662839875,-1.70494887314603,0.130940636965663,0.216241894393334,-6.77704201673808,"DPYL2_HUMAN",35,-2.01890221473205,0.0800597368173014,0.14807578345084,-0.0350284550000008,"Non-significant",0.829515960882012,"DPYSL2","DPYL2_HUMAN"
-0.0554299375000049,12.85073518625,-1.88146999273768,0.100930994480831,0.177238899327377,-6.52840574734955,"ARMT1_HUMAN",27,-2.01879911675672,0.0800723005064571,0.14807578345084,-0.0554299375000049,"Non-significant",0.829515960882012,"ARMT1","ARMT1_HUMAN"
0.124569177499996,9.76478636275,1.97755831642286,0.0875077604906714,0.158556086237289,-6.38951872965179,"ABC3F_HUMAN",16,2.01833809194231,0.0801285053195827,0.148147218981961,0.124569177499996,"Non-significant",0.829306496678863,"APOBEC3F","ABC3F_HUMAN"
-0.75054276,8.81698316325,-1.96948864833993,0.0885645159603587,0.15995506857293,-6.40126472147732,"FOLR2_HUMAN",6,-2.01808105930628,0.0801598576132359,0.148172684171484,-0.75054276,"Non-significant",0.829231851734669,"FOLR2","FOLR2_HUMAN"
0.208558082750001,8.650441408125,1.9804683102439,0.0871297247206084,0.157972994121318,-6.3852795564611,"3BP2_HUMAN",12,2.01694278742619,0.0802988457011968,0.148397055561365,0.208558082750001,"Non-significant",0.828574716079482,"SH3BP2","3BP2_HUMAN"
0.0591802599999998,14.314014675,1.93862408925763,0.0927227799027787,0.165795568901256,-6.44605650964843,"DPM1_HUMAN",21,2.01636282128413,0.080369752659584,0.148495538177912,0.0591802599999998,"Non-significant",0.828286595328745,"DPM1","DPM1_HUMAN"
0.063673972500002,13.63553381125,2.00045900951028,0.084575711080167,0.154606087333491,-6.35610917719867,"PAIP1_HUMAN",17,2.01538499019424,0.0804894412911531,0.148667277106397,0.063673972500002,"Non-significant",0.827784612755982,"PAIP1","PAIP1_HUMAN"
0.382808804500002,8.328136146,1.96856798520474,0.0886858720263484,0.160139934727954,-6.40260390960358,"JMJD4_HUMAN",10,2.01531530506112,0.0804979775434328,0.148667277106397,0.382808804500002,"Non-significant",0.827784612755982,"JMJD4","JMJD4_HUMAN"
-0.0354294725000059,18.92952466125,-1.64149182640623,0.143664569345928,0.232472385297913,-6.86395791642052,"PDIA1_HUMAN",56,-2.01406302253168,0.0806515297661537,0.14891823535573,-0.0354294725000059,"Non-significant",0.827052118705388,"P4HB","PDIA1_HUMAN"
0.124654775000002,10.13113594,2.15972213088608,0.0667025526751311,0.128834971699973,-6.12102616897976,"PTSS2_HUMAN",8,2.01352736114582,0.0807172987319698,0.14900703263508,0.124654775000002,"Non-significant",0.82679323385261,"PTDSS2","PTSS2_HUMAN"
-0.060952900000002,11.56200397,-1.88928523139657,0.0997683151400782,0.175595816101125,-6.51719318230319,"NUDC1_HUMAN",27,-2.0127507873409,0.0808127401322155,0.149150555413717,-0.060952900000002,"Non-significant",0.826375125053087,"NUDCD1","NUDC1_HUMAN"
-0.166963100000004,10.5493764875,-2.05979686246337,0.0774208600336655,0.14422829224067,-6.26904964039086,"ARL5B_HUMAN",8,-2.01148632776122,0.0809683787950716,0.149405093008682,-0.166963100000004,"Non-significant",0.825634597782556,"ARL5B","ARL5B_HUMAN"
0.0564458349999946,13.561936735,2.03803749929825,0.0799724117025328,0.147923515084628,-6.30105377373837,"TIM50_HUMAN",16,2.01063116454384,0.0810738041824571,0.149566884537958,0.0564458349999946,"Non-significant",0.825164552557454,"TIMM50","TIM50_HUMAN"
-0.0495955900000045,15.5030812025,-2.11801508925939,0.070983843920788,0.135079391730447,-6.18300618223695,"1433F_HUMAN",15,-2.01028480403779,0.0811165419703232,0.149612982990778,-0.0495955900000045,"Non-significant",0.825030717991595,"YWHAH","1433F_HUMAN"
-0.0383481999999962,15.6883225425,-1.88034776441301,0.101099023218008,0.177386275334011,-6.53001452638749,"GBB2_HUMAN",22,-2.00965392249661,0.0811944436187684,0.149723904017195,-0.0383481999999962,"Non-significant",0.824708857278828,"GNB2","GBB2_HUMAN"
-0.139827490249999,9.825893282875,-1.97606956250834,0.0877017849447384,0.158839352234465,-6.39168678515299,"UBAC1_HUMAN",14,-2.00757696388999,0.0814514239692744,0.15014124709589,-0.139827490249999,"Non-significant",0.823499981139047,"UBAC1","UBAC1_HUMAN"
0.0521202049999996,11.39081502,1.88753853473202,0.100027041062539,0.175981617431881,-6.51970053291746,"SHC1_HUMAN",24,2.00745729196447,0.0814662550344738,0.15014124709589,0.0521202049999996,"Non-significant",0.823499981139047,"SHC1","SHC1_HUMAN"
-0.126873970249999,9.025668620875,-1.96602238057278,0.0890222657855414,0.160567303371699,-6.40630575144616,"ANR35_HUMAN",16,-2.00736235140654,0.0814780229901624,0.15014124709589,-0.126873970249999,"Non-significant",0.823499981139047,"ANKRD35","ANR35_HUMAN"
0.125390291000004,9.196957469,2.00894387159185,0.0835140510193125,0.153163606623539,-6.34370293101944,"T22D4_HUMAN",12,2.00724947466122,0.081492016308423,0.15014124709589,0.125390291000004,"Non-significant",0.823499981139047,"TSC22D4","T22D4_HUMAN"
0.179774045749999,7.506084680625,1.94157774271461,0.0923167331464357,0.165342672734848,-6.44177945007795,"TEC_HUMAN",27,2.00662749364135,0.0815691652985935,0.150250545083445,0.179774045749999,"Non-significant",0.823183943775786,"TEC","TEC_HUMAN"
-0.0494961749999945,17.5847966675,-1.83818462385651,0.107611647651107,0.186372254933601,-6.59021641927206,"FUMH_HUMAN",29,-2.00614207063536,0.081629425473585,0.150328692881112,-0.0494961749999945,"Non-significant",0.822958118743464,"FH","FUMH_HUMAN"
0.225328683499999,8.212895751,1.95303203093818,0.0907584361535925,0.163218019701009,-6.42517399025833,"LIPG_HUMAN",15,2.003049892592,0.0820143075969023,0.151004499505087,0.225328683499999,"Non-significant",0.821010111772281,"LIPG","LIPG_HUMAN"
0.0746395587500004,9.278193354625,1.86725268183445,0.103079839653343,0.179999993461369,-6.54876286677961,"ARI1B_HUMAN",46,2.00279530200621,0.0820460751275618,0.15102999939948,0.0746395587500004,"Non-significant",0.820936779331846,"ARID1B","ARI1B_HUMAN"
0.152337551499997,9.725558281,1.99683310404977,0.0850334348192652,0.155207194043219,-6.36140631696932,"SHRPN_HUMAN",11,2.00211987030048,0.0821304129036673,0.151152238070963,0.152337551499997,"Non-significant",0.820585417955741,"SHARPIN","SHRPN_HUMAN"
0.0612971799999986,12.6247001875,2.01477606157775,0.0827919176746305,0.152137142812178,-6.33516682416998,"CASP7_HUMAN",16,2.00168105927161,0.0821852503355949,0.151220142999068,0.0612971799999986,"Non-significant",0.820390355589521,"CASP7","CASP7_HUMAN"
0.129875182499998,16.16560745125,2.19835997624547,0.0629669860239186,0.123602404563486,-6.06338086431293,"TM205_HUMAN",7,2.0014481437456,0.0822143718762162,0.151240711598565,0.129875182499998,"Non-significant",0.820331287917521,"TMEM205","TM205_HUMAN"
0.160181283749996,8.793472409375,2.16494955088626,0.0661844625471025,0.128069062169313,-6.11323942302232,"LYSM3_HUMAN",6,2.00008269241835,0.0823852974026432,0.151509840543323,0.160181283749996,"Non-significant",0.819559158878684,"LYSMD3","LYSM3_HUMAN"
1.2966076135,7.99717468025,1.94590520594233,0.0917249571958419,0.16449992855399,-6.43550939277916,"APC16_HUMAN",6,1.99999233944819,0.0823966198897371,0.151509840543323,1.2966076135,"Non-significant",0.819559158878684,"ANAPC16","APC16_HUMAN"
0.180409431749999,7.585413932875,1.93307254450235,0.0934906854363513,0.166956141428603,-6.4540899630385,"MICA1_HUMAN",29,1.9989698207593,0.0825248615103735,0.151712553472397,0.180409431749999,"Non-significant",0.818978481980408,"MICAL1","MICA1_HUMAN"
-0.0297625024999988,16.02155578125,-1.60524980829387,0.151440744880854,0.24171371783595,-6.91292884310576,"CAP1_HUMAN",37,-1.99811016942282,0.0826328272581916,0.15187791124276,-0.0297625024999988,"Non-significant",0.818505384286924,"CAP1","CAP1_HUMAN"
0.151236534000002,9.52929735175,1.92621504112853,0.0944477968751054,0.168273193798407,-6.46400321567927,"SETB1_HUMAN",32,1.99783926322829,0.0826668795605858,0.151899744463039,0.151236534000002,"Non-significant",0.81844295673883,"SETDB1","SETB1_HUMAN"
-0.0944597750000007,11.0574837925,-2.13584815432688,0.0691206942441302,0.132563898016786,-6.15653746077136,"UB2G1_HUMAN",10,-1.99761983063683,0.082694471771553,0.151899744463039,-0.0944597750000007,"Non-significant",0.81844295673883,"UBE2G1","UB2G1_HUMAN"
-0.154975890000001,12.2432928075,-3.04531656422051,0.0181580245340159,0.0474733215872271,-4.77913996985724,"AL1A3_HUMAN",3,-1.99754033241247,0.0827044703673206,0.151899744463039,-0.154975890000001,"Non-significant",0.81844295673883,"ALDH1A3","AL1A3_HUMAN"
-0.0573608874999998,11.13899838875,-1.85261334808095,0.105338652116063,0.183109816186079,-6.56966842955105,"MINK1_HUMAN",30,-1.99734263873708,0.0827293396680319,0.151899744463039,-0.0573608874999998,"Non-significant",0.81844295673883,"MINK1","MINK1_HUMAN"
0.119322534999998,10.5454467525,1.95803085172383,0.0900864551704447,0.16218255673466,-6.41791777008167,"PDK3_HUMAN",16,1.99725723280453,0.0827400857450877,0.151899744463039,0.119322534999998,"Non-significant",0.81844295673883,"PDK3","PDK3_HUMAN"
0.0896494375000021,12.00879895875,2.10034768799822,0.0728789773076931,0.137672994111731,-6.20917863619867,"A0ABB0MV19_HUMAN",11,1.99679250221053,0.0827985836396705,0.151899744463039,0.0896494375000021,"Non-significant",0.81844295673883,"","A0ABB0MV19_HUMAN"
-0.0502026075000028,12.48591863875,-1.95147339939235,0.0909689598805319,0.163491975017698,-6.4274353236236,"FNTA_HUMAN",19,-1.9967533737551,0.0828035107674074,0.151899744463039,-0.0502026075000028,"Non-significant",0.81844295673883,"FNTA","FNTA_HUMAN"
0.163981914499997,9.860733986,4.63654829889283,0.00223146335596335,0.0101780328070428,-2.51362025270536,"IFM2_HUMAN",2,1.99674980421397,0.0828039602648737,0.151899744463039,0.163981914499997,"Non-significant",0.81844295673883,"IFITM2","IFM2_HUMAN"
-0.0882670875000002,10.50753390625,-1.93675531523906,0.0929805847182538,0.166150805297893,-6.44876155388413,"PDLI7_HUMAN",20,-1.99672649201476,0.0828068959316246,0.151899744463039,-0.0882670875000002,"Non-significant",0.81844295673883,"PDLIM7","PDLI7_HUMAN"
0.0775282380000011,9.33801543725,1.92802935123169,0.0941936462342958,0.167891360564364,-6.46138152016219,"CAPAM_HUMAN",21,1.99646134173621,0.0828402930063898,0.151927943810022,0.0775282380000011,"Non-significant",0.818362339854354,"PCIF1","CAPAM_HUMAN"
0.730373859249999,6.403954982625,1.94562605651962,0.0917630185804584,0.164533180943349,-6.43591398217972,"PGRP2_HUMAN",7,1.9958137724291,0.0829219129552283,0.15204046120764,0.730373859249999,"Non-significant",0.818040821654902,"PGLYRP2","PGRP2_HUMAN"
0.0476851475000011,11.07533383375,1.86583304619607,0.103296820905307,0.180108538496504,-6.55079266667866,"CHMP7_HUMAN",24,1.99568843295486,0.0829377198520264,0.15204046120764,0.0476851475000011,"Non-significant",0.818040821654902,"CHMP7","CHMP7_HUMAN"
0.606571078499999,6.90828508125,1.94519572488343,0.0918217235251629,0.164603425689834,-6.43653765472574,"NEK4_HUMAN",8,1.9947684770332,0.0830538278462043,0.152220203286727,0.606571078499999,"Non-significant",0.817527702403529,"NEK4","NEK4_HUMAN"
-0.0657362949999971,10.92252183,-1.92160358213541,0.0950967850858227,0.169000801494497,-6.47066328536857,"MGT4B_HUMAN",21,-1.99438913648592,0.08310175066508,0.152253458652475,-0.0657362949999971,"Non-significant",0.817432832970138,"MGAT4B","MGT4B_HUMAN"
0.0937635897500009,9.495996117625,1.88915947245497,0.099786921239102,0.175595816101125,-6.5173737328782,"TPC10_HUMAN",43,1.99433890425208,0.0831080986190574,0.152253458652475,0.0937635897500009,"Non-significant",0.817432832970138,"TRAPPC10","TPC10_HUMAN"
0.0455570224999988,10.61130738125,1.78721162606614,0.116024985278468,0.197810396624638,-6.66233497368323,"CUX1_HUMAN",33,1.99399462293818,0.0831516188953812,0.152300085977655,0.0455570224999988,"Non-significant",0.817299851492516,"CUX1","CUX1_HUMAN"
0.0800571439999995,10.081364393,1.94144867528128,0.0923344400876017,0.165342672734848,-6.44196638938191,"REXO4_HUMAN",19,1.99372880090348,0.0831852363962244,0.152328559110097,0.0800571439999995,"Non-significant",0.817218665927485,"REXO4","REXO4_HUMAN"
0.0937976824999982,15.84075903875,1.95525735190304,0.0904586879508576,0.162713674933372,-6.42194444043824,"RS10_HUMAN",17,1.99343402022425,0.0832225316688872,0.152363753135762,0.0937976824999982,"Non-significant",0.817118338018994,"RPS10","RS10_HUMAN"
-0.0535807625000011,13.31123733375,-1.99502633328003,0.0852624239611303,0.155524122823711,-6.36404483522259,"PITH1_HUMAN",17,-1.99303903470072,0.0832725302653174,0.152422184062185,-0.0535807625000011,"Non-significant",0.816951819645725,"PITHD1","PITH1_HUMAN"
0.154286146000002,9.74780118475,2.00069377631138,0.0845461584069446,0.154585589850789,-6.35576610898917,"SNIP1_HUMAN",10,1.99135680475703,0.0834858004489227,0.152779377330432,0.154286146000002,"Non-significant",0.815935264320831,"SNIP1","SNIP1_HUMAN"
0.15554189625,8.491271257375,1.9711875016184,0.0883410104753317,0.159619802207196,-6.39879309690718,"DPS1_HUMAN",12,1.99116634971255,0.0835099795052232,0.152782527362607,0.15554189625,"Non-significant",0.81592631005284,"PDSS1","DPS1_HUMAN"
0.0541284075000021,10.62111413375,1.85413284102227,0.105101993998751,0.182736119516392,-6.56750120810364,"NCOA4_HUMAN",27,1.99105580485224,0.0835240167606397,0.152782527362607,0.0541284075000021,"Non-significant",0.81592631005284,"NCOA4","NCOA4_HUMAN"
0.23119092,8.01670110225,1.93587448286188,0.0931023413480603,0.166333114714455,-6.4500362732914,"TAB3_HUMAN",18,1.99091500472685,0.0835418992305438,0.152782527362607,0.23119092,"Non-significant",0.81592631005284,"TAB3","TAB3_HUMAN"
0.10751438,10.9287471775,1.97579416290684,0.0877377230610284,0.158870304550249,-6.39208779386428,"BTD_HUMAN",14,1.98962302846523,0.0837061622108354,0.153019780612722,0.10751438,"Non-significant",0.815252425027611,"BTD","BTD_HUMAN"
0.0282573675000037,16.95344829625,1.62376377822459,0.147420721553713,0.236706170866253,-6.88797551030203,"SUCB2_HUMAN",31,1.98960907578764,0.0837079378817489,0.153019780612722,0.0282573675000037,"Non-significant",0.815252425027611,"SUCLG2","SUCB2_HUMAN"
0.0596280150000013,12.8234381675,2.00272577805069,0.0842907918213195,0.154219032833059,-6.35279623955359,"TM9S1_HUMAN",16,1.98671071872451,0.0840775899749539,0.153662186881805,0.0596280150000013,"Non-significant",0.813432990333516,"TM9SF1","TM9S1_HUMAN"
-0.0732347975000014,12.16605532375,-2.18099554521093,0.0646191553775392,0.126006165404123,-6.08931308515,"DCTD_HUMAN",11,-1.98557628674467,0.0842227059879353,0.153894036152679,-0.0732347975000014,"Non-significant",0.812778210033163,"DCTD","DCTD_HUMAN"
0.0271384699999988,12.945032715,1.4805657114967,0.181253854996695,0.277024250909727,-7.07728738119904,"ZCCHV_HUMAN",56,1.98528088855913,0.0842605331710494,0.153929786323965,0.0271384699999988,"Non-significant",0.812677333485911,"ZC3HAV1","ZCCHV_HUMAN"
-0.0855743884999995,9.542108655,-1.87968103526081,0.101198979307984,0.177390113263355,-6.53097016706138,"ARAP1_HUMAN",35,-1.98482528617774,0.0843189077030525,0.153971558355591,-0.0855743884999995,"Non-significant",0.812559494682945,"ARAP1","ARAP1_HUMAN"
-0.825005055,11.945090055,-1.96009239137762,0.0898107457499201,0.161789864485163,-6.41492363130901,"SLIT1_HUMAN",2,-1.98481728841597,0.0843199327760597,0.153971558355591,-0.825005055,"Non-significant",0.812559494682945,"SLIT1","SLIT1_HUMAN"
0.0902376175000015,10.31836032875,1.88671636041216,0.100149048943899,0.176086010335445,-6.52088047962275,"IKKB_HUMAN",33,1.98444602703036,0.0843675306921768,0.154025106390374,0.0902376175000015,"Non-significant",0.812408482552495,"IKBKB","IKKB_HUMAN"
0.954375981999998,7.2720371485,1.92843896268348,0.094136359647046,0.167824741003585,-6.46078951952824,"SENP1_HUMAN",10,1.98331588895489,0.0845125820917319,0.154256508109833,0.954375981999998,"Non-significant",0.81175650394585,"SENP1","SENP1_HUMAN"
0.0223338599999998,12.4550718075,1.30194292394715,0.233183313289033,0.33615566063165,-7.29990793074363,"TPR_HUMAN",113,1.98267273886848,0.0845952376734862,0.154373946384459,0.0223338599999998,"Non-significant",0.81142599348356,"TPR","TPR_HUMAN"
1.0543402435,7.26226884125,1.92883176698092,0.094081455524946,0.167762341573888,-6.46022177246925,"PAQR1_HUMAN",7,1.98217356794104,0.0846594437202727,0.154421264287882,1.0543402435,"Non-significant",0.811292896182808,"ADIPOR1","PAQR1_HUMAN"
-0.534216403499999,7.67332077025,-1.92438786275691,0.0947044251263958,0.168516698203587,-6.46664271404603,"TRFM_HUMAN",35,-1.98214503719716,0.0846631149297625,0.154421264287882,-0.534216403499999,"Non-significant",0.811292896182808,"MELTF","TRFM_HUMAN"
0.49938082675,7.790997147625,1.93963296486827,0.0925838914696883,0.165652647250691,-6.44459582760757,"PHF1_HUMAN",7,1.98204391545229,0.0846761280743375,0.154421264287882,0.49938082675,"Non-significant",0.811292896182808,"PHF1","PHF1_HUMAN"
0.990798354,6.9709519745,1.92968334509973,0.0939625335301934,0.167656688214649,-6.45899080257633,"RCBT1_HUMAN",6,1.98130957354018,0.0847706873781673,0.154560269069992,0.990798354,"Non-significant",0.810902134875845,"RCBTB1","RCBT1_HUMAN"
0.0737853050000012,11.29219532,1.94072582502526,0.0924336701993498,0.165418982189027,-6.44301328338816,"NUDT6_HUMAN",18,1.98075283983607,0.0848424449822274,0.154657648952248,0.0737853050000012,"Non-significant",0.810628596090119,"NUDT6","NUDT6_HUMAN"
0.193628787500003,12.75226640625,2.22561361297737,0.0604589560661751,0.119682607017799,-6.02260055053164,"TOM20_HUMAN",4,1.97851753182278,0.0851311498699105,0.155117866210886,0.193628787500003,"Non-significant",0.809338178008847,"TOMM20","TOM20_HUMAN"
-0.128771543500001,8.53367936625,-1.9205607812957,0.0952441432211632,0.169155685463798,-6.4721686375396,"HXK1_HUMAN",20,-1.97833298778317,0.085155027606823,0.155117866210886,-0.128771543500001,"Non-significant",0.809338178008847,"HK1","HXK1_HUMAN"
-0.0756759674999969,13.19773053875,-2.24396429133223,0.0588270579882379,0.117056957455821,-5.99509028700917,"PRPS2_HUMAN",10,-1.97826041268478,0.0851644197190894,0.155117866210886,-0.0756759674999969,"Non-significant",0.809338178008847,"PRPS2","PRPS2_HUMAN"
0.0934855925000058,10.69676744875,1.91913571293178,0.0954458789946825,0.169371224009722,-6.47422539522357,"BAG5_HUMAN",20,1.97816781589152,0.0851764043478929,0.155117866210886,0.0934855925000058,"Non-significant",0.809338178008847,"BAG5","BAG5_HUMAN"
0.0486891300000032,10.66996658,1.74344890740142,0.123746527087347,0.207238925187845,-6.72362905535742,"MPRIP_HUMAN",56,1.9780865297833,0.0851869264076631,0.155117866210886,0.0486891300000032,"Non-significant",0.809338178008847,"MPRIP","MPRIP_HUMAN"
-0.1138298515,9.1062055825,-2.15850784556973,0.0668234798023474,0.129038971650398,-6.12283439711029,"ELP5_HUMAN",8,-1.97755613840285,0.0852556138207314,0.155209410128498,-0.1138298515,"Non-significant",0.809081951615262,"ELP5","ELP5_HUMAN"
0.883518338249999,8.103551328125,1.92606261696561,0.0944691790172483,0.168275720612085,-6.46422343441466,"NUD22_HUMAN",6,1.97634615169301,0.0854125126486497,0.155461470333722,0.883518338249999,"Non-significant",0.808377229112183,"NUDT22","NUD22_HUMAN"
0.0381462550000009,11.274543405,1.85053177940194,0.10566368697234,0.183599096575934,-6.57263631221875,"RFC2_HUMAN",22,1.97615365827553,0.0854374991139839,0.155473376518085,0.0381462550000009,"Non-significant",0.808343969474518,"RFC2","RFC2_HUMAN"
0.256350279999999,11.2154766325,2.86209539245251,0.02363898871178,0.057922394142905,-5.05684223857806,"ACAP1_HUMAN",1,1.97572933437915,0.0854926032610538,0.155500493182104,0.256350279999999,"Non-significant",0.808268229235686,"ACAP1","ACAP1_HUMAN"
-0.0815539365000006,8.7088656425,-1.90358913194334,0.0976738606152808,0.17267050568922,-6.49663121797459,"RHG18_HUMAN",22,-1.97569427123965,0.0854971582248835,0.155500493182104,-0.0815539365000006,"Non-significant",0.808268229235686,"ARHGAP18","RHG18_HUMAN"
1.18250155475,8.187581181625,1.91966670794538,0.0953706616265978,0.169310674706412,-6.47345908349333,"CHSTD_HUMAN",14,1.97561278051062,0.0855077453907998,0.155500493182104,1.18250155475,"Non-significant",0.808268229235686,"CHST13","CHSTD_HUMAN"
0.126696346000001,10.0371681445,1.9004658523259,0.0981275148859304,0.173109422974782,-6.50112533035707,"AGO2_HUMAN",30,1.97513227491107,0.0855701979477541,0.155553693100242,0.126696346000001,"Non-significant",0.80811967356835,"AGO2","AGO2_HUMAN"
-0.209614991999999,9.385773778,-2.08517419043806,0.0745466770397848,0.140226275556426,-6.2316150212173,"PRAP1_HUMAN",5,-1.97510373676584,0.0855739085189018,0.155553693100242,-0.209614991999999,"Non-significant",0.80811967356835,"PRAP1","PRAP1_HUMAN"
-0.0533175449999987,16.3797733775,-2.05105551020836,0.0784360746621022,0.145689218450167,-6.28191723947522,"GDIR1_HUMAN",15,-1.97481341777023,0.0856116651062326,0.155588772138947,-0.0533175449999987,"Non-significant",0.808021746511093,"ARHGDIA","GDIR1_HUMAN"
0.140069722500002,10.52313172875,1.92989853963633,0.0939325050298687,0.167638595150702,-6.45867970824585,"ZBT16_HUMAN",16,1.97379987292725,0.0857436056912762,0.155794967098893,0.140069722500002,"Non-significant",0.807446576165914,"ZBTB16","ZBT16_HUMAN"
0.0851504799999994,11.84809792,1.88696427982318,0.100112243364609,0.176058021973773,-6.52052469528068,"ABCB7_HUMAN",26,1.9730032757808,0.0858474432748803,0.155950021414648,0.0851504799999994,"Non-significant",0.807014561270654,"ABCB7","ABCB7_HUMAN"
-0.0293333524999984,11.22008240125,-1.47907355943803,0.181640956039181,0.277565558095405,-7.07921289578541,"TRIPB_HUMAN",107,-1.97211307985892,0.0859636261737343,0.156127430514632,-0.0293333524999984,"Non-significant",0.806520787683451,"TRIP11","TRIPB_HUMAN"
0.0631527900000002,10.280607225,1.81210723783149,0.111839943688222,0.19234827287248,-6.62720572751484,"ZFY16_HUMAN",47,1.97183156376276,0.0860003997116106,0.156160570695641,0.0631527900000002,"Non-significant",0.806428612526289,"ZFYVE16","ZFY16_HUMAN"
0.201148986500002,9.51527833925,2.09598870220043,0.0733542380937231,0.138353741976279,-6.21562807845152,"APOC4_HUMAN",5,1.97072426288934,0.0861451911934541,0.156389794652084,0.201148986500002,"Non-significant",0.805791590604137,"APOC4","APOC4_HUMAN"
0.1006650925,11.96520590625,1.87343156072269,0.102140563289596,0.178692986294729,-6.53992209794074,"FPRP_HUMAN",43,1.97024997888518,0.0862072813400617,0.156468814473596,0.1006650925,"Non-significant",0.805572207968195,"PTGFRN","FPRP_HUMAN"
-0.0970213374999993,10.38427460125,-1.90234991073192,0.0978536124247178,0.17291574405198,-6.49841463365251,"ARSB_HUMAN",22,-1.96957567132049,0.0862956321044138,0.156595453823058,-0.0970213374999993,"Non-significant",0.805220850248822,"ARSB","ARSB_HUMAN"
-0.0678770525000001,11.46998202875,-1.99014341166347,0.0858843171233854,0.156205990168294,-6.37117219268604,"BABA1_HUMAN",15,-1.9684310470039,0.0864458072559106,0.156834203478276,-0.0678770525000001,"Non-significant",0.804559217404216,"BABAM1","BABA1_HUMAN"
0.0684633249999997,11.334991695,1.84111627561187,0.107146024873392,0.185791780221729,-6.58604607846158,"FCSK_HUMAN",34,1.96763509201351,0.0865503864472692,0.156990145763725,0.0684633249999997,"Non-significant",0.804127607302554,"FCSK","FCSK_HUMAN"
-0.0582175249999999,10.63891244,-1.90426678242258,0.0975757015646295,0.172605579955564,-6.49565582139429,"PPIL4_HUMAN",20,-1.96707209605207,0.0866244317189475,0.157090648657274,-0.0582175249999999,"Non-significant",0.803849667012358,"PPIL4","PPIL4_HUMAN"
-0.0953509807499984,9.524954438125,-1.94887078858223,0.0913215574609303,0.163950885588537,-6.43121007859749,"DCNL3_HUMAN",15,-1.96674315640312,0.0866677223526252,0.157135347754416,-0.0953509807499984,"Non-significant",0.803726108989869,"DCUN1D3","DCNL3_HUMAN"
0.793760180500001,6.853152573,1.92498490524852,0.0946204955599328,0.168474050924097,-6.46578032825554,"MCRS1_HUMAN",4,1.96657651247611,0.0866896618122268,0.15714079533836,0.793760180500001,"Non-significant",0.803711053086334,"MCRS1","MCRS1_HUMAN"
-0.0648791799999984,13.38177383,-1.94832854091731,0.091395188190116,0.164048134849763,-6.43199634527994,"MARE1_HUMAN",17,-1.96643715738351,0.0867080127083533,0.15714079533836,-0.0648791799999984,"Non-significant",0.803711053086334,"MAPRE1","MARE1_HUMAN"
-0.0875544550000029,10.318295715,-1.94132217721274,0.0923517977501084,0.165342672734848,-6.4421496035158,"WAC2A_HUMAN",16,-1.96568369916686,0.0868072967711298,0.157262481762094,-0.0875544550000029,"Non-significant",0.803374875006534,"WASHC2A","WAC2A_HUMAN"
0.100839138250002,9.400585174625,1.87983877008765,0.101175323052667,0.177390113263355,-6.53074409190522,"SPD2B_HUMAN",31,1.96564444671116,0.0868124721365552,0.157262481762094,0.100839138250002,"Non-significant",0.803374875006534,"SH3PXD2B","SPD2B_HUMAN"
0.0622410749999993,11.0174624925,1.86664981727783,0.103171929366137,0.180025638958038,-6.54962490972445,"C19L1_HUMAN",24,1.96449628874805,0.0869639872920129,0.157503104616325,0.0622410749999993,"Non-significant",0.802710881211208,"CWF19L1","C19L1_HUMAN"
-0.0516421774999962,10.58978664875,-1.7384951440509,0.124650741175862,0.208138093774037,-6.73052908870808,"UACA_HUMAN",73,-1.96311504330895,0.0871466017175043,0.157799936815648,-0.0516421774999962,"Non-significant",0.801893175021533,"UACA","UACA_HUMAN"
0.0299873349999995,13.9968431,1.49173314415551,0.178380348273776,0.274023684271854,-7.0628439973871,"TB182_HUMAN",96,1.96270764735509,0.0872005345702712,0.157863682537117,0.0299873349999995,"Non-significant",0.801717770484819,"TNKS1BP1","TB182_HUMAN"
0.0474309900000005,11.44384432,1.79253602956778,0.115117525741601,0.196621200501713,-6.65483737846092,"GPKOW_HUMAN",29,1.96065708893326,0.0874724886542928,0.158317275049921,0.0474309900000005,"Non-significant",0.800471693795137,"GPKOW","GPKOW_HUMAN"
0.121203422499999,9.7244980335,1.89166419911826,0.0994169786055338,0.175127630651211,-6.51377697070169,"SRAC1_HUMAN",25,1.96053539329994,0.0874886543104203,0.158317275049921,0.121203422499999,"Non-significant",0.800471693795137,"SERAC1","SRAC1_HUMAN"
0.0561826224999979,11.64032161375,2.06873282403576,0.076396482849064,0.142781807967796,-6.25588112691829,"SPAG7_HUMAN",14,1.9602840281682,0.0875220540231374,0.15833964408802,0.0561826224999979,"Non-significant",0.800410335591726,"SPAG7","SPAG7_HUMAN"
-0.116474151750001,8.336867809375,-2.06176477132326,0.077194107079387,0.143953347029237,-6.26615086820457,"ASGL1_HUMAN",9,-1.96012883176298,0.0875426816573495,0.15833964408802,-0.116474151750001,"Non-significant",0.800410335591726,"ASRGL1","ASGL1_HUMAN"
0.179036617250002,8.631620645375,2.2624233944902,0.0572302817817952,0.11448602401767,-5.96737796017086,"FOXA2_HUMAN",4,1.95995120898496,0.0875662958387617,0.15833964408802,0.179036617250002,"Non-significant",0.800410335591726,"FOXA2","FOXA2_HUMAN"
-0.0434279449999977,17.0514652725,-1.72219225030542,0.127670945037877,0.211796574635754,-6.75318046028285,"SBP1_HUMAN",40,-1.95987705427912,0.0875761562152508,0.15833964408802,-0.0434279449999977,"Non-significant",0.800410335591726,"SELENBP1","SBP1_HUMAN"
-0.210251565,12.6952239275,-2.14389287310286,0.0682962404713655,0.131281416404365,-6.14458092597095,"TM230_HUMAN",4,-1.95964325891413,0.0876072511172242,0.158361895703856,-0.210251565,"Non-significant",0.800349308076713,"TMEM230","TM230_HUMAN"
0.173026561500002,8.3361980915,1.90017161154287,0.0981703584527707,0.173148765724713,-6.50154859064779,"BACH1_HUMAN",22,1.95945531474538,0.0876322555529968,0.158373130801074,0.173026561500002,"Non-significant",0.800318497839012,"BACH1","BACH1_HUMAN"
0.0811321750000005,12.2110704175,2.16447663661169,0.0662311671016408,0.128130022377721,-6.11394403657196,"PQBP1_HUMAN",10,1.95854479811045,0.0877534904022988,0.158558235927326,0.0811321750000005,"Non-significant",0.799811194665622,"PQBP1","PQBP1_HUMAN"
-0.0652186849999996,11.818474175,-2.22232414673887,0.0607562628149616,0.12019493117453,-6.02752762683129,"EXOS6_HUMAN",11,-1.95836260727589,0.0877777685516427,0.158568112113544,-0.0652186849999996,"Non-significant",0.799784144417641,"EXOSC6","EXOS6_HUMAN"
1.02982211075,7.001092553125,1.90406328895551,0.0976051679372228,0.172621477243569,-6.49594873778562,"DUS1_HUMAN",8,1.95745847684731,0.0878983464141241,0.158751909561742,1.02982211075,"Non-significant",0.799281042054004,"DUSP1","DUS1_HUMAN"
0.344757914500001,7.819259703,1.91634534479092,0.0958420944317079,0.17000273862897,-6.47825122909974,"DPF3_HUMAN",9,1.95600031549064,0.0880931502461211,0.159069657974412,0.344757914500001,"Non-significant",0.798412652729117,"DPF3","DPF3_HUMAN"
0.134326458000004,8.68938398375,1.90085044362878,0.0980715430035713,0.173046898885724,-6.5005720698547,"TRAF4_HUMAN",19,1.95503642050574,0.08822215208909,0.15925819851115,0.134326458000004,"Non-significant",0.797898201212374,"TRAF4","TRAF4_HUMAN"
0.0362095799999977,17.1909143925,1.63136083505645,0.14580002248619,0.23475613935742,-6.87769779518462,"GATM_HUMAN",48,1.95481886024802,0.0882512943591648,0.15925819851115,0.0362095799999977,"Non-significant",0.797898201212374,"GATM","GATM_HUMAN"
0.0305023175000017,14.12523770375,1.92903183083737,0.0940535036432996,0.167747986079004,-6.4599325923705,"ATD3A_HUMAN",19,1.9547968237385,0.0882542466776109,0.15925819851115,0.0305023175000017,"Non-significant",0.797898201212374,"ATAD3A","ATD3A_HUMAN"
0.0871739374999976,13.35321426375,2.58614608730196,0.0353970004404176,0.0784766813756963,-5.47697744595108,"LTOR3_HUMAN",7,1.95465108739411,0.0882737739637942,0.159258208320393,0.0871739374999976,"Non-significant",0.797898174462732,"LAMTOR3","LTOR3_HUMAN"
0.196261406249997,8.614096164875,2.0283345099535,0.0811368089440899,0.14958489995401,-6.31529615448607,"AG10B_HUMAN",6,1.95444364823956,0.088301576065957,0.159258208320393,0.196261406249997,"Non-significant",0.797898174462732,"ALG10B","AG10B_HUMAN"
-0.040468452499999,13.43740904375,-1.8597813406329,0.104226741424202,0.181476389891468,-6.55943941136765,"SNX1_HUMAN",21,-1.95437383769826,0.0883109343563313,0.159258208320393,-0.040468452499999,"Non-significant",0.797898174462732,"SNX1","SNX1_HUMAN"
0.236098051000001,7.82178652275,1.90847559839936,0.0969681884401457,0.171675038933415,-6.48959519421615,"ACSL6_HUMAN",13,1.95303068872,0.0884911744153044,0.159538301499536,0.236098051000001,"Non-significant",0.797135035910876,"ACSL6","ACSL6_HUMAN"
0.0653989300000006,14.188127875,2.21161992169726,0.0617339383947349,0.121692087635458,-6.04355146607471,"ARL1_HUMAN",11,1.95286138878793,0.0885139184313836,0.159538301499536,0.0653989300000006,"Non-significant",0.797135035910876,"ARL1","ARL1_HUMAN"
0.179486751500001,9.756772995,1.90189000335785,0.0979204047161224,0.172972893045702,-6.4990764087589,"SFXN3_HUMAN",17,1.95279356237392,0.0885230319270765,0.159538301499536,0.179486751500001,"Non-significant",0.797135035910876,"SFXN3","SFXN3_HUMAN"
-0.242528676999997,7.65719592575,-1.95544937546097,0.0904328679962503,0.162701951833595,-6.42166570928156,"RNF41_HUMAN",7,-1.95211373708428,0.0886144269086446,0.159668876531203,-0.242528676999997,"Non-significant",0.796779730499261,"RNF41","RNF41_HUMAN"
-0.0670926550000015,11.2544072875,-1.83125239774168,0.108720426168862,0.187969530626034,-6.60006815505552,"CERT_HUMAN",31,-1.95083150434527,0.0887870578973771,0.159945738622995,-0.0670926550000015,"Non-significant",0.796027326178012,"CERT1","CERT_HUMAN"
0.0766808999999995,12.7152193775,2.04966114348229,0.0785992281984368,0.14592795032701,-6.2839684899758,"ZNRD2_HUMAN",12,1.94996521314716,0.0889038738191252,0.160115305018612,0.0766808999999995,"Non-significant",0.795567152981142,"ZNRD2","ZNRD2_HUMAN"
0.0363075775000041,15.46851646875,1.6485216443109,0.14219998163254,0.230767988177452,-6.85440126465676,"SC23A_HUMAN",41,1.94985180866089,0.0889191769832869,0.160115305018612,0.0363075775000041,"Non-significant",0.795567152981142,"SEC23A","SC23A_HUMAN"
-0.077484130000002,11.9070234275,-1.90767069831776,0.0970840852126933,0.171814324385194,-6.49075457510541,"WDR82_HUMAN",18,-1.94904792526221,0.0890277287802092,0.160276532654503,-0.077484130000002,"Non-significant",0.795130061455862,"WDR82","WDR82_HUMAN"
-0.157393930000001,10.3981509225,-1.95041910167339,0.0911116339075467,0.163678593820697,-6.42896463380086,"DCTP1_HUMAN",10,-1.94681168704573,0.0893303733343063,0.160787041818251,-0.157393930000001,"Non-significant",0.793748954925852,"DCTPP1","DCTP1_HUMAN"
0.176137924750002,9.290909767125,2.12849315647537,0.0698831455505261,0.133479500078265,-6.16746017039402,"PAQR9_HUMAN",5,1.94646541305014,0.0893773258523663,0.160829208188752,0.176137924750002,"Non-significant",0.79363507621397,"PAQR9","PAQR9_HUMAN"
0.912337541250001,7.520826101125,1.892184976606,0.099340228074687,0.175029009707679,-6.51302893973533,"MTAP2_HUMAN",11,1.9463575141552,0.0893919611299447,0.160829208188752,0.912337541250001,"Non-significant",0.79363507621397,"MAP2","MTAP2_HUMAN"
-0.0674195275000002,10.93350553625,-1.8147486546695,0.111404496375595,0.19175587093116,-6.62346785705605,"STRN_HUMAN",37,-1.94616139531557,0.0894185683998167,0.160842747128053,-0.0674195275000002,"Non-significant",0.793598517934422,"STRN","STRN_HUMAN"
0.111287594499998,10.0350949765,1.95924155710288,0.0899244357989757,0.161960057553326,-6.41615948123782,"RNF25_HUMAN",12,1.94596508615431,0.08944520917223,0.160856340540373,0.111287594499998,"Non-significant",0.793561815660835,"RNF25","RNF25_HUMAN"
0.130909920000001,9.38529038425,2.11432712050607,0.0713753503511596,0.135531161998181,-6.1884737421613,"TM186_HUMAN",7,1.94398332946557,0.0897145807532425,0.161287888704308,0.130909920000001,"Non-significant",0.79239824306589,"TMEM186","TM186_HUMAN"
-0.115488529999997,17.82092643,-2.10487675565271,0.0723884135967247,0.137028269420164,-6.20247417856998,"RLA2_HUMAN",8,-1.94386963854333,0.089730058070048,0.161287888704308,-0.115488529999997,"Non-significant",0.79239824306589,"RPLP2","RLA2_HUMAN"
-0.0510249149999993,16.84512353,-1.92124179958072,0.0951478834027755,0.169055967369729,-6.47118557207666,"ATPG_HUMAN",18,-1.94377767841238,0.0897425789563656,0.161287888704308,-0.0510249149999993,"Non-significant",0.79239824306589,"ATP5F1C","ATPG_HUMAN"
0.140425681750003,9.818124055875,2.0255630342473,0.0814724561187084,0.150138026371796,-6.31936086090343,"STX3_HUMAN",8,1.94274883678133,0.0898827768874433,0.16150542024819,0.140425681750003,"Non-significant",0.791812897825892,"STX3","STX3_HUMAN"
0.0917599224999979,11.79221117375,1.87963131858005,0.101206436669056,0.177390113263355,-6.53104142270114,"ARSD_HUMAN",21,1.94259417027796,0.0899038712701771,0.16150889406145,0.0917599224999979,"Non-significant",0.79180355670469,"ARSD","ARSD_HUMAN"
-0.0243835500000014,11.2798566825,-1.38067100118753,0.208866498365193,0.309028561474497,-7.20382180076278,"WASC5_HUMAN",65,-1.94183341330302,0.0900076978362535,0.161660959953501,-0.0243835500000014,"Non-significant",0.791394846660376,"WASHC5","WASC5_HUMAN"
-0.0801980499999999,11.616640925,-1.93875154290802,0.0927052225863183,0.165795568901256,-6.44587199127918,"GNPI1_HUMAN",15,-1.94157174384866,0.0900434367735538,0.161685448289237,-0.0801980499999999,"Non-significant",0.791329064893018,"GNPDA1","GNPI1_HUMAN"
0.0737490659999995,10.0464513295,2.0532138865588,0.0781841850297764,0.145253360285648,-6.27874134179223,"IKBB_HUMAN",12,1.94137917840394,0.0900697462265365,0.161685448289237,0.0737490659999995,"Non-significant",0.791329064893018,"NFKBIB","IKBB_HUMAN"
-0.135791302000001,8.82891225825,-1.9947214435588,0.0853011252039006,0.155561052432644,-6.36449001384373,"NAPEP_HUMAN",9,-1.94131235123244,0.0900788782971003,0.161685448289237,-0.135791302000001,"Non-significant",0.791329064893018,"NAPEPLD","NAPEP_HUMAN"
-0.0396306549999998,14.5251127475,-1.67816822940104,0.136175733520357,0.223138658212109,-6.81389860881924,"IMB1_HUMAN",40,-1.94025848804209,0.0902230094337195,0.161899438264345,-0.0396306549999998,"Non-significant",0.790754658097265,"KPNB1","IMB1_HUMAN"
-0.106036662499999,16.39685607125,-2.0735349417425,0.0758515465159833,0.142046808616579,-6.24879853279796,"RS21_HUMAN",9,-1.94015984184674,0.0902365121563522,0.161899438264345,-0.106036662499999,"Non-significant",0.790754658097265,"RPS21","RS21_HUMAN"
0.0380771124999999,14.87288010125,1.79901492522661,0.114022455123532,0.195265191839953,-6.64570264689031,"PP1A_HUMAN",23,1.93977862162693,0.0902887120874728,0.161949894894079,0.0380771124999999,"Non-significant",0.790619329512009,"PPP1CA","PP1A_HUMAN"
-0.0834171774999977,11.92349231375,-1.83211007414658,0.108582651215836,0.187819242170794,-6.59884999632036,"RPC2_HUMAN",39,-1.93967386357548,0.090303061573398,0.161949894894079,-0.0834171774999977,"Non-significant",0.790619329512009,"POLR3B","RPC2_HUMAN"
0.0484809874999979,11.24909877625,1.76309589782828,0.120221333475099,0.203034586227532,-6.69618553776739,"EIF2D_HUMAN",32,1.93800155459387,0.0905324291538832,0.162326706091913,0.0484809874999979,"Non-significant",0.789610023893928,"EIF2D","EIF2D_HUMAN"
-0.0405504724999997,13.90830409375,-1.66471794885947,0.138878603677449,0.226312698242079,-6.8323137317572,"SPT5H_HUMAN",48,-1.93725576677636,0.0906349002558916,0.162453899671991,-0.0405504724999997,"Non-significant",0.78926985904538,"SUPT5H","SPT5H_HUMAN"
0.0570673924999987,12.34700894375,2.09764874098795,0.0731728819210892,0.138042574241912,-6.21317230489918,"NECP2_HUMAN",13,1.9372047529107,0.0906419136501805,0.162453899671991,0.0570673924999987,"Non-significant",0.78926985904538,"NECAP2","NECP2_HUMAN"
0.162885427499997,9.11578691025,1.87581897598455,0.101779864293206,0.178098915534033,-6.53650349357088,"ANS1A_HUMAN",24,1.93703364872638,0.0906654409145243,0.16246152242103,0.162885427499997,"Non-significant",0.789249481324778,"ANKS1A","ANS1A_HUMAN"
0.0566713799999992,10.222969175,1.78012453259652,0.117243475661443,0.199255667798831,-6.67230143242066,"UBP40_HUMAN",36,1.93640727083028,0.090751619894714,0.162565673028057,0.0566713799999992,"Non-significant",0.788971153627281,"USP40","UBP40_HUMAN"
-0.0852308249999982,13.4142708775,-2.10484934118928,0.0723913730843505,0.137028269420164,-6.20251477092963,"UBC12_HUMAN",10,-1.93633086448691,0.0907621375335193,0.162565673028057,-0.0852308249999982,"Non-significant",0.788971153627281,"UBE2M","UBC12_HUMAN"
-0.102082014999997,12.2611120925,-1.91147929183439,0.0965368756001443,0.171019193870033,-6.4852672595461,"STK24_HUMAN",15,-1.93504630201084,0.0909391393488614,0.162847356384674,-0.102082014999997,"Non-significant",0.788219287248738,"STK24","STK24_HUMAN"
-0.0781252375000001,10.41419136625,-1.84996665461085,0.105752097445085,0.183714845293615,-6.57344185910026,"GLCE_HUMAN",25,-1.93479414363675,0.0909739238162268,0.162847356384674,-0.0781252375000001,"Non-significant",0.788219287248738,"GLCE","GLCE_HUMAN"
0.0326550035000022,10.01001894575,1.65154513645652,0.141574368209915,0.230100619295382,-6.85028533862807,"DCAF6_HUMAN",31,1.9347692101904,0.0909773640070508,0.162847356384674,0.0326550035000022,"Non-significant",0.788219287248738,"DCAF6","DCAF6_HUMAN"
-0.112293243750001,8.877258539375,-1.87760397586002,0.101510985882641,0.177798833828728,-6.53394653409733,"BCL9L_HUMAN",20,-1.93444971421598,0.0910214575831744,0.162864353456479,-0.112293243750001,"Non-significant",0.788173960450363,"BCL9L","BCL9L_HUMAN"
0.2562940125,11.76330602125,1.94985349761501,0.0911882649916484,0.163746460505881,-6.42978496579,"SF3B5_HUMAN",6,1.93442040544519,0.0910255035156572,0.162864353456479,0.2562940125,"Non-significant",0.788173960450363,"SF3B5","SF3B5_HUMAN"
0.0530364499999987,13.7795025125,1.7580593271341,0.121115813972293,0.204054606430634,-6.70323245155171,"S23IP_HUMAN",39,1.93422301826192,0.0910527563816354,0.162878540649577,0.0530364499999987,"Non-significant",0.788136130494338,"SEC23IP","S23IP_HUMAN"
0.071767092,9.86246621625,1.82635990461986,0.109509563797848,0.188918565954167,-6.60701300929715,"TF3C3_HUMAN",30,1.93377641580212,0.0911144470465051,0.16295431236049,0.071767092,"Non-significant",0.787934142043981,"GTF3C3","TF3C3_HUMAN"
0.0702240424999996,12.41416394625,1.85238860705209,0.105373698709455,0.183132970396287,-6.569988919979,"IRGQ_HUMAN",23,1.93362084949695,0.0911359454220397,0.162958184972926,0.0702240424999996,"Non-significant",0.787923821149722,"IRGQ","IRGQ_HUMAN"
0.32984077925,7.116355836625,1.96220305116493,0.0895293221498558,0.16131736990191,-6.41185716742102,"PCGF5_HUMAN",4,1.93344855823532,0.0911597608159069,0.162966198073654,0.32984077925,"Non-significant",0.787902466224402,"PCGF5","PCGF5_HUMAN"
0.946070909750002,7.561077356375,1.88734487562454,0.100055766442053,0.175995420563453,-6.51997847908131,"FA89A_HUMAN",4,1.93279673511724,0.0912499151735485,0.163092776717099,0.946070909750002,"Non-significant",0.78756527318028,"FAM89A","FA89A_HUMAN"
0.101503847499998,10.87601923875,3.0607968117291,0.0177609828728863,0.0466959839786521,-4.75576357301397,"SERC1_HUMAN",5,1.93094094166127,0.0915070643399756,0.163517711537345,0.101503847499998,"Non-significant",0.786435199539865,"SERINC1","SERC1_HUMAN"
-0.0383222099999951,15.011139035,-1.79225577320181,0.11516512129307,0.196623019060934,-6.65523223544141,"SCRB2_HUMAN",23,-1.93059822250274,0.0915546300082541,0.163568032289015,-0.0383222099999951,"Non-significant",0.786301570817973,"SCARB2","SCRB2_HUMAN"
0.0992555617499971,9.062114953875,2.03111543136863,0.0808013882762839,0.149096957482661,-6.31121608668743,"CEP44_HUMAN",10,1.93036376943825,0.0915871832947211,0.163576065169852,0.0992555617499971,"Non-significant",0.786280242994247,"CEP44","CEP44_HUMAN"
-0.934074044000002,6.91508966675,-1.88511781114416,0.100386681134502,0.176356676799233,-6.52317414935641,"SNX21_HUMAN",4,-1.93028632332985,0.0915979389727965,0.163576065169852,-0.934074044000002,"Non-significant",0.786280242994247,"SNX21","SNX21_HUMAN"
0.126003980499998,8.793048978,2.11506523541889,0.0712968220948813,0.135412553726398,-6.18737963334134,"ENTR1_HUMAN",7,1.92910108018144,0.0917626973686263,0.163822489874995,0.126003980499998,"Non-significant",0.785626477678494,"ENTR1","ENTR1_HUMAN"
0.140569685000001,10.7814533725,2.2808689744915,0.0556783582306872,0.112114878529972,-5.93964840858691,"CEBOS_HUMAN",5,1.92901409026479,0.0917748009478854,0.163822489874995,0.140569685000001,"Non-significant",0.785626477678494,"CEBPZOS","CEBOS_HUMAN"
0.354400754,7.39070004225,1.89842063385715,0.0984256891407484,0.173562789491081,-6.50406689474878,"GSTCD_HUMAN",7,1.92741919651706,0.091996984489315,0.16416746170035,0.354400754,"Non-significant",0.784712916670363,"GSTCD","GSTCD_HUMAN"
-0.157362460750003,10.058570384625,-2.34990596671241,0.0502384052752738,0.10315700805488,-5.83556510959848,"LMBD1_HUMAN",4,-1.92734731696371,0.0920070102114668,0.16416746170035,-0.157362460750003,"Non-significant",0.784712916670363,"LMBRD1","LMBD1_HUMAN"
0.0592536924999969,10.89425349125,1.86503524229364,0.103418953232994,0.180256070471651,-6.55193313519523,"MAPK2_HUMAN",20,1.92603910933136,0.092189662879536,0.164458554161187,0.0592536924999969,"Non-significant",0.783943532163799,"MAPKAPK2","MAPK2_HUMAN"
0.103345155000001,10.8450325725,2.06579447332526,0.0767318323391792,0.143249748568536,-6.26021283284589,"MGDP1_HUMAN",9,1.92542095190211,0.092276092190875,0.164545534607341,0.103345155000001,"Non-significant",0.783713898977054,"MDP1","MGDP1_HUMAN"
-0.0485873249999997,11.6219012725,-2.32720224270012,0.0519652031381722,0.105877374245021,-5.86984275846917,"KHDR3_HUMAN",12,-1.92541114666371,0.0922774637666271,0.164545534607341,-0.0485873249999997,"Non-significant",0.783713898977054,"KHDRBS3","KHDR3_HUMAN"
-0.0891382692499985,9.125697016625,-1.85792577677323,0.104513487960779,0.181896264867435,-6.56208870283274,"SCMC1_HUMAN",22,-1.92504892181475,0.0923281462851707,0.164601088205944,-0.0891382692499985,"Non-significant",0.783567297919165,"SLC25A24","SCMC1_HUMAN"
0.0543410779999967,9.8325761555,1.98706310271325,0.0862789163249108,0.156733833125576,-6.37566578258388,"CMPK2_HUMAN",15,1.92484084220661,0.0923572729534682,0.164618197023638,0.0543410779999967,"Non-significant",0.783522159220089,"CMPK2","CMPK2_HUMAN"
0.145754576250001,8.688700079875,1.86659728578235,0.103179957504601,0.180025638958038,-6.54970002056004,"ZC3HD_HUMAN",21,1.92436655521423,0.0924236961044148,0.164701762043153,0.145754576250001,"Non-significant",0.783301754555051,"ZC3H13","ZC3HD_HUMAN"
0.194897174999999,8.30159187325,2.04748783559982,0.0788541939297861,0.14627244732266,-6.28716491466639,"RNH2C_HUMAN",5,1.92250382489987,0.0926850153092466,0.165132528861053,0.194897174999999,"Non-significant",0.782167368206966,"RNASEH2C","RNH2C_HUMAN"
0.173111677250001,7.965381979875,2.10343497403676,0.0725442222814995,0.137246373829831,-6.20460884316267,"RBMX2_HUMAN",5,1.92131770950173,0.0928517850534018,0.165371143668924,0.173111677250001,"Non-significant",0.781540270108048,"RBMX2","RBMX2_HUMAN"
0.0954675649999981,10.4582412225,1.89126406232947,0.0994759885534359,0.1751583679793,-6.51435166990912,"F234A_HUMAN",16,1.92127224769255,0.0928581828194351,0.165371143668924,0.0954675649999981,"Non-significant",0.781540270108048,"FAM234A","F234A_HUMAN"
-0.0573704224999965,15.20932471875,-1.91063531821158,0.0966578765484972,0.171161605341866,-6.4864835399692,"RAB18_HUMAN",17,-1.9199075600841,0.0930504313424263,0.165678514107586,-0.0573704224999965,"Non-significant",0.780733809079415,"RAB18","RAB18_HUMAN"
-0.0551109325000034,17.34549093125,-1.74054847879876,0.124275186405404,0.207716745233225,-6.72766999081556,"PGM1_HUMAN",48,-1.91946468145982,0.0931129038128315,0.165754734158048,-0.0551109325000034,"Non-significant",0.780534058764184,"PGM1","PGM1_HUMAN"
-0.336443066999999,7.64929169425,-1.86784294730014,0.102989751472695,0.179906277317919,-6.54791874636447,"GLT10_HUMAN",13,-1.91732379454911,0.0934154686961347,0.166258231765143,-0.336443066999999,"Non-significant",0.779216842736594,"GALNT10","GLT10_HUMAN"
0.0609900925000009,11.86780393125,1.90184463769061,0.0979269955646092,0.172972893045702,-6.49914168398667,"EST3_HUMAN",17,1.91663359799693,0.0935132141258519,0.166388567268702,0.0609900925000009,"Non-significant",0.778876517845132,"CES3","EST3_HUMAN"
0.0975112899999964,11.33283043,1.82994468024668,0.108930818214827,0.188189765675912,-6.60192510992619,"VMA5A_HUMAN",33,1.91652798086696,0.0935281802964896,0.166388567268702,0.0975112899999964,"Non-significant",0.778876517845132,"VWA5A","VMA5A_HUMAN"
-0.0370087600000009,11.6101083775,-1.6133649193612,0.149666307052011,0.239790401471469,-6.90200764275036,"GRAP1_HUMAN",49,-1.91489082472695,0.0937604645611251,0.166754421662534,-0.0370087600000009,"Non-significant",0.777922641500291,"GRIPAP1","GRAP1_HUMAN"
0.131195783500003,8.72504413125,1.84022104872722,0.107288004119371,0.18592322917808,-6.58731981126421,"CHD8_HUMAN",37,1.91476542581815,0.0937782794376317,0.166754421662534,0.131195783500003,"Non-significant",0.777922641500291,"CHD8","CHD8_HUMAN"
0.0458810325000023,13.93554747125,2.21495295504244,0.0614278307737657,0.121243873730154,-6.03856357860169,"SNRPA_HUMAN",13,1.91466055934732,0.0937931798673714,0.166754421662534,0.0458810325000023,"Non-significant",0.777922641500291,"SNRPA","SNRPA_HUMAN"
0.107820034,10.00016355575,1.86663983650017,0.103173454634434,0.180025638958038,-6.54963918054415,"UBR7_HUMAN",18,1.91429082000162,0.0938457341898906,0.166812672603667,0.107820034,"Non-significant",0.77777095949693,"UBR7","UBR7_HUMAN"
0.043677327499994,14.84004211375,2.04621895645126,0.079003432577704,0.146484807126588,-6.28903072774582,"6PGL_HUMAN",15,1.91322003075177,0.0939980952401686,0.167048270035712,0.043677327499994,"Non-significant",0.777158017588463,"PGLS","6PGL_HUMAN"
0.129338026000001,8.254794717,1.87674274462112,0.101640629082228,0.177966111868322,-6.53518032576275,"GGNB2_HUMAN",15,1.91243253720766,0.0941102987833509,0.167212417463083,0.129338026000001,"Non-significant",0.776731474292631,"GGNBP2","GGNB2_HUMAN"
0.130323407499999,9.9745693195,2.1703879472794,0.0656497338690635,0.127238815079866,-6.10513424463968,"MASU1_HUMAN",6,1.9111171481946,0.0942980059865905,0.167498001454312,0.130323407499999,"Non-significant",0.775990370493061,"MALSU1","MASU1_HUMAN"
-2.00486421425,10.755820750375,-1.86444847633509,0.103508867714966,0.180375490173547,-6.55277181515624,"PPARD_HUMAN",1,-1.91102776527556,0.0943107741015734,0.167498001454312,-2.00486421425,"Non-significant",0.775990370493061,"PPARD","PPARD_HUMAN"
-0.568382501499999,6.61207950125,-1.86965554514224,0.102713582516075,0.179509182464855,-6.54532603166823,"HHEX_HUMAN",6,-1.91086865915819,0.0943335061170125,0.167503080484579,-0.568382501499999,"Non-significant",0.7759772016113,"HHEX","HHEX_HUMAN"
0.114792347,9.330725193,1.87992808540028,0.101161930377147,0.177390113263355,-6.53061607690915,"CNNM4_HUMAN",15,1.91047410833652,0.0943898996905972,0.167567915857633,0.114792347,"Non-significant",0.775809131886326,"CNNM4","CNNM4_HUMAN"
0.349459052499999,7.27825039625,1.86674272808471,0.103157731727738,0.180025638958038,-6.54949206176028,"E41L1_HUMAN",10,1.91025633030773,0.0944210408598951,0.167587903433998,0.349459052499999,"Non-significant",0.775757332134495,"EPB41L1","E41L1_HUMAN"
-1.197781801,8.7823866605,-1.85780210584612,0.104532626292307,0.181896264867435,-6.56226524184628,"TTYH3_HUMAN",6,-1.90924745199734,0.0945654346970755,0.167775587932864,-1.197781801,"Non-significant",0.775271230618951,"TTYH3","TTYH3_HUMAN"
1.1990151405,7.2321960925,1.86059811894149,0.104100762820337,0.181369435678508,-6.55827295937409,"ES8L3_HUMAN",4,1.90923936008857,0.0945665936966467,0.167775587932864,1.1990151405,"Non-significant",0.775271230618951,"EPS8L3","ES8L3_HUMAN"
-0.0327804050000022,11.5040658725,-1.83517576445546,0.108091558266759,0.187123381521979,-6.59449410859732,"ALAT2_HUMAN",20,-1.90885839175415,0.0946211750796948,0.167837096958491,-0.0327804050000022,"Non-significant",0.775112040982094,"GPT2","ALAT2_HUMAN"
-0.0511257650000019,14.504145265,-2.03932281228415,0.0798194110775468,0.147705338303544,-6.29916578727225,"DHRS6_HUMAN",14,-1.90734126573275,0.0948388353326083,0.168187785192206,-0.0511257650000019,"Non-significant",0.77420554846826,"BDH2","DHRS6_HUMAN"
0.0436134300000006,17.0744504925,1.64515644871812,0.142899336102808,0.231545271820562,-6.85897836437442,"GANAB_HUMAN",71,1.90631368190178,0.0949865355934536,0.168414284500888,0.0436134300000006,"Non-significant",0.773621075444362,"GANAB","GANAB_HUMAN"
-0.994921446000001,7.90898644925,-1.85448624877972,0.10504702498631,0.182678228514465,-6.56699706040927,"MGT5A_HUMAN",7,-1.90565439810394,0.0950814147786685,0.168525172137699,-0.994921446000001,"Non-significant",0.773335220584871,"MGAT5","MGT5A_HUMAN"
-0.0678575025000008,12.03971183375,-1.7880722798104,0.115877838729678,0.197599494770879,-6.66112361580563,"PBIP1_HUMAN",33,-1.90560127529302,0.095089063790117,0.168525172137699,-0.0678575025000008,"Non-significant",0.773335220584871,"PBXIP1","PBIP1_HUMAN"
-0.150349852500002,13.82874643625,-2.3717438133654,0.0486324979583677,0.100570001298106,-5.80255441379565,"NEDD8_HUMAN",4,-1.90535989531363,0.0951238269162421,0.16855134266912,-0.150349852500002,"Non-significant",0.773267783567409,"NEDD8","NEDD8_HUMAN"
0.408140897750002,8.086346030125,1.86925265549406,0.102774905178569,0.17957912018038,-6.5459023942365,"CLTRN_HUMAN",7,1.90476368665219,0.0952097443394005,0.16866812421959,0.408140897750002,"Non-significant",0.772966984889015,"CLTRN","CLTRN_HUMAN"
0.0625488775000012,10.64469492375,1.80597739402114,0.112856768665285,0.193622980476224,-6.63587226698577,"MOCS3_HUMAN",25,1.90384898334608,0.0953417042092723,0.168866405711275,0.0625488775000012,"Non-significant",0.772456740395656,"MOCS3","MOCS3_HUMAN"
-0.0646493474999978,13.49600875375,-2.2727423091485,0.0563567896358875,0.113133743146253,-5.9518698535407,"RET5_HUMAN",10,-1.90342089765655,0.0954035225938776,0.168940397467184,-0.0646493474999978,"Non-significant",0.772266488384689,"RBP5","RET5_HUMAN"
0.0766298750000018,10.361352085,1.99258533686422,0.085572756659009,0.155921479870036,-6.36760846167493,"FRG1_HUMAN",12,1.90312201721248,0.095446705780421,0.168981365894385,0.0766298750000018,"Non-significant",0.772161183761654,"FRG1","FRG1_HUMAN"
-0.0355794450000015,11.446666835,-1.69677888470951,0.132517276497614,0.218289646980338,-6.78831235326845,"CACO2_HUMAN",27,-1.90268228300462,0.0955102741924372,0.16905840007729,-0.0355794450000015,"Non-significant",0.771963245385758,"CALCOCO2","CACO2_HUMAN"
3.56810688975,11.920355677625,1.84802632746632,0.10605619347182,0.184129280077028,-6.57620700116841,"TASP1_HUMAN",6,1.90188014851177,0.0956263366024598,0.169228299647729,3.56810688975,"Non-significant",0.771527009186206,"TASP1","TASP1_HUMAN"
0.0414049625000015,13.78794014375,1.63627125649748,0.144761314771487,0.233798260626339,-6.87104301251654,"U5S1_HUMAN",56,1.90158059805194,0.0956697139707954,0.169269525411384,0.0414049625000015,"Non-significant",0.771421223444433,"EFTUD2","U5S1_HUMAN"
-0.168310642499998,11.79614520125,-1.84077346824852,0.107200371299727,0.18584778479749,-6.58653385248162,"BLMH_HUMAN",23,-1.89926972588115,0.0960049847663667,0.169827075885772,-0.168310642499998,"Non-significant",0.769993068094657,"BLMH","BLMH_HUMAN"
-3.22640406925,11.539242802875,-1.84498100268417,0.106535169573911,0.184884691031192,-6.58054479084431,"IL16_HUMAN",5,-1.89851523162851,0.09611469465274,0.169985472351646,-3.22640406925,"Non-significant",0.769588193604759,"IL16","IL16_HUMAN"
0.160167217249999,7.957394003875,1.97478700731035,0.0878692741990529,0.158968409400083,-6.39355417061581,"HAUS8_HUMAN",7,1.89745546630631,0.0962689973909584,0.170222651354812,0.160167217249999,"Non-significant",0.768982649281691,"HAUS8","HAUS8_HUMAN"
0.761539578749998,7.851570188875,1.84453463913667,0.106605549651717,0.184930680801466,-6.5811803817691,"PACS2_HUMAN",12,1.89729458178316,0.0962924431529026,0.170228398350633,0.761539578749998,"Non-significant",0.768967987035386,"PACS2","PACS2_HUMAN"
0.0485136474999983,13.78805482375,1.7808024644397,0.117126391757252,0.199244875100279,-6.67134872851845,"PUF60_HUMAN",24,1.89569347738162,0.0965260723964691,0.17057981244868,0.0485136474999983,"Non-significant",0.76807236742942,"PUF60","PUF60_HUMAN"
0.0684146900000009,12.2912879,1.78032213125202,0.117209337362584,0.199255667798831,-6.67202375967061,"ITIH4_HUMAN",33,1.89565495145453,0.0965317007213435,0.17057981244868,0.0684146900000009,"Non-significant",0.76807236742942,"ITIH4","ITIH4_HUMAN"
-0.0896770974999992,12.37304818625,-3.8456261973869,0.00603958071666953,0.0208381604014767,-3.59993315817147,"B2CL1_HUMAN",5,-1.89538744540419,0.0965707898919462,0.170613118423646,-0.0896770974999992,"Non-significant",0.76798757903037,"BCL2L1","B2CL1_HUMAN"
-0.0377831425000039,13.14976143875,-1.61915585687208,0.148411889679019,0.238052106204463,-6.89419856467492,"AMPD2_HUMAN",44,-1.89460612652583,0.0966850469033656,0.170750872925239,-0.0377831425000039,"Non-significant",0.76763706740839,"AMPD2","AMPD2_HUMAN"
0.1306893825,8.92688667775,1.94996966381453,0.091172521033031,0.163746460505881,-6.4296164884155,"TADA1_HUMAN",9,1.89457721657522,0.0966892770758293,0.170750872925239,0.1306893825,"Non-significant",0.76763706740839,"TADA1","TADA1_HUMAN"
0.0435683749999995,12.0229517225,1.65580120839386,0.140698071630638,0.228814209101803,-6.84448575819013,"CYTSA_HUMAN",50,1.89395272387358,0.0967806978095024,0.170876519027293,0.0435683749999995,"Non-significant",0.767317611694121,"SPECC1L","CYTSA_HUMAN"
0.278730392500001,7.26142668725,2.01286758285489,0.0830275436893453,0.152536871350805,-6.33796086659523,"TOB2_HUMAN",3,1.89332315469363,0.0968729458772209,0.170984363473815,0.278730392500001,"Non-significant",0.767043604037909,"TOB2","TOB2_HUMAN"
0.0285124775000032,15.48935437375,1.76993617201238,0.119016588412159,0.201430724192672,-6.68660225691517,"RAB14_HUMAN",21,1.89325901302432,0.0968823490272798,0.170984363473815,0.0285124775000032,"Non-significant",0.767043604037909,"RAB14","RAB14_HUMAN"
-0.0849170675000011,17.86685562125,-1.81548702254524,0.111283064884129,0.191585979147941,-6.62242263181948,"DCXR_HUMAN",25,-1.89307800640534,0.0969088892804266,0.1709954004071,-0.0849170675000011,"Non-significant",0.76701557150657,"DCXR","DCXR_HUMAN"
0.254441738499999,8.185946226,2.21029057783651,0.0618564531563286,0.121876588044576,-6.04554043679829,"PIGP_HUMAN",2,1.89274472104208,0.0969577758337196,0.17104585443751,0.254441738499999,"Non-significant",0.766887447154051,"PIGP","PIGP_HUMAN"
0.0325326925000002,14.24449682375,1.60649230860519,0.151167802650289,0.241461703342673,-6.91125838024082,"MPPA_HUMAN",33,1.89163789772668,0.0971202957898473,0.171296709188664,0.0325326925000002,"Non-significant",0.76625098026235,"PMPCA","MPPA_HUMAN"
0.294745445499997,9.65159344675,1.93695006220229,0.092953685999472,0.166150805297893,-6.4484796963055,"FA32A_HUMAN",4,1.89122529664629,0.097180946921446,0.171367824602692,0.294745445499997,"Non-significant",0.766070716305689,"FAM32A","FA32A_HUMAN"
-0.0503697399999989,14.8529138575,-2.22227692806027,0.0607605411952395,0.12019493117453,-6.02759834289404,"PP1B_HUMAN",12,-1.88998265643795,0.0973638314737633,0.171654410268218,-0.0503697399999989,"Non-significant",0.765345033889584,"PPP1CB","PP1B_HUMAN"
1.0069973465,7.92573010925,1.83851849398435,0.107558522226761,0.186353706854957,-6.58974160164573,"MIS12_HUMAN",6,1.88827660407201,0.0976154574988558,0.17206204334125,1.0069973465,"Non-significant",0.764314923893985,"MIS12","MIS12_HUMAN"
-0.0514693275000013,10.51379656875,-1.71265022275621,0.129470650434312,0.214327066589945,-6.76639723481598,"VPS11_HUMAN",40,-1.88789943312016,0.0976711708531553,0.17212425237743,-0.0514693275000013,"Non-significant",0.764157933091226,"VPS11","VPS11_HUMAN"
-0.0984046449999969,11.18626845,-2.49291025960092,0.0406271145769429,0.0876932498550088,-5.61881618057608,"ASURF_HUMAN",6,-1.88758039836032,0.0977183205527196,0.172171346977189,-0.0984046449999969,"Non-significant",0.764039122830689,"ASDURF","ASURF_HUMAN"
-0.0744819624999984,17.12660980125,-2.24357515952899,0.0588611983074317,0.117097248178745,-5.99567406445487,"A1AG2_HUMAN",9,-1.88638471505633,0.0978952236459098,0.172446988529023,-0.0744819624999984,"Non-significant",0.763344385388487,"ORM2","A1AG2_HUMAN"
-0.0805313575,11.21972668375,-1.9222790977411,0.0950014464811954,0.168902592784222,-6.46968799444205,"NRBF2_HUMAN",13,-1.88470774008612,0.0981438532137796,0.172848838014824,-0.0805313575,"Non-significant",0.762333535678682,"NRBF2","NRBF2_HUMAN"
-0.419550299500001,6.01812309025,-1.82969497549266,0.108971036439095,0.188220669292035,-6.60227963522487,"MRP1_HUMAN",21,-1.88369243993175,0.0982946771604968,0.173078302441159,-0.419550299500001,"Non-significant",0.761757373029893,"ABCC1","MRP1_HUMAN"
0.323581218249998,9.466715335875,2.03060533296398,0.0808628111855806,0.149177639633018,-6.31196459745011,"ARF1_HUMAN",2,1.8829824795943,0.0984002748254801,0.173228052736836,0.323581218249998,"Non-significant",0.761381776508737,"ARF1","ARF1_HUMAN"
0.522338270749998,6.784558951875,1.87276562815641,0.102241395071922,0.178832272060848,-6.54087539921047,"HECAM_HUMAN",3,1.88240106734886,0.0984868337442678,0.173344230868748,0.522338270749998,"Non-significant",0.761090607676815,"HEPACAM","HECAM_HUMAN"
0.314655423,7.5437275765,1.83264922662926,0.10849612911188,0.18770810186454,-6.59808413184453,"CDK14_HUMAN",13,1.88067785817449,0.0987438098314778,0.173760244899692,0.314655423,"Non-significant",0.760049579991166,"CDK14","CDK14_HUMAN"
-0.10977173,10.23960066,-2.59780353513729,0.0347938079917683,0.0775865099371997,-5.45922700763384,"DRA_HUMAN",5,-1.8796537937245,0.0988968298811815,0.173992246528104,-0.10977173,"Non-significant",0.759470104390308,"HLA-DRA","DRA_HUMAN"
1.5728262665,7.80693918475,1.83817330360448,0.107613449372623,0.186372254933601,-6.59023251796941,"T184A_HUMAN",1,1.87951935605337,0.0989169350293833,0.173992246528104,1.5728262665,"Non-significant",0.759470104390308,"TMEM184A","T184A_HUMAN"
0.133537526999998,9.995386719,1.86634625145936,0.103218330222258,0.180055319835143,-6.55005894558192,"NADK_HUMAN",12,1.87777878224047,0.0991775923697615,0.174414338845132,0.133537526999998,"Non-significant",0.758417813982958,"NADK","NADK_HUMAN"
0.112519741000003,9.38998579975,1.84765636353612,0.106114271350057,0.184192173230978,-6.57673411671432,"MO4L1_HUMAN",15,1.87755062971724,0.0992118078970678,0.174438116137752,0.112519741000003,"Non-significant",0.75835861218089,"MORF4L1","MO4L1_HUMAN"
0.235260963249999,8.366014957625,1.87928991945205,0.101257659941746,0.177442997016419,-6.53153071028436,"LDB1_HUMAN",7,1.87711169665219,0.0992776655884881,0.174517506411964,0.235260963249999,"Non-significant",0.758161001044266,"LDB1","LDB1_HUMAN"
0.39574646875,10.123680471375,1.8599423100157,0.104201902118084,0.181470626643249,-6.55920954296581,"LTOR5_HUMAN",5,1.87696438977209,0.0992997769751701,0.174519979175085,0.39574646875,"Non-significant",0.758154847508195,"LAMTOR5","LTOR5_HUMAN"
0.0704457724999994,15.49590504125,2.14339251130998,0.0683472320786482,0.131319539364241,-6.1453248803714,"NDUAD_HUMAN",10,1.87642497269831,0.0993807861199945,0.174623212953857,0.0704457724999994,"Non-significant",0.757898025305821,"NDUFA13","NDUAD_HUMAN"
-0.622970343250001,7.030462622625,-1.82856350630642,0.109153453364983,0.188458512579566,-6.60388585009377,"SKAP2_HUMAN",8,-1.87629742976172,0.0993999496681228,0.174623212953857,-0.622970343250001,"Non-significant",0.757898025305821,"SKAP2","SKAP2_HUMAN"
-0.0631990400000007,10.9287896175,-2.03375410290998,0.0804843896990225,0.148642182465614,-6.30734333387796,"CDN1B_HUMAN",12,-1.87441967179449,0.0996824968816901,0.175083093606119,-0.0631990400000007,"Non-significant",0.756755788285808,"CDKN1B","CDN1B_HUMAN"
-0.210489032500004,15.60030353125,-2.43546216951582,0.0442394415422756,0.0932235631899602,-5.70603886819463,"TBA1C_HUMAN",2,-1.8741531308865,0.0997226658446718,0.175117156334321,-0.210489032500004,"Non-significant",0.756671303737636,"TUBA1C","TBA1C_HUMAN"
-0.0838315475000009,11.35332667875,-2.11533507022364,0.0712681357602168,0.135388577039186,-6.18697963480742,"EXOS1_HUMAN",9,-1.87399624468672,0.0997463165909981,0.175122204237768,-0.0838315475000009,"Non-significant",0.756658785004111,"EXOSC1","EXOS1_HUMAN"
0.0408887849999982,12.68968916,1.69094635658137,0.13365375785667,0.219689454948103,-6.79634407964543,"STXB3_HUMAN",29,1.87358233894774,0.099808739115049,0.175195306539098,0.0408887849999982,"Non-significant",0.756477532708315,"STXBP3","STXB3_HUMAN"
0.0335316675000001,12.21438837125,1.51119769228829,0.173470435167297,0.268044417603143,-7.03753379853849,"RAD50_HUMAN",82,1.87319177035279,0.0998676764563679,0.175262262096757,0.0335316675000001,"Non-significant",0.756311587200611,"RAD50","RAD50_HUMAN"
-0.0204422450000017,14.3549338575,-1.28243620634452,0.239575266750182,0.342790684677862,-7.32318228721974,"SRP68_HUMAN",47,-1.87207120583733,0.100036956575051,0.175522794956516,-0.0204422450000017,"Non-significant",0.75566647417839,"SRP68","SRP68_HUMAN"
0.16459989525,7.748398184875,1.86572768979323,0.103312941467623,0.180108538496504,-6.55094328435951,"BLNK_HUMAN",10,1.87141560525289,0.100136123669624,0.175660226100158,0.16459989525,"Non-significant",0.755326562583618,"BLNK","BLNK_HUMAN"
0.883747101,8.14940571775,1.8545618762749,0.105035265495704,0.182678228514465,-6.56688917093794,"S35B4_HUMAN",1,1.86898207266474,0.100505048538492,0.176270714550759,0.883747101,"Non-significant",0.753819834980698,"SLC35B4","S35B4_HUMAN"
0.84320783625,6.754037618625,1.82043694388812,0.110472278359076,0.190501398176892,-6.61541153064913,"SE1L3_HUMAN",6,1.86807494206339,0.100642903239328,0.176475771043124,0.84320783625,"Non-significant",0.753314911945142,"SEL1L3","SE1L3_HUMAN"
0.0701427459999984,9.086840868,1.74097934077468,0.124196518153135,0.207707938727413,-6.72706987756479,"MRCKA_HUMAN",48,1.86786751645013,0.100674450724547,0.17649437295283,0.0701427459999984,"Non-significant",0.75326913636393,"CDC42BPA","MRCKA_HUMAN"
0.0507698050000016,12.51500249,1.73863721518803,0.12462472174847,0.208135878664128,-6.73033131060149,"ERMP1_HUMAN",27,1.8669885346879,0.100808240826357,0.176680697787619,0.0507698050000016,"Non-significant",0.752810894195659,"ERMP1","ERMP1_HUMAN"
-0.0873241450000002,10.992524385,-1.95053568552926,0.0910958463211232,0.163678593820697,-6.42879553567341,"S38A4_HUMAN",11,-1.86689390443341,0.100822654687205,0.176680697787619,-0.0873241450000002,"Non-significant",0.752810894195659,"SLC38A4","S38A4_HUMAN"
0.629486918,7.4332650305,1.81322063249888,0.111656197780527,0.192071447161645,-6.6256304081201,"AKIB1_HUMAN",16,1.86586492939225,0.100979513366185,0.176918794047719,0.629486918,"Non-significant",0.752226029624648,"ANKIB1","AKIB1_HUMAN"
0.0414564600000027,12.48529017,1.64243293373639,0.143467686552446,0.232332205562069,-6.8626796031291,"SCYL1_HUMAN",39,1.8648227163731,0.101138628492947,0.177160743883426,0.0414564600000027,"Non-significant",0.751632504816558,"SCYL1","SCYL1_HUMAN"
0.211128950500001,8.786457181,2.01135986758238,0.0832141569284268,0.152746543717271,-6.34016766610627,"ICOSL_HUMAN",4,1.86371494004076,0.101308016617493,0.177420584265291,0.211128950500001,"Non-significant",0.750995994908894,"ICOSLG","ICOSL_HUMAN"
0.452835679000001,8.40963238475,1.96961251638206,0.088548200864166,0.15995506857293,-6.40108452995406,"NU6M_HUMAN",1,1.8618743925581,0.101590052658563,0.177877555849404,0.452835679000001,"Non-significant",0.749878846664128,"MT-ND6","NU6M_HUMAN"
0.0831878187499999,8.653658509375,1.91966019235633,0.0953715842337221,0.169310674706412,-6.47346848695441,"ALKB4_HUMAN",12,1.86115733284664,0.101700134687978,0.178033319893035,0.0831878187499999,"Non-significant",0.749498709536788,"ALKBH4","ALKB4_HUMAN"
0.0820848949999995,11.06797421,1.81848712218175,0.110790975769604,0.190965049415163,-6.61817411029514,"SYFM_HUMAN",18,1.8605481774982,0.101793741140294,0.178160183569672,0.0820848949999995,"Non-significant",0.749189348492796,"FARS2","SYFM_HUMAN"
0.050303937499999,14.58547091375,1.68529106762975,0.134764457551337,0.221256254908497,-6.80412038874336,"AMPB_HUMAN",40,1.85961135955733,0.10193785924067,0.178375382092507,0.050303937499999,"Non-significant",0.748665083587235,"RNPEP","AMPB_HUMAN"
1.3127822875,7.6566483975,1.80638590809493,0.112788729235404,0.193545643062952,-6.63529503957498,"DDX55_HUMAN",12,1.8589355240757,0.102041949659886,0.178493514307968,1.3127822875,"Non-significant",0.748377559671863,"DDX55","DDX55_HUMAN"
-0.0242352474999947,17.43185305625,-1.31725323757687,0.228270116010581,0.330826823908732,-7.28148877169314,"AOXA_HUMAN",104,-1.85883630192885,0.102057240162138,0.178493514307968,-0.0242352474999947,"Non-significant",0.748377559671863,"AOX1","AOXA_HUMAN"
0.119073868000001,8.6221957205,2.04907998361216,0.078667328159913,0.146022221770514,-6.28482332606089,"ST65G_HUMAN",7,1.85876066395135,0.102068897729791,0.178493514307968,0.119073868000001,"Non-significant",0.748377559671863,"SUPT7L","ST65G_HUMAN"
0.056625367499997,10.97058630125,1.79833531507394,0.114136853966221,0.195345946332847,-6.64666142917635,"RFC4_HUMAN",20,1.85726802689782,0.102299208749084,0.178859164187104,0.056625367499997,"Non-significant",0.747488803046862,"RFC4","RFC4_HUMAN"
-0.108892679999997,11.900141835,-2.01695388732983,0.082523841495292,0.151710678290909,-6.33197756014214,"NC2B_HUMAN",8,-1.85674158934236,0.10238055566856,0.178964268712212,-0.108892679999997,"Non-significant",0.747233669858851,"DR1","NC2B_HUMAN"
-0.106427431250005,9.332035899125,-1.92080730726389,0.0952092866004733,0.169129415543812,-6.47181278454217,"CGRE1_HUMAN",10,-1.85618588693673,0.102466491873152,0.179077350196723,-0.106427431250005,"Non-significant",0.746959340486131,"CGREF1","CGRE1_HUMAN"
0.0929374695000007,8.764738083,1.84876009179844,0.105941095923743,0.18396734601179,-6.57516144117214,"GALT4_HUMAN",14,1.85487849723865,0.10266894461572,0.179393974744176,0.0929374695000007,"Non-significant",0.746192147575648,"GALNT4","GALT4_HUMAN"
-0.0558607599999998,14.3931094425,-2.1953222624401,0.0632529267954545,0.124019288196996,-6.06792033705561,"SAT2_HUMAN",11,-1.85452911165616,0.102723112685968,0.179451423177208,-0.0558607599999998,"Non-significant",0.746053093053466,"SAT2","SAT2_HUMAN"
0.122180939999996,13.738148215,4.28442428740685,0.00343633964112605,0.0139254359783901,-2.98643116356999,"AQP9_HUMAN",3,1.85411880842699,0.102786760230198,0.179525404471682,0.122180939999996,"Non-significant",0.745874086131936,"AQP9","AQP9_HUMAN"
-0.0893487875000005,10.43922901125,-1.78968267021255,0.115602988152053,0.197210602536664,-6.65885641509163,"CIP4_HUMAN",22,-1.85340044422949,0.102898286059319,0.179682961092604,-0.0893487875000005,"Non-significant",0.745493104050216,"TRIP10","CIP4_HUMAN"
-0.060760017499998,11.13120770375,-1.7575587393204,0.121205062108671,0.204123370332465,-6.70393241190956,"PAF1_HUMAN",25,-1.85297344117206,0.102964633015806,0.179725690308675,-0.060760017499998,"Non-significant",0.745389839630892,"PAF1","PAF1_HUMAN"
-0.0988779075000004,11.50353956375,-2.86702442074692,0.0234706890242834,0.0576608679060579,-5.04935110008505,"HPTR_HUMAN",5,-1.85282793855729,0.102987250295417,0.179725690308675,-0.0988779075000004,"Non-significant",0.745389839630892,"HPR","HPTR_HUMAN"
0.131451607000002,9.174699545,2.22034887073243,0.0609354971965463,0.120484472406683,-6.03048562169926,"RIP_HUMAN",5,1.85281759661905,0.102988858052322,0.179725690308675,0.131451607000002,"Non-significant",0.745389839630892,"RPAIN","RIP_HUMAN"
0.609758020000001,6.864453733,1.80095600902743,0.11369631646301,0.194825422131879,-6.64296344689463,"FYB2_HUMAN",14,1.8526941890839,0.103008044831084,0.179725690308675,0.609758020000001,"Non-significant",0.745389839630892,"FYB2","FYB2_HUMAN"
0.103429552500002,10.41340744375,1.96792901593459,0.088770192665689,0.16022354474927,-6.40353323886707,"S2544_HUMAN",9,1.84992686230067,0.103439193958197,0.180440597242061,0.103429552500002,"Non-significant",0.743665744096483,"SLC25A44","S2544_HUMAN"
-0.0291590700000057,17.46060586,-1.67513607821104,0.136780708080318,0.22395281425304,-6.81805567141963,"RSSA_HUMAN",23,-1.84978449523336,0.103461421347632,0.180442027837615,-0.0291590700000057,"Non-significant",0.743662300873055,"RPSA","RSSA_HUMAN"
0.11596799,9.91761457975,2.04985123047846,0.0785769665669219,0.145918759901429,-6.2836888746852,"PSMG4_HUMAN",7,1.8481279998897,0.103720381523279,0.180837428768665,0.11596799,"Non-significant",0.742711676596377,"PSMG4","PSMG4_HUMAN"
0.0321497900000018,17.535820245,1.49701524853647,0.177035626665226,0.272355046023213,-7.05599249586905,"NCPR_HUMAN",59,1.84805988117626,0.103731043788883,0.180837428768665,0.0321497900000018,"Non-significant",0.742711676596377,"POR","NCPR_HUMAN"
0.1549670695,7.81069743625,1.92480770577779,0.0946453979081902,0.168482800204464,-6.46603628927798,"MACD2_HUMAN",7,1.84766918970124,0.103792216925071,0.180906657663653,0.1549670695,"Non-significant",0.742545450092191,"MACROD2","MACD2_HUMAN"
0.0953013874999993,10.28795564125,2.08470263389693,0.07459910766838,0.140293591819896,-6.23231165970175,"TMM9B_HUMAN",8,1.84751073947894,0.103817036349092,0.180912507625904,0.0953013874999993,"Non-significant",0.742531406577812,"TMEM9B","TMM9B_HUMAN"
-0.108037710750001,9.999001383875,-3.34174229722317,0.0119538046840631,0.0345494902402925,-4.33473387460096,"NOMO1_HUMAN",4,-1.8473342168716,0.103844693288449,0.180923298827684,-0.108037710750001,"Non-significant",0.742505502234991,"NOMO1","NOMO1_HUMAN"
-0.0837562075000005,10.18525159375,-1.90149423112912,0.0979779181050488,0.17298219217256,-6.49964585568545,"YJ005_HUMAN",12,-1.8468930605072,0.103913842913621,0.180976903716578,-0.0837562075000005,"Non-significant",0.742376846282571,"","YJ005_HUMAN"
-0.0951039792499984,10.082614542875,-2.46533150850724,0.0423219109147065,0.0901064377620765,-5.6607093593833,"MZT2B_HUMAN",6,-1.84686383063568,0.103918426142281,0.180976903716578,-0.0951039792499984,"Non-significant",0.742376846282571,"MZT2B","MZT2B_HUMAN"
0.0664634724999971,15.04109168125,1.9241046229143,0.0947442670684343,0.168552010789327,-6.46705180426284,"SRSF7_HUMAN",13,1.84662210857759,0.10395633544299,0.180976903716578,0.0664634724999971,"Non-significant",0.742376846282571,"SRSF7","SRSF7_HUMAN"
-0.0436360825000008,12.85611093125,-1.76554936618456,0.119787885825799,0.202505433137918,-6.69274988643821,"FUCO2_HUMAN",21,-1.84659017927791,0.103961343907423,0.180976903716578,-0.0436360825000008,"Non-significant",0.742376846282571,"FUCA2","FUCO2_HUMAN"
-1.70670163675,8.735870301875,-1.79742347878732,0.114290516047182,0.195406644982089,-6.64794761703737,"CENPE_HUMAN",3,-1.84625652841772,0.10401369454268,0.181030648626936,-1.70670163675,"Non-significant",0.74224789251893,"CENPE","CENPE_HUMAN"
-0.0267565274999999,15.42635214375,-1.46422570805765,0.185533703435946,0.282031305006599,-7.09831636790346,"TOM70_HUMAN",38,-1.84529927231832,0.1041640302564,0.181254874283897,-0.0267565274999999,"Non-significant",0.741710305605873,"TOMM70","TOM70_HUMAN"
0.0563566649999991,10.717886805,1.79874790897599,0.114067388898812,0.1953024621223,-6.64607936512787,"RBBP5_HUMAN",19,1.84404970705715,0.104360585211336,0.181522131368834,0.0563566649999991,"Non-significant",0.741070417760576,"RBBP5","RBBP5_HUMAN"
0.238224270000003,13.6028033475,1.78536419349554,0.116341445260639,0.198229642632287,-6.6649344536528,"PLAK_HUMAN",43,1.84401760259009,0.104365639868664,0.181522131368834,0.238224270000003,"Non-significant",0.741070417760576,"JUP","PLAK_HUMAN"
-0.0808565624999993,11.01525390125,-1.94765526308552,0.0914866919427211,0.164155284167174,-6.43297251402437,"OARD1_HUMAN",11,-1.84391227603142,0.104382224551517,0.181522131368834,-0.0808565624999993,"Non-significant",0.741070417760576,"OARD1","OARD1_HUMAN"
0.0679838675000006,12.38939511875,1.9139586209959,0.0961822640393458,0.170498486558916,-6.48169320382018,"XRP2_HUMAN",13,1.84343295513936,0.104457730063484,0.181589458362939,0.0679838675000006,"Non-significant",0.74090936676036,"RP2","XRP2_HUMAN"
0.110465526500002,9.73522543925,1.83463317263561,0.108178320137789,0.187235125347315,-6.59526524183931,"WIPF3_HUMAN",13,1.84339299613706,0.104464027002241,0.181589458362939,0.110465526500002,"Non-significant",0.74090936676036,"WIPF3","WIPF3_HUMAN"
-0.101773497499998,15.59482038125,-2.03512317933932,0.0803203985382371,0.148404348811662,-6.30533342316757,"EIF1B_HUMAN",8,-1.84318582887508,0.104496679267228,0.181608764854322,-0.101773497499998,"Non-significant",0.740863195264221,"EIF1B","EIF1B_HUMAN"
0.0551972399999965,13.952136995,1.79804659249856,0.114185487908641,0.195345946332847,-6.64706871258941,"SHLB2_HUMAN",19,1.84302283152615,0.104522376631779,0.18161597869084,0.0551972399999965,"Non-significant",0.740845944625607,"SH3GLB2","SHLB2_HUMAN"
0.73611962775,7.356066882625,1.79981698905568,0.113887584847793,0.195073857484667,-6.64457093318088,"TULP3_HUMAN",5,1.84255406233641,0.104596314144914,0.181706993389835,0.73611962775,"Non-significant",0.740628357600233,"TULP3","TULP3_HUMAN"
-0.0585973275000029,10.92567503375,-1.87590432546112,0.1017669922416,0.178098915534033,-6.53638125183807,"NRBP_HUMAN",15,-1.841921907934,0.10469610103442,0.181839368263154,-0.0585973275000029,"Non-significant",0.740312086083695,"NRBP1","NRBP_HUMAN"
0.111964940500002,9.896892428,2.06342096166335,0.0770037814065655,0.143693795323432,-6.26371071747228,"ANR46_HUMAN",7,1.84179807193294,0.104715659455374,0.181839368263154,0.111964940500002,"Non-significant",0.740312086083695,"ANKRD46","ANR46_HUMAN"
-0.0634648800000051,15.7200046775,-1.89142259329509,0.0994526052271528,0.175153783840299,-6.51412398357451,"PSB6_HUMAN",14,-1.84135779899422,0.104785223588331,0.181922687873541,-0.0634648800000051,"Non-significant",0.740113135989547,"PSMB6","PSB6_HUMAN"
-0.0787496599999979,11.7654194825,-1.79160443906131,0.115275809169459,0.196692266293395,-6.65614981810281,"CARM1_HUMAN",19,-1.84036241706836,0.104942658964596,0.182127529546256,-0.0787496599999979,"Non-significant",0.739624403318855,"CARM1","CARM1_HUMAN"
-1.323819518,9.682791531,-1.79760110929374,0.114260566345361,0.195395072778464,-6.64769708021634,"S10A2_HUMAN",2,-1.84033862784532,0.104946424368984,0.182127529546256,-1.323819518,"Non-significant",0.739624403318855,"S100A2","S10A2_HUMAN"
-0.0334570400000036,15.1291667225,-1.8076146274933,0.112584318627682,0.193312939847776,-6.63355857391003,"OCAD1_HUMAN",19,-1.83942296707184,0.105091455040028,0.182341678578097,-0.0334570400000036,"Non-significant",0.739114051544478,"OCIAD1","OCAD1_HUMAN"
-0.0582773675000006,11.71645677125,-1.76154612126004,0.120495897463754,0.20333531926366,-6.69835475593944,"U3IP2_HUMAN",22,-1.83868897972692,0.105207848810845,0.182506062487469,-0.0582773675000006,"Non-significant",0.73872270457121,"RRP9","U3IP2_HUMAN"
0.056694270000003,10.2335821375,1.7031491308687,0.131286423759269,0.216685581724472,-6.77952669714011,"MAGI1_HUMAN",34,1.83804667192309,0.105309805266696,0.182608603175414,0.056694270000003,"Non-significant",0.738478765555312,"MAGI1","MAGI1_HUMAN"
0.0699110050000016,14.088801385,1.84473259518677,0.106574331535458,0.184914582238036,-6.58089851274921,"LYPL1_HUMAN",15,1.83804363034497,0.10531028829466,0.182608603175414,0.0699110050000016,"Non-significant",0.738478765555312,"LYPLAL1","LYPL1_HUMAN"
0.0540285125000004,14.73937773875,1.7396577374288,0.124437970927411,0.207906374023221,-6.72891044234849,"IWS1_HUMAN",24,1.83722296575066,0.105440693985728,0.182643775680613,0.0540285125000004,"Non-significant",0.738395123526654,"IWS1","IWS1_HUMAN"
0.0936594025000037,10.51582908625,1.80723343814524,0.112647695532873,0.193382367748795,-6.63409733012308,"SPHM_HUMAN",16,1.83713258188754,0.105455065632502,0.182643775680613,0.0936594025000037,"Non-significant",0.738395123526654,"SGSH","SPHM_HUMAN"
-0.18804955425,9.900021910625,-1.90153202818407,0.0979724240428053,0.17298219217256,-6.49959147402605,"COPRS_HUMAN",6,-1.83711658409986,0.105457609583948,0.182643775680613,-0.18804955425,"Non-significant",0.738395123526654,"COPRS","COPRS_HUMAN"
0.566311955500001,6.67769974475,1.87867800241688,0.10134953433587,0.177567080631271,-6.53240762415611,"KMT2A_HUMAN",1,1.83709930115678,0.105460357965297,0.182643775680613,0.566311955500001,"Non-significant",0.738395123526654,"KMT2A","KMT2A_HUMAN"
0.0731823445000011,9.49893438825,1.80882037245264,0.112384075266885,0.19312647715078,-6.63185414798008,"STRN4_HUMAN",17,1.83708681098781,0.105462344229032,0.182643775680613,0.0731823445000011,"Non-significant",0.738395123526654,"STRN4","STRN4_HUMAN"
-0.16308259975,10.177424670125,-1.81082414222069,0.112052055386438,0.19267376067978,-6.62902070768961,"DYN1_HUMAN",12,-1.8370767313809,0.105463947176355,0.182643775680613,-0.16308259975,"Non-significant",0.738395123526654,"DNM1","DYN1_HUMAN"
0.114259004499997,9.019742608,1.77604374897855,0.117950620971489,0.200157314429374,-6.67803322782511,"TBCK_HUMAN",23,1.8369616394518,0.10548225175148,0.182643775680613,0.114259004499997,"Non-significant",0.738395123526654,"TBCK","TBCK_HUMAN"
-0.101773977249996,9.881445050375,-2.69595518184766,0.0301188725122514,0.0696876136167354,-5.30971802315347,"RETN_HUMAN",5,-1.83671213420144,0.105521944250371,0.182674978041975,-0.101773977249996,"Non-significant",0.738320936186111,"RETN","RETN_HUMAN"
-0.0333571399999997,17.3783075825,-1.53654717413381,0.167260471314896,0.260690082042009,-7.00431860818837,"UGPA_HUMAN",43,-1.83571484942245,0.105680739558974,0.182912310830102,-0.0333571399999997,"Non-significant",0.737757063546798,"UGP2","UGPA_HUMAN"
0.18950355075,8.028922975125,1.80240031671048,0.113454225320868,0.194489661425583,-6.64092456099527,"KAISO_HUMAN",12,1.83553345758039,0.10570964666103,0.182924781709263,0.18950355075,"Non-significant",0.737727454553522,"ZBTB33","KAISO_HUMAN"
0.152304649250002,8.077008247625,1.7759237764094,0.117971472070842,0.200157314429374,-6.67820166192674,"AL2CL_HUMAN",25,1.83499056919537,0.105796207945356,0.183036994411208,0.152304649250002,"Non-significant",0.737461124231826,"ALS2CL","AL2CL_HUMAN"
0.186941861999999,7.193338275,1.80775530396728,0.112560938257165,0.193312173710196,-6.63335973726821,"TF3B_HUMAN",11,1.83404943941627,0.105946427461574,0.18325927294759,0.186941861999999,"Non-significant",0.7369340407628,"BRF1","TF3B_HUMAN"
1.0154623985,8.02837431425,1.79198086400193,0.115211827025676,0.196662715674246,-6.65561953589107,"HSBP1_HUMAN",3,1.83374538631881,0.10599500273491,0.183305678714106,1.0154623985,"Non-significant",0.736824080613348,"HSBP1","HSBP1_HUMAN"
0.0574800974999992,12.77292048875,1.72016234886622,0.1280518092844,0.212303048870616,-6.75599465882682,"BCS1_HUMAN",28,1.83316874767143,0.106087184427424,0.183427462059232,0.0574800974999992,"Non-significant",0.736535642886621,"BCS1L","BCS1_HUMAN"
0.219981908499999,7.99909079075,1.78857734422054,0.115791570585655,0.197492340847125,-6.66041264092566,"JMJD7_HUMAN",14,1.83299995875615,0.106114181562175,0.183436512794826,0.219981908499999,"Non-significant",0.736514214320199,"JMJD7","JMJD7_HUMAN"
-0.110532760750001,9.131964921875,-1.74822998932515,0.122879739369338,0.206243194572711,-6.71696203014715,"PLCG2_HUMAN",58,-1.83179825059163,0.106306579684149,0.183731425088722,-0.110532760750001,"Non-significant",0.735816556402868,"PLCG2","PLCG2_HUMAN"
-0.0754709224999992,12.60276699125,-2.30659194356048,0.0535849086132565,0.108503492481101,-5.90091983567094,"PFD1_HUMAN",8,-1.83104656491502,0.106427096603038,0.183902008459821,-0.0754709224999992,"Non-significant",0.735413527650154,"PFDN1","PFD1_HUMAN"
0.0769150199999995,10.662166715,2.11643676114669,0.0711511333426649,0.13528827045913,-6.18534638482625,"ACBD4_HUMAN",9,1.83062097153459,0.106495389281713,0.183982298884107,0.0769150199999995,"Non-significant",0.735223958875001,"ACBD4","ACBD4_HUMAN"
0.81312668325,7.063604056875,1.78552488957962,0.116313885762343,0.198229642632287,-6.66470838284281,"PRPC_HUMAN",5,1.82983635196531,0.106621402533043,0.184125820973994,0.81312668325,"Non-significant",0.734885303727424,"PRH1","PRPC_HUMAN"
1.0746736525,6.681004286,1.78400789914541,0.116574299385217,0.198546124372195,-6.66684220712342,"RHOQ_HUMAN",4,1.82983167849451,0.106622153538268,0.184125820973994,1.0746736525,"Non-significant",0.734885303727424,"RHOQ","RHOQ_HUMAN"
0.124950647250001,8.512575507125,1.78008359564774,0.117250549354794,0.199255667798831,-6.67235895700655,"KATL1_HUMAN",18,1.82769839386774,0.106965489734373,0.184680891636835,0.124950647250001,"Non-significant",0.733578037347978,"KATNAL1","KATL1_HUMAN"
0.0488417149999982,14.9595047225,1.64788063605519,0.142332948905504,0.230818705639796,-6.85527344333414,"PFKAL_HUMAN",43,1.82720004897735,0.10704584636832,0.18478178149469,0.0488417149999982,"Non-significant",0.733340850141682,"PFKL","PFKAL_HUMAN"
0.146129131249999,9.855888128375,2.07682598732309,0.0754803101445868,0.141477325819151,-6.2439422365085,"SURF2_HUMAN",5,1.82689629934017,0.107094853321139,0.18482852552086,0.146129131249999,"Non-significant",0.733231001079842,"SURF2","SURF2_HUMAN"
0.240705371,7.825459063,1.79494816345529,0.114708653445017,0.196002278509639,-6.65143792022763,"KLHL5_HUMAN",10,1.82672008963759,0.107123292788548,0.184839761497374,0.240705371,"Non-significant",0.733204600532262,"KLHL5","KLHL5_HUMAN"
0.197054147999999,8.0747174025,1.79164864852282,0.115268292986245,0.196692266293395,-6.65608754097771,"FBX21_HUMAN",12,1.82624864849719,0.107199416706347,0.18493325489517,0.197054147999999,"Non-significant",0.732984986521382,"FBXO21","FBX21_HUMAN"
-0.245832562250001,7.679473817375,-1.76998362135466,0.119008271696834,0.201430724192672,-6.68653572915233,"CYTSB_HUMAN",31,-1.82610957106916,0.107221883479936,0.184934163260156,-0.245832562250001,"Non-significant",0.732982853335914,"SPECC1","CYTSB_HUMAN"
0.602310656999999,7.780172229,1.78419549194697,0.116542066183346,0.198531341119527,-6.66657837370587,"TMCO4_HUMAN",6,1.82595920236047,0.107246179313164,0.184938225333604,0.602310656999999,"Non-significant",0.732973314175175,"TMCO4","TMCO4_HUMAN"
0.0823853000000003,10.5228596925,2.39203454612641,0.0471872236794312,0.0983327628421751,-5.77184967998875,"MLF2_HUMAN",7,1.82575212052593,0.107279647162579,0.184958098984123,0.0823853000000003,"Non-significant",0.732926646954138,"MLF2","MLF2_HUMAN"
0.0883343199999977,11.86411822,1.84046699026077,0.107248980779887,0.185893822536227,-6.58696990662935,"RT25_HUMAN",13,1.82474520067048,0.107442523990908,0.185201029594962,0.0883343199999977,"Non-significant",0.73235660325793,"MRPS25","RT25_HUMAN"
0.282286405500001,7.900281191,1.77536198429208,0.118069157709834,0.200162561762031,-6.67899032464697,"RHG07_HUMAN",15,1.82394217101056,0.107572588942622,0.185382428658095,0.282286405500001,"Non-significant",0.731931432534961,"DLC1","RHG07_HUMAN"
-1.23244798175,7.233429372375,-1.77522321394571,0.11809329928136,0.200162561762031,-6.67918512020051,"PDGFB_HUMAN",5,-1.82382396202607,0.107591747656353,0.185382428658095,-1.23244798175,"Non-significant",0.731931432534961,"PDGFB","PDGFB_HUMAN"
0.0541379474999992,10.47050488125,1.66650302431541,0.138517015036047,0.225964760932619,-6.82987349033967,"SYNRG_HUMAN",43,1.82349908833991,0.107644418286712,0.185435275237828,0.0541379474999992,"Non-significant",0.731807646761629,"SYNRG","SYNRG_HUMAN"
0.759299040250001,7.326364755625,1.78008137683559,0.117250932765714,0.199255667798831,-6.67236207486599,"GUCD1_HUMAN",5,1.82314442434152,0.10770194676614,0.185496466957866,0.759299040250001,"Non-significant",0.731664357721794,"GUCD1","GUCD1_HUMAN"
-0.0341866000000035,15.2037395225,-1.54369527757374,0.1655464513105,0.25905063075531,-6.99490197163977,"FKBP5_HUMAN",41,-1.82266866995713,0.107779162785335,0.185591534855483,-0.0341866000000035,"Non-significant",0.731441836572941,"FKBP5","FKBP5_HUMAN"
0.0534186375000054,11.14165758875,1.91527058365504,0.0959951304951827,0.170202556782477,-6.47980134952762,"GXLT1_HUMAN",14,1.82208826781598,0.107873434793256,0.185715927670007,0.0534186375000054,"Non-significant",0.731150847996574,"GXYLT1","GXLT1_HUMAN"
0.0392384549999996,14.6238009925,2.07179710091233,0.0760483077378363,0.142288831503268,-6.25136213135954,"RALA_HUMAN",14,1.8219099215703,0.107902418514586,0.185727891700929,0.0392384549999996,"Non-significant",0.731122871154094,"RALA","RALA_HUMAN"
0.0787858949999993,17.210707665,2.2261333857488,0.0604121123068758,0.119617969141333,-6.02182189534172,"AK1C2_HUMAN",8,1.82160973072089,0.107951220414679,0.18577395607908,0.0787858949999993,"Non-significant",0.731015170449695,"AKR1C2","AK1C2_HUMAN"
-0.0973536975000027,14.39425456625,-2.81141597955403,0.0254447095826895,0.0614537126282206,-5.13391202369898,"COA6_HUMAN",5,-1.82134832333153,0.107993734429353,0.185787533999565,-0.0973536975000027,"Non-significant",0.730983429722507,"COA6","COA6_HUMAN"
-0.110997680000001,13.5209593775,-3.01353074521886,0.0190030296746819,0.0488939368522264,-4.82718685690923,"UBL5_HUMAN",4,-1.82129017637959,0.10800319333229,0.185787533999565,-0.110997680000001,"Non-significant",0.730983429722507,"UBL5","UBL5_HUMAN"
-0.0278217775000016,13.41193473125,-1.40233801199349,0.202577973510282,0.30195044009163,-7.17679833426265,"MIA2_HUMAN",67,-1.82011609525193,0.108194352812334,0.186078392135311,-0.0278217775000016,"Non-significant",0.730304055247715,"MIA2","MIA2_HUMAN"
0.384553552000002,7.790127933,1.889732886944,0.0997021115639642,0.175519861815508,-6.51655045607068,"CLC2B_HUMAN",2,1.81992001696724,0.108226308927276,0.186095381058346,0.384553552000002,"Non-significant",0.730264406051216,"CLEC2B","CLC2B_HUMAN"
-0.118983030250003,8.775377869625,-1.79416661399537,0.114840978767699,0.196188611680773,-6.65253956036396,"SRGEF_HUMAN",14,-1.81952211979154,0.108291184369459,0.186168956363485,-0.118983030250003,"Non-significant",0.7300927358361,"SERGEF","SRGEF_HUMAN"
-0.0915489200000028,11.055737495,-3.13069032365421,0.0160795753758082,0.0432880041017845,-4.65042426919053,"TM263_HUMAN",5,-1.81922891017293,0.108339014648783,0.186213204419777,-0.0915489200000028,"Non-significant",0.729989526344364,"TMEM263","TM263_HUMAN"
-0.103982210249999,9.756640791875,-1.88068107838155,0.101049088605994,0.177335575236294,-6.52953673552376,"ARK2N_HUMAN",10,-1.8169492703888,0.108711571209909,0.186782269119304,-0.103982210249999,"Non-significant",0.72866435288712,"ARK2N","ARK2N_HUMAN"
0.137106657249998,9.470032811125,1.99740502439588,0.0849610759160385,0.155108708879421,-6.36057097121653,"MARH6_HUMAN",6,1.81693189212554,0.108714415980461,0.186782269119304,0.137106657249998,"Non-significant",0.72866435288712,"MARCHF6","MARH6_HUMAN"
0.591767549499999,8.0825499295,1.76820789118606,0.119319891783365,0.201876227989158,-6.68902496835119,"SOCS6_HUMAN",10,1.81671095673195,0.108750588631903,0.186806340244204,0.591767549499999,"Non-significant",0.728608387815008,"SOCS6","SOCS6_HUMAN"
0.0604910850000007,15.1281933775,1.77030611901861,0.118951760376821,0.201415104101291,-6.68608354321229,"ERLN1_HUMAN",19,1.81605245096448,0.108858470474151,0.186947516351287,0.0604910850000007,"Non-significant",0.728280300192009,"ERLIN1","ERLN1_HUMAN"
0.38708126525,6.530644237875,1.8832769839163,0.100661005903306,0.176801754273591,-6.52581463916843,"DEFB1_HUMAN",2,1.81593859611087,0.108877133440321,0.186947516351287,0.38708126525,"Non-significant",0.728280300192009,"DEFB1","DEFB1_HUMAN"
0.0628151892500011,8.995766639625,1.75727315231668,0.121256006489223,0.204135093537293,-6.70433170613157,"SMG7_HUMAN",20,1.81349773021191,0.10927797073525,0.187597559129822,0.0628151892500011,"Non-significant",0.726772816614448,"SMG7","SMG7_HUMAN"
1.3341542475,10.32435339625,1.77548754318524,0.118047318562447,0.200162561762031,-6.67881406925375,"PHC1_HUMAN",1,1.81187249596369,0.109545643857985,0.188018780712474,1.3341542475,"Non-significant",0.725798768010676,"PHC1","PHC1_HUMAN"
0.123204946500001,9.90206944925,1.7552745265768,0.121613101376817,0.204606153993052,-6.70712536755689,"WDR46_HUMAN",21,1.81027828334125,0.109808813629955,0.188432103030719,0.123204946500001,"Non-significant",0.72484510482675,"WDR46","WDR46_HUMAN"
-0.0721566674999963,12.10606372125,-1.78164271879413,0.116981428450966,0.199118832878269,-6.67016771691626,"PGTB1_HUMAN",17,-1.80953341522462,0.109931981125245,0.188605061857255,-0.0721566674999963,"Non-significant",0.724446655675181,"PGGT1B","PGTB1_HUMAN"
0.113788366249999,8.525255084125,1.81000488608716,0.112187690367329,0.192867640649851,-6.6301793219023,"K0513_HUMAN",12,1.80922423570304,0.109983144005578,0.188654440541924,0.113788366249999,"Non-significant",0.724332967933659,"KIAA0513","K0513_HUMAN"
-0.0419592825000006,10.59806823875,-1.87184657416722,0.102380711223673,0.179001662498307,-6.54219086026445,"SRA1_HUMAN",16,-1.80833475029785,0.110130461920585,0.188838922123849,-0.0419592825000006,"Non-significant",0.723908487148855,"SRA1","SRA1_HUMAN"
0.111670732499999,8.68419683,2.01563376927072,0.0826862372488258,0.151976078013596,-6.33391088842589,"FKRP_HUMAN",7,1.80830434272626,0.11013550138342,0.188838922123849,0.111670732499999,"Non-significant",0.723908487148855,"FKRP","FKRP_HUMAN"
0.10387921275,9.878423571625,1.91278938022222,0.0963493392003155,0.170758742665992,-6.48337889967379,"ZBT7A_HUMAN",9,1.80763075407952,0.110247191818525,0.188991982883537,0.10387921275,"Non-significant",0.723556618383841,"ZBTB7A","ZBT7A_HUMAN"
0.472677111499999,6.86904782075,1.8036036598413,0.113252901120043,0.194184032453386,-6.63922536846631,"GA45A_HUMAN",3,1.80732708719186,0.110297579249254,0.189039913682789,0.472677111499999,"Non-significant",0.723446489678146,"GADD45A","GA45A_HUMAN"
0.513820170749999,6.537630677375,1.75592267911928,0.12149718638302,0.204492768375095,-6.7062195242801,"ABCC9_HUMAN",18,1.8071516235684,0.110326703897367,0.189051389947328,0.513820170749999,"Non-significant",0.723420125261322,"ABCC9","ABCC9_HUMAN"
0.0344853400000016,12.6958663475,1.5215429186753,0.170911167078959,0.264959058310698,-7.02401263740687,"CDC5L_HUMAN",47,1.80688400606491,0.110371138952651,0.189077099685148,0.0344853400000016,"Non-significant",0.723361068101706,"CDC5L","CDC5L_HUMAN"
0.1273791775,11.10783207375,1.75937165083417,0.120882140850273,0.203783113045389,-6.70139708415545,"CB069_HUMAN",18,1.80670342885145,0.110401131499945,0.189077099685148,0.1273791775,"Non-significant",0.723361068101706,"C2orf69","CB069_HUMAN"
0.113525152500001,10.24070584875,1.74084723516347,0.124220633423287,0.207707938727413,-6.72725388332484,"AP1G2_HUMAN",27,1.80665604552027,0.110409002805825,0.189077099685148,0.113525152500001,"Non-significant",0.723361068101706,"AP1G2","AP1G2_HUMAN"
0.085843800000001,14.46216929,1.72776396667802,0.126631041681749,0.210759627318543,-6.74544893670826,"AMACR_HUMAN",28,1.80604439950483,0.110510657168231,0.189199748433789,0.085843800000001,"Non-significant",0.723079445386074,"AMACR","AMACR_HUMAN"
-0.951328635249999,6.772042810875,-1.75424064414315,0.121798217632034,0.204835829293778,-6.70857002232039,"PLXC1_HUMAN",31,-1.80595504925145,0.110525514448687,0.189199748433789,-0.951328635249999,"Non-significant",0.723079445386074,"PLXNC1","PLXC1_HUMAN"
-0.521663665749999,6.405912876125,-1.76269735427872,0.120291883939449,0.20307235924807,-6.69674345008112,"PHAR2_HUMAN",7,-1.80441004587844,0.110782720081927,0.189601532501637,-0.521663665749999,"Non-significant",0.722158156690386,"PHACTR2","PHAR2_HUMAN"
0.0467152574999972,13.32853961125,2.15059189467486,0.0676171935959724,0.130332797809387,-6.1346169733054,"SURF1_HUMAN",12,1.8037840161127,0.11088710070595,0.189741650801959,0.0467152574999972,"Non-significant",0.721837325263385,"SURF1","SURF1_HUMAN"
-0.83028256875,6.804873406875,-1.75309095806009,0.122004383084725,0.205059809575503,-6.71017609194348,"SNRK_HUMAN",11,-1.80323700659107,0.110978382433755,0.189859302929596,-0.83028256875,"Non-significant",0.721568117976361,"SNRK","SNRK_HUMAN"
0.669272422749999,6.312483191625,1.76276189034386,0.120280457045031,0.20307235924807,-6.69665311084728,"FERM1_HUMAN",5,1.80305627473063,0.111008557589047,0.189872388782077,0.669272422749999,"Non-significant",0.72153818571814,"FERMT1","FERM1_HUMAN"
-0.0818417049999987,10.735416055,-1.89230478161138,0.0993225797251406,0.175029009707679,-6.51285684529241,"CC134_HUMAN",11,-1.80245726986861,0.111108623719169,0.190004988705392,-0.0818417049999987,"Non-significant",0.721234996211482,"CCDC134","CC134_HUMAN"
0.148401975000002,11.0625222925,1.77986896070926,0.117287643831676,0.199277877415278,-6.67266055357679,"SEM4C_HUMAN",12,1.80138372593419,0.111288177901407,0.190235512283255,0.148401975000002,"Non-significant",0.720708407750652,"SEMA4C","SEM4C_HUMAN"
0.144560814250001,8.844667673125,2.21884414746382,0.061072390802703,0.120726825064724,-6.03273863410586,"TM219_HUMAN",4,1.80138141562261,0.111288564606564,0.190235512283255,0.144560814250001,"Non-significant",0.720708407750652,"TMEM219","TM219_HUMAN"
-0.712950468249999,7.799894929125,-1.78134464495722,0.117032833464856,0.199127572392834,-6.67058669640161,"ZNF30_HUMAN",2,-1.80074524512757,0.111395096829157,0.190379008753642,-0.712950468249999,"Non-significant",0.720380938751074,"ZNF30","ZNF30_HUMAN"
0.0520877824999992,15.21465921375,2.389263604126,0.0473819826167571,0.0985886772344226,-5.77604454200689,"SPP_HUMAN",10,1.79882036842156,0.111718024105449,0.190892200523987,0.0520877824999992,"Non-significant",0.719211815653435,"HM13","SPP_HUMAN"
-0.0456700274999999,14.55541610625,-1.67996369993062,0.135818686741074,0.222813489789902,-6.81143548501373,"SGT1_HUMAN",25,-1.79862421064898,0.111750982407838,0.190909815710511,-0.0456700274999999,"Non-significant",0.719171741594183,"SUGT1","SGT1_HUMAN"
0.185974359749999,9.375418543875,1.76013141553156,0.12074705284247,0.203677588234777,-6.70033425718392,"RPA34_HUMAN",13,1.79736749520592,0.111962354028379,0.191232154428613,0.185974359749999,"Non-significant",0.718439082160174,"POLR1G","RPA34_HUMAN"
0.120002031000002,8.827475667,1.76356076264251,0.120139092547491,0.202936354926413,-6.69553472089636,"STIM2_HUMAN",15,1.79663710784704,0.112085374896699,0.191403489668614,0.120002031000002,"Non-significant",0.718050148429567,"STIM2","STIM2_HUMAN"
-0.0422878275000009,11.90679287875,-1.59063362562036,0.154685955954996,0.245777676426148,-6.93253340068166,"KS6A3_HUMAN",42,-1.79634603796019,0.112134436227233,0.191448483483765,-0.0422878275000009,"Non-significant",0.717948069469028,"RPS6KA3","KS6A3_HUMAN"
0.0377426174999957,15.15488839375,1.60549463193565,0.151386927928431,0.24167432111908,-6.91259974136651,"TPM4_HUMAN",30,1.79614353858273,0.112168580562745,0.191467996266378,0.0377426174999957,"Non-significant",0.71790380762985,"TPM4","TPM4_HUMAN"
-0.142661571749999,9.534793138375,-2.22504688873035,0.0605100728965144,0.119755671388758,-6.02344950453734,"TAF12_HUMAN",4,-1.79540764784161,0.112292745524128,0.191641132217631,-0.142661571749999,"Non-significant",0.717511271990385,"TAF12","TAF12_HUMAN"
-0.0528254524999987,12.46546578375,-1.72472867885981,0.127196548666908,0.211384011970301,-6.74966209536308,"CRTAP_HUMAN",21,-1.79376551778978,0.112570288315808,0.192075902877318,-0.0528254524999987,"Non-significant",0.716527116678382,"CRTAP","CRTAP_HUMAN"
0.0946521762499994,9.730494260875,1.84251354858105,0.106924784770316,0.185446298524483,-6.58405758992979,"GFOD2_HUMAN",11,1.79293385589019,0.112711098874348,0.192266809542128,0.0946521762499994,"Non-significant",0.716095680279434,"GFOD2","GFOD2_HUMAN"
0.053068875000001,12.00188482,1.88132996104977,0.100951946336545,0.177238899327377,-6.52860650859573,"CSTF2_HUMAN",14,1.79272395813448,0.112746663535256,0.192266809542128,0.053068875000001,"Non-significant",0.716095680279434,"CSTF2","CSTF2_HUMAN"
0.322943927499997,9.87248170475,1.75572004141736,0.121533414625533,0.204512907142867,-6.70650274044066,"TBB3_HUMAN",9,1.7927007070009,0.112750603816199,0.192266809542128,0.322943927499997,"Non-significant",0.716095680279434,"TUBB3","TBB3_HUMAN"
0.0896172524999983,9.5265927315,1.74948957690078,0.122652343553237,0.20602562849945,-6.71520436418711,"CRY2_HUMAN",18,1.79235958281822,0.112808427848392,0.192326504517415,0.0896172524999983,"Non-significant",0.715960861510491,"CRY2","CRY2_HUMAN"
0.170221567000002,8.666186452,1.74167025822502,0.124070466710646,0.20758038187853,-6.72610742817159,"MELPH_HUMAN",19,1.79199761810575,0.112869815320395,0.192392249410639,0.170221567000002,"Non-significant",0.715812427651591,"MLPH","MELPH_HUMAN"
-0.0397360350000007,10.669626355,-1.66461242865707,0.13890000573317,0.226312698242079,-6.83245794426188,"STK3_HUMAN",24,-1.79094239937426,0.113048956195992,0.192658643707242,-0.0397360350000007,"Non-significant",0.715211501417932,"STK3","STK3_HUMAN"
0.1712226875,15.82447314125,2.78065265127877,0.0266108028337211,0.0635777939584568,-5.18073031135271,"H37_HUMAN",2,1.79072163615063,0.113086468503864,0.192683614921987,0.1712226875,"Non-significant",0.715155214516911,"H3-7","H37_HUMAN"
0.0740454200000009,10.9956144075,1.70461632773425,0.13100446457489,0.216304922997403,-6.77750120443108,"ANKZ1_HUMAN",28,1.79050724712763,0.11312290899816,0.192706750191085,0.0740454200000009,"Non-significant",0.715103072477938,"ANKZF1","ANKZ1_HUMAN"
-0.0467250349999944,12.886318565,-1.82714353108178,0.109382799016293,0.188777152520134,-6.60590111226665,"CRYM_HUMAN",16,-1.79001927133099,0.113205893565425,0.192809148689223,-0.0467250349999944,"Non-significant",0.714872362907352,"CRYM","CRYM_HUMAN"
-0.0851743220000003,8.90116322025,-1.73076855801534,0.12607359889087,0.210056209735352,-6.74127538493055,"LPIN3_HUMAN",21,-1.78862904452904,0.113442630405048,0.193173319532152,-0.0851743220000003,"Non-significant",0.714052857113672,"LPIN3","LPIN3_HUMAN"
0.0944025517500009,9.542104840375,1.73545866601458,0.125208086091376,0.208820529810884,-6.73475461559218,"PHRF1_HUMAN",20,1.78834644948975,0.113490809884559,0.193216327311038,0.0944025517500009,"Non-significant",0.713956177291742,"PHRF1","PHRF1_HUMAN"
1.67677974625,10.058733464375,1.74220297415436,0.123973360555284,0.207500289142273,-6.72536524824233,"SYS1_HUMAN",2,1.78761163701458,0.113616178480531,0.193353755372222,1.67677974625,"Non-significant",0.713647388516722,"SYS1","SYS1_HUMAN"
0.163393975000002,13.63356042,2.06295512576661,0.0770572672264365,0.143761776328383,-6.2643971079365,"RUXE_HUMAN",4,1.78760442160431,0.113617410174234,0.193353755372222,0.163393975000002,"Non-significant",0.713647388516722,"SNRPE","RUXE_HUMAN"
-1.6317819355,7.69021374,-1.73642970570537,0.125029595470913,0.208688011925609,-6.73340365547909,"FBN1_HUMAN",24,-1.78739698525656,0.113652825637374,0.1933749833059,-1.6317819355,"Non-significant",0.713599710785302,"FBN1","FBN1_HUMAN"
-0.417484998499999,7.919116378,-1.76365790308495,0.120121913845664,0.202936354926413,-6.69539871444671,"HMR1_HUMAN",5,-1.78646909635867,0.113811371574118,0.193605661149998,-0.417484998499999,"Non-significant",0.713081947801079,"MR1","HMR1_HUMAN"
-0.0655109874999997,11.12349831875,-1.90131621028265,0.0980037986837417,0.17298219217256,-6.49990198379694,"MOC2B_HUMAN",12,-1.78570028215284,0.113942895591991,0.193790287922699,-0.0655109874999997,"Non-significant",0.712667992028654,"MOCS2","MOC2B_HUMAN"
0.0856385229999983,9.91990756975,1.90339244081012,0.0977023696797214,0.172684687362208,-6.49691430995177,"SIA4C_HUMAN",10,1.78547628671893,0.113981242442316,0.193816399545347,0.0856385229999983,"Non-significant",0.71260947841672,"ST3GAL4","SIA4C_HUMAN"
0.0757439125000001,10.53937780625,1.67963732894646,0.13588352332614,0.222876477547389,-6.81188330362251,"HKDC1_HUMAN",46,1.7852186952401,0.114025355877033,0.193852304293568,0.0757439125000001,"Non-significant",0.712529032232044,"HKDC1","HKDC1_HUMAN"
-0.14790654175,8.993789315375,-1.77284539776854,0.118507694918846,0.200784193059488,-6.68252200176969,"OTU1_HUMAN",11,-1.78503539425277,0.114056756657854,0.193866586382144,-0.14790654175,"Non-significant",0.712497036719778,"YOD1","OTU1_HUMAN"
0.0950970625000007,12.00902223375,1.74115572814592,0.124164326376762,0.207696191115247,-6.72682418430967,"ADPGK_HUMAN",18,1.78482530995867,0.114092755688273,0.193888676954929,0.0950970625000007,"Non-significant",0.712447552858278,"ADPGK","ADPGK_HUMAN"
0.104107141250001,9.062027335125,1.73971140393863,0.124428157556391,0.207906374023221,-6.72883571335346,"T11L1_HUMAN",18,1.78457098939895,0.114136349235103,0.193923662104956,0.104107141250001,"Non-significant",0.712369196106231,"TCP11L1","T11L1_HUMAN"
0.725634932499997,8.66027289625,1.73353983917187,0.125561503682706,0.209285725636055,-6.73742327871179,"COT2_HUMAN",11,1.78277774166166,0.114444181257194,0.194407497746249,0.725634932499997,"Non-significant",0.711286989579342,"NR2F2","COT2_HUMAN"
0.0601201074999995,11.54807662875,1.66935977333758,0.137940181393295,0.225198099741251,-6.82596584641017,"PWP2_HUMAN",31,1.78058102420099,0.114822345250349,0.195010587974046,0.0601201074999995,"Non-significant",0.709941808258664,"PWP2","PWP2_HUMAN"
-0.082246780500002,9.8846104145,-1.70811849933917,0.130333740722656,0.215577531505351,-6.7726634141386,"AT11B_HUMAN",25,-1.77980516986259,0.11495619076937,0.195198576147265,-0.082246780500002,"Non-significant",0.709523354567079,"ATP11B","AT11B_HUMAN"
0.0391950599999955,12.5056855675,1.6656410214835,0.138691513857842,0.226161882435239,-6.83105201329792,"GRSF1_HUMAN",23,1.77950881243863,0.115007355467142,0.195246122705446,0.0391950599999955,"Non-significant",0.709417581800721,"GRSF1","GRSF1_HUMAN"
0.166429757750002,9.100086569875,1.92934313346758,0.0940100261492719,0.167705928129569,-6.45948260456285,"EAA3_HUMAN",5,1.77935413623289,0.115034068138726,0.19525214666559,0.166429757750002,"Non-significant",0.709404182649663,"SLC1A1","EAA3_HUMAN"
0.0474858274999992,10.55599951875,1.70629511611566,0.13068254342903,0.216012979598444,-6.7751827014682,"DBR1_HUMAN",21,1.77852538703847,0.11517729367924,0.195455890562174,0.0474858274999992,"Non-significant",0.70895123646173,"DBR1","DBR1_HUMAN"
0.0654616399999952,11.868421555,2.46120352776364,0.0425817601735862,0.0904996612463837,-5.66697677848285,"RRFM_HUMAN",8,1.77761963573099,0.115334019863789,0.195682458420265,0.0654616399999952,"Non-significant",0.708448104095358,"MRRF","RRFM_HUMAN"
-0.143948077000001,9.9073054785,-2.55946379310951,0.0368186551581396,0.0808820548157306,-5.51759505566334,"TSR2_HUMAN",3,-1.7772315594426,0.115401232179918,0.195716974624748,-0.143948077000001,"Non-significant",0.708371506144945,"TSR2","TSR2_HUMAN"
-0.0500955582500016,9.900598764375,-1.80080025828128,0.113722452531269,0.194830600078468,-6.64318327881229,"ARB2A_HUMAN",16,-1.77721884005905,0.115403435722549,0.195716974624748,-0.0500955582500016,"Non-significant",0.708371506144945,"ARB2A","ARB2A_HUMAN"
0.145836830749998,9.341645717625,1.72277527794823,0.127561751566524,0.211657087392565,-6.75237191279479,"EPHB4_HUMAN",22,1.7770335040679,0.115435548380767,0.195716974624748,0.145836830749998,"Non-significant",0.708371506144945,"EPHB4","EPHB4_HUMAN"
-0.148168325249999,8.582075715125,-1.75496582418928,0.12166834638795,0.204658250190387,-6.70755675616715,"XYLT2_HUMAN",12,-1.77690903636465,0.115457119304087,0.195716974624748,-0.148168325249999,"Non-significant",0.708371506144945,"XYLT2","XYLT2_HUMAN"
-0.05263901,14.2945384975,-1.73363181294617,0.12554454201478,0.209285725636055,-6.73729539108516,"ZA2G_HUMAN",19,-1.7768320643005,0.115470460886093,0.195716974624748,-0.05263901,"Non-significant",0.708371506144945,"AZGP1","ZA2G_HUMAN"
0.0324501974999976,16.95022988375,1.51817047292886,0.171741660831962,0.265866599380019,-7.02842561291295,"NADK2_HUMAN",35,1.77600621093512,0.115613698024551,0.195920357991344,0.0324501974999976,"Non-significant",0.707920434327181,"NADK2","NADK2_HUMAN"
0.17347371575,7.600391328375,1.74066964505958,0.124253058678431,0.207716745233225,-6.72750123408914,"SASH1_HUMAN",13,1.77575386744604,0.115657498347112,0.195955186646796,0.17347371575,"Non-significant",0.707843236894874,"SASH1","SASH1_HUMAN"
-0.0705962199999988,11.14534998,-1.79773423997645,0.114238124538568,0.195395072778464,-6.64750930150116,"KCC2G_HUMAN",14,-1.77560477994029,0.115683383471073,0.195959654195674,-0.0705962199999988,"Non-significant",0.707833335601925,"CAMK2G","KCC2G_HUMAN"
-0.0658173562499975,9.790306091375,-1.94642438569862,0.0916542092166714,0.164408029258847,-6.43475686425426,"AEDO_HUMAN",11,-1.77471101467784,0.115838677254313,0.196183285227367,-0.0658173562499975,"Non-significant",0.707337997173963,"ADO","AEDO_HUMAN"
0.0839383575000028,12.10681641125,1.72140067533775,0.127819338226113,0.212001023594629,-6.75427804139232,"RTCA_HUMAN",20,1.77434549241884,0.115902244394185,0.196244719824313,0.0839383575000028,"Non-significant",0.707202019586602,"RTCA","RTCA_HUMAN"
0.0850832462499991,8.570462822875,1.70980662940721,0.130011594645237,0.215129118819141,-6.77032999026019,"NOL8_HUMAN",23,1.77423471362935,0.115921516194715,0.196244719824313,0.0850832462499991,"Non-significant",0.707202019586602,"NOL8","NOL8_HUMAN"
0.135188818000003,8.85202324375,1.87751748079982,0.101523998958081,0.177798833828728,-6.53407045479819,"RN220_HUMAN",7,1.77359207286752,0.116033373978833,0.196394640415178,0.135188818000003,"Non-significant",0.706870368228671,"RNF220","RN220_HUMAN"
0.0540306550000018,13.043044925,1.7170659629949,0.128634844770977,0.21310202566324,-6.76028474451239,"CHID1_HUMAN",20,1.77334329142154,0.116076704178397,0.196428536342041,0.0540306550000018,"Non-significant",0.706795419422677,"CHID1","CHID1_HUMAN"
-1.594395041,9.7219296095,-1.7228608270312,0.1275457367744,0.211657087392565,-6.75225326309505,"TXD16_HUMAN",11,-1.77305656386207,0.116126662425318,0.19647363259394,-1.594395041,"Non-significant",0.706695725122219,"TXNDC16","TXD16_HUMAN"
0.0485715874999997,12.27902197875,1.62046760217589,0.148129103139619,0.237643740076865,-6.89242787057883,"PININ_HUMAN",35,1.7728700978819,0.116159162412819,0.196489179204827,0.0485715874999997,"Non-significant",0.706661361527898,"PNN","PININ_HUMAN"
0.0738999825000022,11.00968658875,1.74333068891748,0.12376803290967,0.207238925187845,-6.72379381292878,"TR61B_HUMAN",17,1.7726615638719,0.116195518924784,0.196511241777088,0.0738999825000022,"Non-significant",0.706612599985222,"TRMT61B","TR61B_HUMAN"
0.124639272500001,12.01814424875,1.90750463691615,0.0971080129755682,0.171814324385194,-6.49099375069042,"CHMP6_HUMAN",7,1.77220746537838,0.116274725197667,0.196605748985182,0.124639272500001,"Non-significant",0.706403787032688,"CHMP6","CHMP6_HUMAN"
0.139351129750001,9.093260407375,1.71515064136821,0.128996746373284,0.213617598267271,-6.7629368367913,"IDUA_HUMAN",24,1.77193422281524,0.116322410218978,0.196646930552701,0.139351129750001,"Non-significant",0.706312828071565,"IDUA","IDUA_HUMAN"
0.346070766499998,7.283898592,1.80662768030386,0.112748479757106,0.193515971466635,-6.63495339420723,"ZN414_HUMAN",3,1.77047294902356,0.116577738942109,0.197039053848613,0.346070766499998,"Non-significant",0.705447686579595,"ZNF414","ZN414_HUMAN"
0.0643675325000022,12.38822233875,1.74629609651355,0.123229648397106,0.206537960805592,-6.71965965120342,"SCRN2_HUMAN",17,1.76880315839489,0.11687015046845,0.19749368450252,0.0643675325000022,"Non-significant",0.704446787782131,"SCRN2","SCRN2_HUMAN"
-0.153812050499999,7.64096969375,-1.83154947348818,0.1086726856561,0.187936411037191,-6.59964624141807,"S12A6_HUMAN",7,-1.7674892874721,0.117100720987522,0.197843651474007,-0.153812050499999,"Non-significant",0.703677881076714,"SLC12A6","S12A6_HUMAN"
0.0650138799999986,11.54322362,1.80134172991525,0.113631614548622,0.194754143763793,-6.64241899645853,"CD123_HUMAN",14,1.76634599539405,0.117301706406182,0.198133981805008,0.0650138799999986,"Non-significant",0.703041032564676,"CDC123","CD123_HUMAN"
0.730769872999998,7.20715558525,1.73412987485596,0.125452727884859,0.209187150018097,-6.7366027981564,"CUED1_HUMAN",3,1.76624443698527,0.117319575654146,0.198133981805008,0.730769872999998,"Non-significant",0.703041032564676,"CUEDC1","CUED1_HUMAN"
0.211713314000001,7.42962348475,1.75769782503258,0.121180258705037,0.204122382219176,-6.70373793951943,"CARD6_HUMAN",8,1.76540622922025,0.117467156922904,0.198343482712972,0.211713314000001,"Non-significant",0.702582065259377,"CARD6","CARD6_HUMAN"
-0.0971779824999999,10.84626913125,-1.76427316493792,0.120013162805455,0.202845588387242,-6.69453721699476,"ARPIN_HUMAN",13,-1.76460876857264,0.117607726717951,0.198541063189588,-0.0971779824999999,"Non-significant",0.702149656798525,"ARPIN","ARPIN_HUMAN"
0.0617697224999993,12.27288711125,1.6349819181292,0.145033380501705,0.233968682152894,-6.87279125544869,"CSKP_HUMAN",47,1.76370742136168,0.117766800053798,0.19876469953682,0.0617697224999993,"Non-significant",0.701660743468163,"CASK","CSKP_HUMAN"
0.0764775274999998,12.36569404625,1.69646725745405,0.132577766926866,0.218346619270527,-6.78874178080934,"UBA3_HUMAN",23,1.76353668143005,0.117796955797494,0.19876469953682,0.0764775274999998,"Non-significant",0.701660743468163,"UBA3","UBA3_HUMAN"
0.0618491150000047,16.6556141375,2.07297701049297,0.0759146613803191,0.142101861153611,-6.24962163089028,"ARK73_HUMAN",10,1.7634575005507,0.117810943040213,0.19876469953682,0.0618491150000047,"Non-significant",0.701660743468163,"AKR7A3","ARK73_HUMAN"
0.47735393,7.942905128,1.71245771667385,0.129507204191488,0.21433658435697,-6.76666356166322,"UBN1_HUMAN",18,1.76239261388945,0.117999206911755,0.199042488504939,0.47735393,"Non-significant",0.701054207240444,"UBN1","UBN1_HUMAN"
-0.0284349950000031,14.156086325,-1.4148693317092,0.199018080660709,0.297677103891785,-7.16105970980848,"SEPT9_HUMAN",47,-1.76131668985089,0.118189710574325,0.199323943663663,-0.0284349950000031,"Non-significant",0.700440528813724,"SEPTIN9","SEPT9_HUMAN"
0.075666665,10.6227904575,1.66938486752392,0.137935124377643,0.225198099741251,-6.82593150792517,"LRC8A_HUMAN",33,1.76027015128594,0.118375289761175,0.199596982875964,0.075666665,"Non-significant",0.699846027829327,"LRRC8A","LRC8A_HUMAN"
0.136986255750001,8.292227506625,1.91795150550001,0.0956138342600133,0.169633552721038,-6.47593415319616,"PPR37_HUMAN",6,1.7594304922222,0.118524382523428,0.199808404057995,0.136986255750001,"Non-significant",0.6993862490467,"PPP1R37","PPR37_HUMAN"
0.449096202249999,9.640762567375,1.75724819464826,0.121260459525593,0.204135093537293,-6.70436659953627,"APOL4_HUMAN",3,1.75850813142409,0.118688364346225,0.200044835647737,0.449096202249999,"Non-significant",0.698872655875292,"APOL4","APOL4_HUMAN"
0.0615427499999974,10.495387435,1.72359431015897,0.127408506750815,0.211569405713676,-6.75123588090214,"KTI12_HUMAN",18,1.75716596637876,0.118927363473389,0.200407586308916,0.0615427499999974,"Non-significant",0.698085842536627,"KTI12","KTI12_HUMAN"
-0.0393157024999979,16.54334759875,-1.82803239877713,0.109239180416075,0.188567899186381,-6.60463967702291,"GPX1_HUMAN",16,-1.75699833154691,0.118957246060259,0.200417874683574,-0.0393157024999979,"Non-significant",0.698063547623866,"GPX1","GPX1_HUMAN"
0.106601476749997,9.567392945125,1.74740343631296,0.123029176167988,0.206411808503179,-6.71811515041285,"ZN346_HUMAN",13,1.75681828218608,0.118989349550999,0.200431899953112,0.106601476749997,"Non-significant",0.698033156701602,"ZNF346","ZN346_HUMAN"
-0.0580832949999976,11.79107654,-1.72476288130377,0.127190163086374,0.211384011970301,-6.74961463738115,"BRCC3_HUMAN",18,-1.75628214617792,0.119084993065577,0.200552928381568,-0.0580832949999976,"Non-significant",0.697770992267869,"BRCC3","BRCC3_HUMAN"
-0.0955173975000001,11.49706614125,-1.72434028117948,0.127269083622457,0.2114628633656,-6.75020099361099,"MP2K2_HUMAN",16,-1.75557129154105,0.119211917178954,0.200726578086577,-0.0955173975000001,"Non-significant",0.697395119031577,"MAP2K2","MP2K2_HUMAN"
0.0213434650000011,14.992158295,1.24940960542135,0.250740309329991,0.354552938658362,-7.3620820984128,"SYRC_HUMAN",53,1.75466706927064,0.119373551741075,0.200958591497009,0.0213434650000011,"Non-significant",0.696893421868159,"RARS1","SYRC_HUMAN"
0.82159662225,7.421657085375,1.70541949098559,0.130850358347374,0.216219892277988,-6.77639211022177,"NCOA1_HUMAN",12,1.75452621218502,0.119398749296038,0.200960874164598,0.82159662225,"Non-significant",0.696888488790651,"NCOA1","NCOA1_HUMAN"
0.0678915974999992,10.15421128375,1.6775090163993,0.136307045531356,0.223310415312691,-6.81480266511587,"RUSD2_HUMAN",24,1.75271339647707,0.119723487104278,0.201467213575955,0.0678915974999992,"Non-significant",0.695795620101498,"RPUSD2","RUSD2_HUMAN"
-0.0518829775,13.05224335375,-1.72565041684283,0.127024566656078,0.211264813011855,-6.7483829916959,"BCCIP_HUMAN",18,-1.75242905653,0.119774497682292,0.201512822547712,-0.0518829775,"Non-significant",0.6956973138676,"BCCIP","BCCIP_HUMAN"
0.0399775499999961,11.5651493075,1.50564629871162,0.174858105449291,0.269595568105373,-7.04476980603774,"TLN2_HUMAN",83,1.75174124835926,0.11989797518616,0.201655901004546,0.0399775499999961,"Non-significant",0.695389064823162,"TLN2","TLN2_HUMAN"
1.0341608525,8.0615507365,1.70188869703687,0.131529105074125,0.217001140471677,-6.78126615973272,"UBP36_HUMAN",17,1.75168884187394,0.119907388282689,0.201655901004546,1.0341608525,"Non-significant",0.695389064823162,"USP36","UBP36_HUMAN"
0.121694092499999,10.62165379625,1.73211241965953,0.125825024830644,0.209683498279458,-6.73940772011164,"S15A4_HUMAN",13,1.75137647346039,0.119963509417037,0.201710038076242,0.121694092499999,"Non-significant",0.695272488635799,"SLC15A4","S15A4_HUMAN"
-0.100002290000003,10.895768165,-2.16317603411555,0.0663597833901679,0.128319939021731,-6.11588168943355,"DCTN5_HUMAN",6,-1.75031670967281,0.120154094592417,0.20196193439309,-0.100002290000003,"Non-significant",0.694730478280466,"DCTN5","DCTN5_HUMAN"
-0.0544764974999978,11.86676370875,-1.63106877849626,0.145862019824085,0.234811108689307,-6.87809331255832,"SCYL2_HUMAN",31,-1.75027700194745,0.120161241070275,0.20196193439309,-0.0544764974999978,"Non-significant",0.694730478280466,"SCYL2","SCYL2_HUMAN"
0.086115121749998,9.547394633375,1.85616967134791,0.104785566137936,0.182298769241828,-6.56459514050536,"HM20A_HUMAN",10,1.75002548695665,0.120206517292697,0.201997754039104,0.086115121749998,"Non-significant",0.694653459334794,"HMG20A","HM20A_HUMAN"
0.777271389999999,7.2504642605,1.70509354573968,0.130912878169464,0.216238418595024,-6.77684223709384,"ZCC17_HUMAN",6,1.74953943648248,0.120294058745299,0.20208799557819,0.777271389999999,"Non-significant",0.694459483659324,"ZCCHC17","ZCC17_HUMAN"
0.15572977075,8.462179899125,1.92165688242048,0.09508925918966,0.169000801494497,-6.47058633585585,"PEDS1_HUMAN",5,1.74946112076893,0.12030816963001,0.20208799557819,0.15572977075,"Non-significant",0.694459483659324,"PEDS1","PEDS1_HUMAN"
-0.171129346000001,7.153709352,-2.14673909944222,0.0680069045821253,0.130844601397565,-6.14034834438442,"G0S2_HUMAN",3,-1.74908175117642,0.120376546326791,0.202162564054298,-0.171129346000001,"Non-significant",0.694299262839373,"G0S2","G0S2_HUMAN"
0.0957169532499975,9.630489587875,1.72550392456422,0.127051885125639,0.211268561792072,-6.74858629913573,"KBTB4_HUMAN",15,1.74887374726637,0.120414052010475,0.202185267808027,0.0957169532499975,"Non-significant",0.69425049237891,"KBTBD4","KBTB4_HUMAN"
0.132245778749999,8.826381325625,1.71589967437107,0.128855101551736,0.213424965804595,-6.76189981880479,"ATX1L_HUMAN",14,1.74680509047211,0.1207876561555,0.202772187559194,0.132245778749999,"Non-significant",0.692991613529541,"ATXN1L","ATX1L_HUMAN"
0.0680923474999915,18.32408189875,1.62592892552984,0.146957125313242,0.236123066958695,-6.88504863056782,"K1C18_HUMAN",62,1.74622217394969,0.120893129238447,0.202908838381296,0.0680923474999915,"Non-significant",0.692699035388409,"KRT18","K1C18_HUMAN"
-0.0368609424999988,12.87111210875,-1.74205236003708,0.124000807943165,0.207505024846722,-6.72557509317335,"MEMO1_HUMAN",18,-1.7455477824168,0.121015262061712,0.203073391184187,-0.0368609424999988,"Non-significant",0.692346978707172,"MEMO1","MEMO1_HUMAN"
0.0697443525000008,13.49358260625,1.71759628405253,0.128534809929742,0.213020037927211,-6.75955020563043,"DCUP_HUMAN",17,1.74460404314482,0.121186369047156,0.203320044725015,0.0697443525000008,"Non-significant",0.691819803436061,"UROD","DCUP_HUMAN"
-0.0311245924999994,16.92188143875,-1.54298585884645,0.165715838958926,0.259150056880295,-6.99583751297779,"ODO2_HUMAN",27,-1.74340058466428,0.121404895532604,0.203646142177973,-0.0311245924999994,"Non-significant",0.691123812667047,"DLST","ODO2_HUMAN"
0.0337927325000003,13.76217424875,1.54440920836234,0.165376146415051,0.25905063075531,-6.99396026268174,"TM10C_HUMAN",29,1.74209033723621,0.121643234744536,0.203983134651459,0.0337927325000003,"Non-significant",0.690405738606429,"TRMT10C","TM10C_HUMAN"
0.0898654450000009,11.9142371425,1.74893061484823,0.122753204686024,0.206153967383642,-6.7159844191811,"NUDT7_HUMAN",13,1.74203013702629,0.121654195977326,0.203983134651459,0.0898654450000009,"Non-significant",0.690405738606429,"NUDT7","NUDT7_HUMAN"
0.1885968445,7.8276345135,1.76234511492023,0.120354270414038,0.203136993456132,-6.69723650072119,"STK16_HUMAN",7,1.74167983531849,0.121717997232895,0.20404952240972,0.1885968445,"Non-significant",0.69026441738209,"STK16","STK16_HUMAN"
-0.708634495750001,8.523061216125,-1.70076044116613,0.13174669580879,0.217274953217934,-6.78282274674949,"SERC3_HUMAN",5,-1.74148835160399,0.121752885912479,0.204067424011988,-0.708634495750001,"Non-significant",0.69022631767976,"SERINC3","SERC3_HUMAN"
0.230541943750001,8.542786955875,1.78133897740363,0.117033811084838,0.199127572392834,-6.67059466258407,"PRLD1_HUMAN",5,1.74103038357345,0.12183636669219,0.20416674649075,0.230541943750001,"Non-significant",0.690014991884796,"PRELID1","PRLD1_HUMAN"
-0.105707407499999,11.47141611625,-2.07881213043011,0.0752571413036615,0.14115319182211,-6.2410105413529,"PRIO_HUMAN",6,-1.74072937822161,0.121891264836691,0.204218141782641,-0.105707407499999,"Non-significant",0.689905679848906,"PRNP","PRIO_HUMAN"
-0.648964166750002,6.785312891125,-1.69822124813834,0.132237635721859,0.217914180156315,-6.78632431450788,"MMP2_HUMAN",6,-1.74016418292026,0.121994409528524,0.204350333449112,-0.648964166750002,"Non-significant",0.689624649290821,"MMP2","MMP2_HUMAN"
0.0590941899999979,11.0698846575,1.76132172206857,0.120535702269105,0.203361776306302,-6.69866878441041,"TMX3_HUMAN",15,1.73988070364098,0.122046173686063,0.2043964232068,0.0590941899999979,"Non-significant",0.689526708317859,"TMX3","TMX3_HUMAN"
2.86690187625,8.989337563375,1.6912052341368,0.133603120988572,0.219650799166437,-6.79598784170154,"DEN5A_HUMAN",3,1.73965143982818,0.122088053052936,0.204425943421374,2.86690187625,"Non-significant",0.689463989311451,"DENND5A","DEN5A_HUMAN"
0.0774619574999988,10.82734358375,1.63405756117993,0.145228724026654,0.234194167748359,-6.87404422470924,"CK5P2_HUMAN",64,1.73868158103413,0.122265365700534,0.204682178250209,0.0774619574999988,"Non-significant",0.688919969865778,"CDK5RAP2","CK5P2_HUMAN"
0.0907170772499981,9.449230790125,1.66896980593944,0.138018790515767,0.225282801173006,-6.82649944240788,"STAG1_HUMAN",26,1.73649135383598,0.122666681535971,0.205313236431036,0.0907170772499981,"Non-significant",0.687583051001287,"STAG1","STAG1_HUMAN"
0.0420970900000022,14.5123848925,1.63540668597388,0.144943696836471,0.233960287056191,-6.87221537259927,"GNL1_HUMAN",23,1.73621771789759,0.122716906876097,0.205356523339016,0.0420970900000022,"Non-significant",0.687491496827175,"GNL1","GNL1_HUMAN"
0.107178447499997,11.27442061875,1.72360883666487,0.127405790345324,0.211569405713676,-6.75121573001536,"ERRFI_HUMAN",13,1.7343907994468,0.123052729994212,0.205877622294802,0.107178447499997,"Non-significant",0.68639085611164,"ERRFI1","ERRFI_HUMAN"
0.0954620824999992,13.02743875875,2.19025780775502,0.0637325439333458,0.124843507509684,-6.07548578289472,"SUMO1_HUMAN",6,1.73135878753338,0.123611979928603,0.206772252196506,0.0954620824999992,"Non-significant",0.684507741818324,"SUMO1","SUMO1_HUMAN"
0.0500781524999976,11.10083639625,1.59805612966858,0.153029988696309,0.243881598548154,-6.92258829168135,"ATG7_HUMAN",32,1.72889610470882,0.124067974717825,0.207493841050903,0.0500781524999976,"Non-significant",0.682994789734078,"ATG7","ATG7_HUMAN"
-0.115425825000001,8.35510289675,-1.72325451726018,0.127472062461984,0.211633250835546,-6.75170721496797,"UBX2B_HUMAN",12,-1.72838559046819,0.124162699963625,0.207611068834239,-0.115425825000001,"Non-significant",0.682749495691201,"UBXN2B","UBX2B_HUMAN"
0.128284216000001,9.16688096525,1.67634577861989,0.136539046859537,0.22364703186534,-6.81639757210134,"AT2B2_HUMAN",20,1.7264765756923,0.124517517301502,0.208163060954852,0.128284216000001,"Non-significant",0.68159633460826,"ATP2B2","AT2B2_HUMAN"
-0.029347422499999,15.64511489875,-1.42857915097876,0.195187277311038,0.293582005791352,-7.14375084470184,"SYSC_HUMAN",40,-1.72587409993617,0.124629693413249,0.208309277370668,-0.029347422499999,"Non-significant",0.681291387655878,"SARS1","SYSC_HUMAN"
0.648278236500001,8.0655441285,1.69119981050995,0.133604181673546,0.219650799166437,-6.79599530532204,"MOG1_HUMAN",4,1.72571566072045,0.124659209264759,0.208317302714642,0.648278236500001,"Non-significant",0.681274656305694,"RANGRF","MOG1_HUMAN"
-1.60312438,7.55565226075,-1.67532007359215,0.136743925548194,0.223939100144886,-6.81780350829657,"STRAA_HUMAN",10,-1.72405769138539,0.124968468401623,0.208792709644655,-1.60312438,"Non-significant",0.680284669541293,"STRADA","STRAA_HUMAN"
-0.042760847499995,16.66313981875,-1.66407185159981,0.139009696339614,0.22641791892688,-6.83319667750864,"KAD4_HUMAN",20,-1.72150326093232,0.125446352933122,0.209549605404931,-0.042760847499995,"Non-significant",0.678713152633155,"AK4","KAD4_HUMAN"
0.0276021974999985,18.71892452125,1.46018184205085,0.186606850812097,0.283407053242372,-7.10350129388238,"ADH4_HUMAN",30,1.72107497138652,0.125526645259965,0.209642182067812,0.0276021974999985,"Non-significant",0.678521328576971,"ADH4","ADH4_HUMAN"
0.116186859999999,12.0766636125,2.11692028030461,0.0710998427490046,0.135221248766101,-6.18462950883631,"RNF5_HUMAN",5,1.71898412233606,0.125919313580352,0.210256318179238,0.116186859999999,"Non-significant",0.677250944832545,"RNF5","RNF5_HUMAN"
0.811199667499995,11.54508829375,1.67096837630375,0.137616364856531,0.22491939630499,-6.82376420094952,"CALL5_HUMAN",11,1.71882329154725,0.125949565793798,0.210265179258451,0.811199667499995,"Non-significant",0.677232642235269,"CALML5","CALL5_HUMAN"
-0.0964008567499999,7.988717019625,-2.48453607551065,0.0411342361712949,0.0884265434041939,-5.63154058170512,"BTBD1_HUMAN",5,-1.71864611014152,0.125982901442053,0.210279183416845,-0.0964008567499999,"Non-significant",0.677203718158496,"BTBD1","BTBD1_HUMAN"
0.548306345999999,7.24863189475,1.67274811871896,0.137258928300272,0.224520765892294,-6.82132723781289,"STON2_HUMAN",10,1.71849866770418,0.126010648183365,0.210283855382613,0.548306345999999,"Non-significant",0.677194069146263,"STON2","STON2_HUMAN"
0.71662974375,7.759500861125,1.67487954198414,0.136832007759302,0.22395281425304,-6.81840723056535,"PXL2C_HUMAN",6,1.71780492673636,0.126141278095188,0.210460180733242,0.71662974375,"Non-significant",0.676830060985922,"PRXL2C","PXL2C_HUMAN"
0.0817792415000014,9.817953229,2.16145159091217,0.0665306983864393,0.128591436986768,-6.11845040894019,"GEMI6_HUMAN",7,1.71731784262152,0.126233070823984,0.210560198542361,0.0817792415000014,"Non-significant",0.676623718559056,"GEMIN6","GEMI6_HUMAN"
-0.343176126499999,7.097633481,-1.90360922877014,0.0976709481695837,0.17267050568922,-6.49660229264076,"SIM11_HUMAN",1,-1.71722175854975,0.126251185601269,0.210560198542361,-0.343176126499999,"Non-significant",0.676623718559056,"SMIM11","SIM11_HUMAN"
0.0714428450000035,10.3263305425,1.65038988760596,0.14181310514332,0.230316505443746,-6.8518583963413,"CDKAL_HUMAN",23,1.7170848835891,0.126276994913226,0.210561580637702,0.0714428450000035,"Non-significant",0.676620867904401,"CDKAL1","CDKAL_HUMAN"
0.166482925250001,8.348661899625,1.68811555780812,0.134208646372238,0.220472555110425,-6.80023797411774,"RAB3I_HUMAN",12,1.71667084883221,0.126355095930779,0.210650139161499,0.166482925250001,"Non-significant",0.676438249629699,"RAB3IP","RAB3I_HUMAN"
0.918757081250001,7.985574662625,1.66962581502883,0.137886577145524,0.225197821887158,-6.82560178764353,"CLCN5_HUMAN",8,1.71651920858788,0.126383711758139,0.210650489435675,0.918757081250001,"Non-significant",0.676437527474869,"CLCN5","CLCN5_HUMAN"
0.0559620874999975,10.09399294875,1.68613266067407,0.134598620495432,0.221027035292421,-6.80296386698229,"OSBL2_HUMAN",18,1.71640489171647,0.126405288357533,0.210650489435675,0.0559620874999975,"Non-significant",0.676437527474869,"OSBPL2","OSBL2_HUMAN"
0.189886808500003,8.928598523,1.79828864162999,0.114144714541821,0.195345946332847,-6.64672727024516,"PIGU_HUMAN",5,1.71571458141575,0.126535653529464,0.210756528681315,0.189886808500003,"Non-significant",0.676218963197396,"PIGU","PIGU_HUMAN"
-0.0553088199999969,17.4425141825,-1.74508075405289,0.123450030421287,0.206788614153623,-6.72135433852702,"PRDX5_HUMAN",15,-1.71568272090499,0.126541673431338,0.210756528681315,-0.0553088199999969,"Non-significant",0.676218963197396,"PRDX5","PRDX5_HUMAN"
0.073808192499996,13.61679601625,1.8186056323805,0.110771580167441,0.190965049415163,-6.61800623174174,"U2AF1_HUMAN",11,1.71562392855154,0.126552782689811,0.210756528681315,0.073808192499996,"Non-significant",0.676218963197396,"U2AF1","U2AF1_HUMAN"
-0.0460007149999981,14.53839314,-1.62483504303414,0.147191175079122,0.236408996711493,-6.88652758279497,"MK01_HUMAN",23,-1.71553845911212,0.126568934415092,0.210756528681315,-0.0460007149999981,"Non-significant",0.676218963197396,"MAPK1","MK01_HUMAN"
0.119498252500003,11.82630729625,2.07500436371584,0.0756855697732175,0.141767481692989,-6.24663047738237,"PP1G_HUMAN",5,1.71491014555697,0.126687730298904,0.210912676020039,0.119498252500003,"Non-significant",0.675897318031396,"PPP1CC","PP1G_HUMAN"
0.138123035499998,9.44614624975,1.73654438273554,0.125008532169824,0.208688011925609,-6.73324409059207,"ZN830_HUMAN",9,1.71453613934506,0.126758493635309,0.210988811779625,0.138123035499998,"Non-significant",0.675740573665335,"ZNF830","ZN830_HUMAN"
0.119156360750003,8.940732717625,1.69435455502403,0.132988553101457,0.218852111302652,-6.7916522315304,"FBX30_HUMAN",13,1.71325663462937,0.127000860760173,0.21135049463919,0.119156360750003,"Non-significant",0.674996731422285,"FBXO30","FBX30_HUMAN"
0.119789361999999,9.320104003,1.75956076287237,0.120848502833605,0.203767159508793,-6.70113255428071,"MO4L2_HUMAN",9,1.71245830151163,0.127152302982857,0.211548872960101,0.119789361999999,"Non-significant",0.674589284057636,"MORF4L2","MO4L2_HUMAN"
0.122158764999998,10.2131911525,2.3030149324252,0.0538711834813468,0.10897053169289,-5.90630932236851,"PDE6D_HUMAN",4,1.71236368843297,0.127170262105686,0.211548872960101,0.122158764999998,"Non-significant",0.674589284057636,"PDE6D","PDE6D_HUMAN"
0.062428477500001,12.21463203625,1.74686649406686,0.123126345204961,0.206533724125895,-6.71886411853656,"RAB4A_HUMAN",14,1.71135200721858,0.127362444471017,0.211826764886781,0.062428477500001,"Non-significant",0.674019166474734,"RAB4A","RAB4A_HUMAN"
0.0338020349999972,16.28434372,1.5729736183093,0.158692687972128,0.250678535779061,-6.95610584436664,"CRYL1_HUMAN",24,1.71096971826982,0.127435136151691,0.211905851770094,0.0338020349999972,"Non-significant",0.673857050101991,"CRYL1","CRYL1_HUMAN"
-0.0447664275000008,13.72576498875,-1.55519292843819,0.162823194620988,0.255812993002853,-6.97970963596246,"ANM5_HUMAN",35,-1.71083566024915,0.127460636286994,0.211906450347746,-0.0447664275000008,"Non-significant",0.67385582333736,"PRMT5","ANM5_HUMAN"
0.0249075900000086,17.30422759,1.41575395377894,0.198768892530893,0.297377173436793,-7.15994568732361,"QOR_HUMAN",30,1.71033146262547,0.127556586112417,0.212024149939176,0.0249075900000086,"Non-significant",0.673614669316589,"CRYZ","QOR_HUMAN"
0.0327517975000013,14.71289598875,1.481262082708,0.181073454378221,0.276798720883936,-7.07638841125686,"A1CF_HUMAN",34,1.70967197609543,0.127682189819395,0.212191083988107,0.0327517975000013,"Non-significant",0.673272868578489,"A1CF","A1CF_HUMAN"
-0.0303790524999989,12.03008830375,-1.86001607411903,0.10419052143388,0.181470626643249,-6.55910420362005,"PPME1_HUMAN",16,-1.7091953850961,0.127773031896693,0.212300194334167,-0.0303790524999989,"Non-significant",0.673049608291761,"PPME1","PPME1_HUMAN"
0.158274173499999,9.7397863865,1.6479997707708,0.142308227462598,0.230818705639796,-6.8551113559444,"ARHG5_HUMAN",52,1.70878171627717,0.127851929549781,0.212389419427495,0.158274173499999,"Non-significant",0.67286712223609,"ARHGEF5","ARHG5_HUMAN"
0.0817666075000005,15.75167679875,1.63254339785037,0.145549240601326,0.234486725731762,-6.87609597890782,"PA2G4_HUMAN",29,1.70790356159457,0.128019568211033,0.212625998118384,0.0817666075000005,"Non-significant",0.672383634690185,"PA2G4","PA2G4_HUMAN"
-0.134866475749998,8.615134835125,-1.79626993440083,0.11448519430056,0.195699797760985,-6.64957439191816,"RFIP4_HUMAN",7,-1.70769219292726,0.128059948942627,0.212651164231167,-0.134866475749998,"Non-significant",0.672332235250512,"RAB11FIP4","RFIP4_HUMAN"
0.45581817625,6.694329142375,1.67254478771983,0.137299720397904,0.224543916032971,-6.82160571214082,"KANL1_HUMAN",6,1.70647701834926,0.12829233221512,0.21294859051433,0.45581817625,"Non-significant",0.671725230132963,"KANSL1","KANL1_HUMAN"
-0.0461325650000024,12.4555456625,-1.58830844167378,0.155208104881773,0.246513871499616,-6.93564427240925,"CTBL1_HUMAN",27,-1.70637306539983,0.128312229915707,0.21294859051433,-0.0461325650000024,"Non-significant",0.671725230132963,"CTNNBL1","CTBL1_HUMAN"
0.0925688742499986,9.017918825125,1.99778933420241,0.0849124873343356,0.155053586599028,-6.36000961084842,"ZCH24_HUMAN",7,1.70635936548438,0.128314852440655,0.21294859051433,0.0925688742499986,"Non-significant",0.671725230132963,"ZCCHC24","ZCH24_HUMAN"
0.102972269999999,10.3103240725,1.64033821719463,0.143906252154863,0.232729431967256,-6.8655244194704,"PP1RA_HUMAN",28,1.7047209285044,0.12862885439093,0.213427679854556,0.102972269999999,"Non-significant",0.670749256755349,"PPP1R10","PP1RA_HUMAN"
0.132591486000001,9.3298894165,1.85860921737716,0.104407785095274,0.181754072814553,-6.56111302416115,"MB12A_HUMAN",6,1.70457918279422,0.128656053327775,0.213430795807876,0.132591486000001,"Non-significant",0.670742916286975,"MVB12A","MB12A_HUMAN"
0.221572876250004,8.801227807875,1.65959011737292,0.139922232223088,0.227728228501335,-6.83931715933271,"ABD18_HUMAN",15,1.70364709437819,0.128835041568481,0.213685668118993,0.221572876250004,"Non-significant",0.670224604956015,"ABHD18","ABD18_HUMAN"
0.733895301749999,6.838249802625,1.65647958952515,0.140558867135389,0.228631935755344,-6.84356073892699,"ZMAT3_HUMAN",9,1.7026713296475,0.129022666459535,0.213954762067169,0.733895301749999,"Non-significant",0.669678042825863,"ZMAT3","ZMAT3_HUMAN"
0.0890858169999973,8.98375093925,1.69212246275023,0.133423854875573,0.219439936145601,-6.79472546733924,"ARL6_HUMAN",14,1.70147432581332,0.129253181311449,0.214294859416642,0.0890858169999973,"Non-significant",0.668988246847875,"ARL6","ARL6_HUMAN"
0.157286882499996,8.51515901075,1.72361057787685,0.127405464748489,0.211569405713676,-6.75121331463521,"PPR3E_HUMAN",8,1.70121246231018,0.129303661389222,0.214336393677434,0.157286882499996,"Non-significant",0.668904080795127,"PPP1R3E","PPR3E_HUMAN"
0.875092029500002,8.09481811525,1.65126494437955,0.141632236526242,0.230100619295382,-6.85066691071123,"ARH37_HUMAN",20,1.6997060372558,0.129594416874516,0.21477611872499,0.875092029500002,"Non-significant",0.668014010135182,"ARHGEF37","ARH37_HUMAN"
0.169601678749999,8.715692400875,1.69579866906903,0.1327076353863,0.218475128646704,-6.78966299313495,"TCAB1_HUMAN",9,1.69945637616248,0.129642663023804,0.214813840500815,0.169601678749999,"Non-significant",0.667937740386419,"WRAP53","TCAB1_HUMAN"
0.0841295700000018,10.26587689,1.62693913861483,0.146741285267233,0.235878410283171,-6.8836823938205,"ASAP3_HUMAN",28,1.69861114940167,0.129806124848222,0.215042418700012,0.0841295700000018,"Non-significant",0.667475863850593,"ASAP3","ASAP3_HUMAN"
0.0790379024999996,12.75092518375,2.17099861143817,0.0655899610895948,0.12718145434189,-6.10422387146627,"RAP2B_HUMAN",7,1.69765782823947,0.12999072261847,0.215305914904909,0.0790379024999996,"Non-significant",0.666944039032633,"RAP2B","RAP2B_HUMAN"
0.139658212749998,8.647631525875,1.64838659177689,0.142227986544295,0.230767988177452,-6.8545850346393,"SWAHB_HUMAN",20,1.69750472875764,0.130020391117142,0.215312745918741,0.139658212749998,"Non-significant",0.666930260383989,"SOWAHB","SWAHB_HUMAN"
0.0507752925000009,12.29238426625,1.6420988327642,0.143537552746309,0.232356065315659,-6.86313345303838,"WASL_HUMAN",20,1.69612203448652,0.130288624306876,0.215714557902702,0.0507752925000009,"Non-significant",0.666120544728394,"WASL","WASL_HUMAN"
-0.183990359500005,8.09273082025,-1.9734002679773,0.0880507215405405,0.159197668782758,-6.39557284475852,"NP1L5_HUMAN",3,-1.69524746446739,0.130458551687573,0.215926708834427,-0.183990359500005,"Non-significant",0.665693634729289,"NAP1L5","NP1L5_HUMAN"
0.5440807345,7.638574004,1.66671225726039,0.138474690183606,0.225939443197369,-6.8295873882536,"GAB2_HUMAN",4,1.6951988945964,0.130467994791047,0.215926708834427,0.5440807345,"Non-significant",0.665693634729289,"GAB2","GAB2_HUMAN"
0.307214975000001,10.82521665,1.67850030233793,0.136109631213921,0.223123657442016,-6.81344313956208,"VATF_HUMAN",6,1.69462191149595,0.130580222467356,0.216070022610394,0.307214975000001,"Non-significant",0.665405482621479,"ATP6V1F","VATF_HUMAN"
-0.464672326999998,6.89412379275,-1.65168980782943,0.141544497756318,0.230100619295382,-6.85008831042521,"SNX25_HUMAN",9,-1.69425051364519,0.130652509911731,0.216147204326983,-0.464672326999998,"Non-significant",0.665250377309216,"SNX25","SNX25_HUMAN"
0.0850000400000006,15.6540102975,1.63650915110802,0.144711168195178,0.233798260626339,-6.87072037719502,"APOL2_HUMAN",22,1.69398487002563,0.130704236683324,0.216151279475842,0.0850000400000006,"Non-significant",0.665242189380141,"APOL2","APOL2_HUMAN"
0.0471920974999982,13.90924263125,1.71820050630038,0.128420924676563,0.212873151248525,-6.75871319231124,"VP26A_HUMAN",16,1.69393550314017,0.13071385163034,0.216151279475842,0.0471920974999982,"Non-significant",0.665242189380141,"VPS26A","VP26A_HUMAN"
-0.0896830524999999,11.68930029875,-2.65365108809743,0.0320482974220403,0.0730292238362739,-5.37416395067028,"IFT25_HUMAN",5,-1.69384282199103,0.130731904468839,0.216151279475842,-0.0896830524999999,"Non-significant",0.665242189380141,"IFT25","IFT25_HUMAN"
0.81840133675,7.794915556875,1.64757608337782,0.142396164352466,0.230818705639796,-6.8556877750525,"ZSC18_HUMAN",7,1.69256147888078,0.130981728777282,0.216521865437088,0.81840133675,"Non-significant",0.664498239914878,"ZSCAN18","ZSC18_HUMAN"
0.101749896499998,9.227223158,1.82693505540969,0.109416509692325,0.188796675577606,-6.60619693787093,"PHF23_HUMAN",8,1.69206043256922,0.131079539275474,0.216641065990778,0.101749896499998,"Non-significant",0.664259216026828,"PHF23","PHF23_HUMAN"
0.0685300850000043,11.0726795175,1.62924477790041,0.146249771775405,0.235223728539108,-6.8805627290933,"CASP1_HUMAN",22,1.6914864507622,0.131191671487566,0.216768147135626,0.0685300850000043,"Non-significant",0.664004534585496,"CASP1","CASP1_HUMAN"
-0.0472557550000001,11.314311625,-1.6511650237142,0.141652878576787,0.230100619295382,-6.85080297797169,"SPTC1_HUMAN",19,-1.69140360182857,0.131207864122193,0.216768147135626,-0.0472557550000001,"Non-significant",0.664004534585496,"SPTLC1","SPTC1_HUMAN"
-0.0678932675000024,10.76678049625,-1.81837628753527,0.110809118126653,0.190965049415163,-6.6183311122099,"SDHF2_HUMAN",11,-1.69102045623209,0.131282773318871,0.216849401588235,-0.0678932675000024,"Non-significant",0.663841771980915,"SDHAF2","SDHF2_HUMAN"
0.1071453095,9.719565153,1.75970754731264,0.120822399914223,0.203763907338332,-6.70092722447236,"KCTD5_HUMAN",9,1.69033302711382,0.131417273371236,0.217029035510609,0.1071453095,"Non-significant",0.663482159614701,"KCTD5","KCTD5_HUMAN"
-0.0487325199999997,10.2541788825,-1.60593246387522,0.151290728232391,0.241591400619929,-6.91201113124985,"GGA3_HUMAN",23,-1.6898801870054,0.131505944781745,0.2171329301793,-0.0487325199999997,"Non-significant",0.663274306851268,"GGA3","GGA3_HUMAN"
0.135925531249999,9.496417164625,1.67087049776326,0.137636047709235,0.22491939630499,-6.823898190914,"TFE3_HUMAN",12,1.68965210102107,0.131550627835871,0.217164168043195,0.135925531249999,"Non-significant",0.663211831499741,"TFE3","TFE3_HUMAN"
0.0916266475000018,11.68028950625,1.80781419280468,0.11255115233916,0.193312173710196,-6.63327650018088,"RM22_HUMAN",9,1.68889113897443,0.13169980617001,0.217334160367824,0.0916266475000018,"Non-significant",0.662872006338208,"MRPL22","RM22_HUMAN"
0.0587816224999962,10.98828172625,2.16988984750804,0.0656985290294574,0.12730411521593,-6.1058767686352,"ISCA1_HUMAN",9,1.68886378493701,0.131705171569444,0.217334160367824,0.0587816224999962,"Non-significant",0.662872006338208,"ISCA1","ISCA1_HUMAN"
0.0488262200000005,11.9394640925,1.66344788166422,0.13913640941222,0.226536757762334,-6.83404924049951,"PPA6_HUMAN",18,1.68815520930247,0.131844227303627,0.217521039722504,0.0488262200000005,"Non-significant",0.662498729544007,"ACP6","PPA6_HUMAN"
0.121010779999999,10.93972969,1.7051727152869,0.130897690003829,0.216238418595024,-6.77673290814446,"SMUF1_HUMAN",10,1.68733534467508,0.13200529407266,0.217744153373473,0.121010779999999,"Non-significant",0.662053497361527,"SMURF1","SMUF1_HUMAN"
-0.0498349675000007,15.27244985125,-1.67848017430107,0.136113637034861,0.223123657442016,-6.81347074817436,"NDUV2_HUMAN",17,-1.68572372777676,0.132322439902635,0.218224583435592,-0.0498349675000007,"Non-significant",0.661096326850154,"NDUFV2","NDUV2_HUMAN"
0.0308170300000015,19.17529154,1.40566928829519,0.201626148252145,0.300836115080115,-7.17262218586097,"AK1C1_HUMAN",46,1.68515310549463,0.132434901389146,0.218340967526928,0.0308170300000015,"Non-significant",0.660864769551441,"AKR1C1","AK1C1_HUMAN"
-0.0342519300000035,12.79372561,-1.54157572861555,0.166053006564226,0.259436662155674,-6.99769647293831,"LRRF2_HUMAN",25,-1.68510281331569,0.132444817530571,0.218340967526928,-0.0342519300000035,"Non-significant",0.660864769551441,"LRRFIP2","LRRF2_HUMAN"
0.0531494599999984,14.5402990575,1.58550397964563,0.155840048006463,0.247377733455081,-6.93939346967564,"PLIN2_HUMAN",27,1.68469862870328,0.132524536014895,0.218429666419544,0.0531494599999984,"Non-significant",0.660688377472169,"PLIN2","PLIN2_HUMAN"
-0.0360894250000019,12.306593895,-1.5734850550374,0.158575319131336,0.250540087152396,-6.95542497358762,"PACN3_HUMAN",23,-1.68448077762017,0.132567521958437,0.218457799137374,-0.0360894250000019,"Non-significant",0.660632445979074,"PACSIN3","PACN3_HUMAN"
0.103376627499999,11.62251460625,1.72783242550389,0.126618314549935,0.210759627318543,-6.74535387662024,"PLEK2_HUMAN",10,1.68398160751767,0.132666066235533,0.21857745744709,0.103376627499999,"Non-significant",0.660394630177538,"PLEK2","PLEK2_HUMAN"
0.119316574999999,10.1717624675,1.8853007027685,0.100359465744962,0.17634561950475,-6.52291176143413,"SL9B2_HUMAN",6,1.68276325214366,0.132906876172145,0.218931416700218,0.119316574999999,"Non-significant",0.659691912618766,"SLC9B2","SL9B2_HUMAN"
0.0518915649999983,10.5405524975,1.56654328158778,0.160175217846376,0.252352864056535,-6.96465727606267,"ADDA_HUMAN",31,1.68225109673923,0.133008226108402,0.219055556441525,0.0518915649999983,"Non-significant",0.659445726273581,"ADD1","ADDA_HUMAN"
0.0776727195000007,10.11417472525,1.72768454938078,0.126645807612816,0.210759627318543,-6.745559211493,"TAM41_HUMAN",12,1.68177170993212,0.133103156758293,0.219169077615873,0.0776727195000007,"Non-significant",0.659220720115232,"TAMM41","TAM41_HUMAN"
1.0823574065,7.152641654,1.63580595305599,0.14485944442339,0.233911926636926,-6.87167400041701,"ABC3B_HUMAN",6,1.68123850814053,0.133208818297372,0.219265810902349,1.0823574065,"Non-significant",0.65902908056138,"APOBEC3B","ABC3B_HUMAN"
0.0644381025000023,14.02658188375,1.670183612924,0.137774250886025,0.225101601224715,-6.82483839887652,"CHM4B_HUMAN",16,1.68121272186204,0.133213930197049,0.219265810902349,0.0644381025000023,"Non-significant",0.65902908056138,"CHMP4B","CHM4B_HUMAN"
0.604030847750001,6.948971033125,1.63378055953132,0.145287310264458,0.234199031979178,-6.87441963843365,"PAR3L_HUMAN",14,1.68087295552809,0.133281302915788,0.219333873931507,0.604030847750001,"Non-significant",0.658894290686949,"PARD3B","PAR3L_HUMAN"
0.101288557000002,9.4221407175,1.68485133790088,0.134851183288446,0.221355525596556,-6.80472456851218,"B4GT4_HUMAN",12,1.67965402194001,0.133523268218622,0.219689171933391,0.101288557000002,"Non-significant",0.658191348111199,"B4GALT4","B4GT4_HUMAN"
0.269860268,7.392361045,1.64042504456277,0.143888048502837,0.232729431967256,-6.86540653268689,"MDC1_HUMAN",11,1.67882252570659,0.133688559707052,0.21991820253137,0.269860268,"Non-significant",0.65773882279126,"MDC1","MDC1_HUMAN"
-0.1964881425,10.09406006375,-1.6484890870935,0.142206732326686,0.230767988177452,-6.85444556684627,"LYSC_HUMAN",11,-1.67839317255325,0.133773984566966,0.220015788471211,-0.1964881425,"Non-significant",0.657546152814644,"LYZ","LYSC_HUMAN"
-0.0638115374999959,14.01820814625,-2.03479494517673,0.0803596851186987,0.148444397516001,-6.30581532939702,"OSTF1_HUMAN",9,-1.6775044235028,0.133950973199007,0.220263900330557,-0.0638115374999959,"Non-significant",0.657056674759873,"OSTF1","OSTF1_HUMAN"
-0.080906627500001,14.94865310125,-1.67495179275029,0.136817557910624,0.22395281425304,-6.8183082199608,"ARPC4_HUMAN",14,-1.67702222463376,0.134047091216925,0.220322915759674,-0.080906627500001,"Non-significant",0.656940329583712,"ARPC4","ARPC4_HUMAN"
0.136874914000003,8.786852479,1.637105717336,0.144585487281893,0.233648595149363,-6.86991121344483,"TAB2_HUMAN",16,1.67698022497166,0.134055466164154,0.220322915759674,0.136874914000003,"Non-significant",0.656940329583712,"TAB2","TAB2_HUMAN"
0.0255336749999984,15.36541319,1.2921551017006,0.236371969057078,0.339590817655038,-7.31161354561059,"MAP4_HUMAN",65,1.67693101857315,0.134065278791241,0.220322915759674,0.0255336749999984,"Non-significant",0.656940329583712,"MAP4","MAP4_HUMAN"
0.187512398000003,8.81774950025,1.63279132012413,0.145496715583194,0.234446915628129,-6.87576009348832,"BCD1_HUMAN",16,1.67635757525383,0.134179682864411,0.220467942858503,0.187512398000003,"Non-significant",0.656654550195191,"ZNHIT6","BCD1_HUMAN"
0.0912628174999952,16.76316070625,1.64631577228273,0.142658043753038,0.231198740779535,-6.85740201097687,"RL11_HUMAN",16,1.6761604550365,0.1342190300687,0.220489613028469,0.0912628174999952,"Non-significant",0.656611864747942,"RPL11","RL11_HUMAN"
-0.0909276007499979,8.708152532625,-1.61172458887826,0.150023416192473,0.240241601961416,-6.90421725597793,"MA2A2_HUMAN",26,-1.67562350149065,0.134326265959935,0.220622777820789,-0.0909276007499979,"Non-significant",0.656349651591181,"MAN2A2","MA2A2_HUMAN"
-0.108502625749999,9.815330385875,-1.63208810132039,0.145645746110031,0.234552539923854,-6.8767127544415,"I2BPL_HUMAN",18,-1.67526371097572,0.134398164947283,0.220697863304237,-0.108502625749999,"Non-significant",0.656201871458514,"IRF2BPL","I2BPL_HUMAN"
0.102538347500001,8.57940876475,1.64126564901967,0.143711923971516,0.232504377573112,-6.8642650854061,"ATF6A_HUMAN",16,1.67487667052869,0.13447554943921,0.220764458862201,0.102538347500001,"Non-significant",0.656070842910391,"ATF6","ATF6A_HUMAN"
0.0380015349999994,13.00698328,1.58387578131152,0.15620802726352,0.247821844871864,-6.94156869648226,"CHRD1_HUMAN",22,1.67474337249081,0.134502210519999,0.220764458862201,0.0380015349999994,"Non-significant",0.656070842910391,"CHORDC1","CHRD1_HUMAN"
0.060406207499998,12.28930831125,1.60401003342261,0.151713543636316,0.242012388211678,-6.91459503510377,"DNJC1_HUMAN",23,1.67466797632394,0.134517292765009,0.220764458862201,0.060406207499998,"Non-significant",0.656070842910391,"DNAJC1","DNJC1_HUMAN"
0.0398654949999973,11.7630436425,1.5335927326621,0.16797363636097,0.26137156745184,-7.00820424356001,"SLAI2_HUMAN",28,1.67409012057729,0.134632939271488,0.220911241019928,0.0398654949999973,"Non-significant",0.655782184587071,"SLAIN2","SLAI2_HUMAN"
0.120595693499997,9.328096032,1.63632102531196,0.144750822501903,0.233798260626339,-6.87097551726411,"FRY_HUMAN",16,1.67386573273474,0.134677871038891,0.220941956984588,0.120595693499997,"Non-significant",0.655721803564416,"FRY","FRY_HUMAN"
1.162818432,7.65329372875,1.62600491946719,0.146940878335275,0.236123066958695,-6.88494586811613,"HXK4_HUMAN",17,1.6736125770162,0.134728580083649,0.220982136899217,1.162818432,"Non-significant",0.65564283110966,"GCK","HXK4_HUMAN"
-0.0365998750000003,11.69036734,-1.61464691622009,0.149387758673833,0.239526235088784,-6.90027999360513,"ABRX2_HUMAN",20,-1.67278469171324,0.134894535988356,0.221208496592112,-0.0365998750000003,"Non-significant",0.655198195847441,"ABRAXAS2","ABRX2_HUMAN"
0.871957898249999,9.516519725125,1.62775853417838,0.146566431629662,0.2356750194976,-6.8825739364283,"CQ10A_HUMAN",7,1.6726623584789,0.134919074739595,0.221208496592112,0.871957898249999,"Non-significant",0.655198195847441,"COQ10A","CQ10A_HUMAN"
0.0597145549999993,10.402951835,2.10979670656683,0.0718592311089058,0.136235145977725,-6.19518724192704,"KBRS1_HUMAN",9,1.67242293766682,0.134967112038073,0.221244221580886,0.0597145549999993,"Non-significant",0.655128063311749,"NKIRAS1","KBRS1_HUMAN"
0.390864014750001,7.085700094625,1.6802363810651,0.135764538420592,0.222768015251542,-6.81106130606951,"TNR14_HUMAN",3,1.67198346731457,0.135055328613304,0.22132743754729,0.390864014750001,"Non-significant",0.654964744063009,"TNFRSF14","TNR14_HUMAN"
0.148188350750003,9.901437162375,1.70049375568957,0.131798177221888,0.217274953217934,-6.78319061268766,"ARRD1_HUMAN",8,1.67190844972011,0.1350703925428,0.22132743754729,0.148188350750003,"Non-significant",0.654964744063009,"ARRDC1","ARRD1_HUMAN"
0.0726723669999991,9.19624447825,1.7298975152552,0.126234964054105,0.210283500397638,-6.74248562047647,"EPN2_HUMAN",12,1.67114840126639,0.135223102458447,0.221465649230695,0.0726723669999991,"Non-significant",0.654693626129243,"EPN2","EPN2_HUMAN"
-0.0420496450000041,15.2581022975,-1.52532567151959,0.169983989415498,0.263769338509432,-7.01905680373755,"IMDH2_HUMAN",31,-1.67110205899817,0.135232418799728,0.221465649230695,-0.0420496450000041,"Non-significant",0.654693626129243,"IMPDH2","IMDH2_HUMAN"
0.6646335125,6.81547236425,1.625011823178,0.147153327290037,0.236393252473361,-6.88628860340449,"KPCE_HUMAN",11,1.67109637111183,0.135233562295692,0.221465649230695,0.6646335125,"Non-significant",0.654693626129243,"PRKCE","KPCE_HUMAN"
0.0407595649999983,12.1852238175,1.48645944962699,0.179732152785495,0.275566333521909,-7.06967187235372,"COG3_HUMAN",43,1.67093314737367,0.135266380723207,0.22147636424163,0.0407595649999983,"Non-significant",0.654672614484458,"COG3","COG3_HUMAN"
0.488870143499998,7.03075683125,1.62920674546408,0.146257867039206,0.235223728539108,-6.88061420567109,"SHC2_HUMAN",8,1.67022960854956,0.135407921893733,0.221665056057928,0.488870143499998,"Non-significant",0.654302764970072,"SHC2","SHC2_HUMAN"
0.0579919775000022,13.87878847125,1.59729396300839,0.153199270010993,0.243984245054398,-6.92361050182932,"GMPPA_HUMAN",23,1.66948365229806,0.13555814724483,0.221833915962916,0.0579919775000022,"Non-significant",0.653972054266682,"GMPPA","GMPPA_HUMAN"
0.131806135000001,13.55354464,1.63381831419765,0.145279323803463,0.234199031979178,-6.87436847214718,"PSB9_HUMAN",15,1.66938920016386,0.135577179659425,0.221833915962916,0.131806135000001,"Non-significant",0.653972054266682,"PSMB9","PSB9_HUMAN"
0.0806636799999971,10.2856321325,1.70620652350182,0.130699513103816,0.216012979598444,-6.77530507702792,"RPIA_HUMAN",12,1.66932545115375,0.135590026698416,0.221833915962916,0.0806636799999971,"Non-significant",0.653972054266682,"RPIA","RPIA_HUMAN"
0.401026726,7.0279278755,1.62271726500059,0.147645285819484,0.236957752127271,-6.88938955746542,"MRP4_HUMAN",15,1.66898239675907,0.135659180280529,0.221903984200385,0.401026726,"Non-significant",0.653834900108198,"ABCC4","MRP4_HUMAN"
0.0968117675000002,11.61032462125,1.81737647320679,0.110972905178668,0.191169143214999,-6.61974723169627,"SMAP1_HUMAN",8,1.66848791138731,0.135758917325205,0.222024042323273,0.0968117675000002,"Non-significant",0.65359999454498,"SMAP1","SMAP1_HUMAN"
0.19278562075,8.207375347625,1.70212090957257,0.131484363592759,0.216969792623995,-6.78094573567728,"ABCG2_HUMAN",6,1.66822176576388,0.135812626763995,0.222068793597229,0.19278562075,"Non-significant",0.653512466758756,"ABCG2","ABCG2_HUMAN"
-0.0503368374999944,17.21998643875,-1.52840027735156,0.16923376649221,0.262911554036556,-7.01502410366101,"AIFM1_HUMAN",42,-1.66788374964845,0.135880868484464,0.222137284805187,-0.0503368374999944,"Non-significant",0.653378540838528,"AIFM1","AIFM1_HUMAN"
-1.0125824215,8.08703082825,-1.62150011962816,0.14790686500369,0.237332374855531,-6.89103363218842,"PAUF_HUMAN",8,-1.66748970308446,0.135960462375596,0.222224304317219,-1.0125824215,"Non-significant",0.653208444703751,"ZG16B","PAUF_HUMAN"
-0.952083111000001,8.4622888565,-1.64330518631915,0.143285433268645,0.232081652002577,-6.86149451955467,"T22D1_HUMAN",1,-1.66729396695535,0.136000015437709,0.222245856945415,-0.952083111000001,"Non-significant",0.653166326297076,"TSC22D1","T22D1_HUMAN"
0.0695383550000024,9.64831221125,1.60586146622166,0.151306323866722,0.241591400619929,-6.91210658381917,"ZN148_HUMAN",22,1.66639484099029,0.136181842316021,0.22249985440623,0.0695383550000024,"Non-significant",0.652670268865484,"ZNF148","ZN148_HUMAN"
-0.118652109999998,10.3660272375,-1.63897181191823,0.144193006718989,0.233103731038428,-6.86737923465791,"ARHG6_HUMAN",14,-1.66606479455724,0.136248643044785,0.222565855082266,-0.118652109999998,"Non-significant",0.652541462134238,"ARHGEF6","ARHG6_HUMAN"
-0.106114152499998,12.98325622125,-1.66482930290242,0.138856021727997,0.226312698242079,-6.83216154186878,"TTHY_HUMAN",12,-1.66540172671493,0.136382938688156,0.222713176302104,-0.106114152499998,"Non-significant",0.652254088192652,"TTR","TTHY_HUMAN"
0.293866991749999,7.283152997625,1.64226730325236,0.143502318735176,0.232343650522243,-6.86290460434929,"GMIP_HUMAN",7,1.66535862061736,0.136391673516604,0.222713176302104,0.293866991749999,"Non-significant",0.652254088192652,"GMIP","GMIP_HUMAN"
0.206410171250001,9.924404502625,2.56708586645955,0.036406627395677,0.0802068641709779,-5.50599391173607,"ELOF1_HUMAN",1,1.66517647802858,0.136428587822608,0.22273030539546,0.206410171250001,"Non-significant",0.652220687453684,"ELOF1","ELOF1_HUMAN"
0.118969678999999,8.6535218955,1.78541859731388,0.116332114266804,0.198229642632287,-6.66485791803101,"ASB6_HUMAN",7,1.66471716320465,0.13652171704326,0.222839185313253,0.118969678999999,"Non-significant",0.65200843796437,"ASB6","ASB6_HUMAN"
0.0443024624999993,17.80163550375,1.53667198722122,0.167230404042583,0.260690082042009,-7.0041543728872,"PRDX6_HUMAN",29,1.66393823896724,0.136679784290606,0.223053998409587,0.0443024624999993,"Non-significant",0.651589987299495,"PRDX6","PRDX6_HUMAN"
0.168677807499996,11.57327175125,2.38645248622081,0.0475804031136861,0.0988794915792062,-5.78029966641357,"TMM19_HUMAN",2,1.66372061914596,0.136723976301938,0.223082926103181,0.168677807499996,"Non-significant",0.651533667649498,"TMEM19","TMM19_HUMAN"
0.107317447499998,10.27714896125,2.11198908458998,0.0716246632036303,0.135912716376272,-6.1919388328107,"F241A_HUMAN",5,1.66342774019454,0.136783472122693,0.223099435681974,0.107317447499998,"Non-significant",0.651501528239312,"FAM241A","F241A_HUMAN"
0.173289299999999,13.4083096975,1.66985150602847,0.137841118398452,0.225167206779177,-6.82529292587632,"TIM10_HUMAN",8,1.66341022513354,0.136787030917599,0.223099435681974,0.173289299999999,"Non-significant",0.651501528239312,"TIMM10","TIM10_HUMAN"
0.0628652549999984,10.694996595,1.6682407629948,0.138165862718028,0.22547919784129,-6.827496851458,"DJB14_HUMAN",15,1.66159552656071,0.137156216584467,0.223658299398428,0.0628652549999984,"Non-significant",0.650414981613548,"DNAJB14","DJB14_HUMAN"
0.0384409424999994,13.99746286875,1.44460709392605,0.190792340116699,0.288257507589829,-7.123397881787,"IDE_HUMAN",59,1.66094198969562,0.137289399836517,0.223809123284088,0.0384409424999994,"Non-significant",0.650122214004369,"IDE","IDE_HUMAN"
0.161756515250001,8.241831064375,1.64765950258074,0.142378846572305,0.230818705639796,-6.85557428999737,"NB5R2_HUMAN",10,1.66075633352137,0.137327256314092,0.223809123284088,0.161756515250001,"Non-significant",0.650122214004369,"CYB5R2","NB5R2_HUMAN"
-0.0914194584999954,8.8600918055,-2.1033312475769,0.0725554445112974,0.137246373829831,-6.20476240457567,"U119A_HUMAN",6,-1.66075089872922,0.137328364648868,0.223809123284088,-0.0914194584999954,"Non-significant",0.650122214004369,"UNC119","U119A_HUMAN"
-0.0505123174999937,16.48093891125,-1.57497905108119,0.158232922133446,0.250186700555771,-6.95343541496242,"AACT_HUMAN",24,-1.66058725475197,0.137361740985907,0.223820242561417,-0.0505123174999937,"Non-significant",0.650100637936504,"SERPINA3","AACT_HUMAN"
-0.0350718474999994,15.62185859625,-1.50548328635144,0.174899005365328,0.269609311672339,-7.04498207709283,"ARP3_HUMAN",27,-1.65901624361713,0.13768254314839,0.224299604986042,-0.0350718474999994,"Non-significant",0.649171491252224,"ACTR3","ARP3_HUMAN"
0.135188341499999,8.01102626325,1.87232542108952,0.102308101613715,0.178911823340664,-6.54150550433389,"CUED2_HUMAN",5,1.65830501580578,0.137828005214186,0.224493189555628,0.135188341499999,"Non-significant",0.648796829641833,"CUEDC2","CUED2_HUMAN"
-0.056782722500003,12.27147626875,-1.70426683845903,0.131071575958541,0.216373347778014,-6.77798374785503,"CASP3_HUMAN",14,-1.65791308616454,0.137908224576474,0.224554648426068,-0.056782722500003,"Non-significant",0.648677950332303,"CASP3","CASP3_HUMAN"
0.536032796000002,8.10558432325,1.61133333212297,0.150108711709347,0.240316492117395,-6.90474414459944,"CDAN1_HUMAN",15,1.65786036157207,0.137919019444982,0.224554648426068,0.536032796000002,"Non-significant",0.648677950332303,"CDAN1","CDAN1_HUMAN"
0.115873813499999,9.4124178885,1.6116786379933,0.150033431335258,0.240241601961416,-6.9042791391568,"CCM2_HUMAN",19,1.65766606909616,0.137958805786747,0.224571042077754,0.115873813499999,"Non-significant",0.648646245744393,"CCM2","CCM2_HUMAN"
-0.0633440000000007,13.7423710825,-1.71262190979839,0.129476025990746,0.214327066589945,-6.76643640579765,"VATE1_HUMAN",13,-1.65755100273503,0.137982373581764,0.224571042077754,-0.0633440000000007,"Non-significant",0.648646245744393,"ATP6V1E1","VATE1_HUMAN"
0.107758999999998,18.301470995,1.68987610521107,0.133863292495741,0.219990971426516,-6.79781658964226,"RS27A_HUMAN",10,1.65728066259506,0.13803775912262,0.224617813058796,0.107758999999998,"Non-significant",0.648555805481592,"RPS27A","RS27A_HUMAN"
0.0732588774999989,12.70263195125,1.61809515960246,0.148640921960529,0.238374111720948,-6.89562988825777,"FSP1_HUMAN",18,1.65558064072476,0.138386521617729,0.225141862712958,0.0732588774999989,"Non-significant",0.647543745093336,"AIFM2","FSP1_HUMAN"
0.0382781025000032,11.56144785625,1.49006459430864,0.17880704825463,0.274529072812072,-7.06500565427125,"REPS1_HUMAN",32,1.65490623350018,0.138525103793208,0.22530096891077,0.0382781025000032,"Non-significant",0.647236940581114,"REPS1","REPS1_HUMAN"
0.169162034749998,9.359003663125,1.98211473927466,0.0869165477468135,0.157756154383697,-6.38288029168315,"CD11A_HUMAN",3,1.65484459111476,0.138537776944421,0.22530096891077,0.169162034749998,"Non-significant",0.647236940581114,"CDK11A","CD11A_HUMAN"
0.0409917849999992,16.2801098825,1.50349315199798,0.175399032670385,0.270231849091331,-7.04757262254434,"CMBL_HUMAN",32,1.65464251494567,0.138579329631237,0.225325071269618,0.0409917849999992,"Non-significant",0.647190482895471,"CMBL","CMBL_HUMAN"
-0.0313057924999995,14.53555011875,-1.4604672816025,0.186530919037724,0.283342785469269,-7.10313556599653,"CK5P3_HUMAN",29,-1.65439444799349,0.138630355154813,0.225328963581122,-0.0313057924999995,"Non-significant",0.647182980868296,"CDK5RAP3","CK5P3_HUMAN"
0.0821738249999981,10.8845279225,1.751598348241,0.122272537688048,0.205469541501706,-6.71226058584756,"CFA20_HUMAN",10,1.65437095374398,0.138635188650101,0.225328963581122,0.0821738249999981,"Non-significant",0.647182980868296,"CFAP20","CFA20_HUMAN"
-0.0267300624999969,17.24412560375,-1.34235092942538,0.220410444689282,0.322485616782843,-7.25101230882931,"CNDP2_HUMAN",42,-1.65347759513525,0.138819096209542,0.225584376701413,-0.0267300624999969,"Non-significant",0.646690981582837,"CNDP2","CNDP2_HUMAN"
-0.063546419999998,13.03314197,-2.60571702570481,0.0343904077705588,0.0768292465141903,-5.44717603883756,"VAMP8_HUMAN",7,-1.65297177041156,0.138923326004274,0.225710238028147,-0.063546419999998,"Non-significant",0.646448741239971,"VAMP8","VAMP8_HUMAN"
0.398239731500002,7.55606609575,1.6069558117702,0.15106610094156,0.241436512103983,-6.91063507395584,"VIP1_HUMAN",15,1.6527788202166,0.138963104267291,0.225731355920022,0.398239731500002,"Non-significant",0.646408109698526,"PPIP5K1","VIP1_HUMAN"
-0.0417273045000019,9.29108750825,-1.46946159895279,0.184152476947191,0.280640250983163,-7.09159158680276,"SOS1_HUMAN",49,-1.65206377705662,0.139110608372923,0.225927421575215,-0.0417273045000019,"Non-significant",0.646031054090476,"SOS1","SOS1_HUMAN"
0.384891990000002,11.93721342,1.60796096385072,0.150845768743702,0.241221586936191,-6.90928308286002,"S10A8_HUMAN",11,1.65059820385833,0.139413390813377,0.226375548288567,0.384891990000002,"Non-significant",0.645170484801968,"S100A8","S10A8_HUMAN"
-0.0259745124999995,11.73740732625,-1.39349595744526,0.205123713854754,0.304936117121997,-7.1878554681463,"BI2L1_HUMAN",30,-1.64979891547974,0.139578778376903,0.226597079753992,-0.0259745124999995,"Non-significant",0.644745691360967,"BAIAP2L1","BI2L1_HUMAN"
0.0371310725000029,12.69890892625,1.51631183795795,0.172200935621976,0.266522527792442,-7.03085556107808,"EGLN1_HUMAN",26,1.64967909538016,0.139603587040275,0.226597079753992,0.0371310725000029,"Non-significant",0.644745691360967,"EGLN1","EGLN1_HUMAN"
-0.112283706749999,9.157209157875,-1.67275398397666,0.137257751785844,0.224520765892294,-6.82131920476107,"UPP_HUMAN",10,-1.64791751374462,0.139968793153031,0.227146121965132,-0.112283706749999,"Non-significant",0.643694673436724,"UPRT","UPP_HUMAN"
-0.0511088372499984,9.602247476625,-1.6824084322854,0.13533394171448,0.222104710808284,-6.80807982907877,"BT2A1_HUMAN",15,-1.64768451282285,0.140017164471312,0.227180881487716,-0.0511088372499984,"Non-significant",0.643628219676473,"BTN2A1","BT2A1_HUMAN"
0.022330522499999,12.40140140125,1.39108571882914,0.205822548853607,0.305490097602932,-7.19086256182789,"YES_HUMAN",26,1.64687942031094,0.140184422026916,0.227379870941597,0.022330522499999,"Non-significant",0.643247984353315,"YES1","YES_HUMAN"
0.620098114250002,8.187489748125,1.60974330013171,0.150455808178137,0.240780711436019,-6.90688475594791,"SPP2B_HUMAN",5,1.64683450615438,0.140193758367953,0.227379870941597,0.620098114250002,"Non-significant",0.643247984353315,"SPPL2B","SPP2B_HUMAN"
0.0494773399999993,10.644082905,1.57458121126003,0.158324033246927,0.250283810247253,-6.95396530895636,"RXRA_HUMAN",22,1.64606610733996,0.140353575269171,0.227595283944564,0.0494773399999993,"Non-significant",0.642836741301889,"RXRA","RXRA_HUMAN"
0.0557043550000014,11.4100338225,1.66635326462599,0.138547316738064,0.225970459130251,-6.83007825983089,"NDUF5_HUMAN",15,1.64559247070527,0.140452169530909,0.227711355448361,0.0557043550000014,"Non-significant",0.642615311564934,"NDUFAF5","NDUF5_HUMAN"
0.580407977,7.299036801,1.63536543638104,0.144952403832455,0.233960287056191,-6.87227130010055,"CNBP1_HUMAN",2,1.64526181586422,0.140521038093538,0.227770691186954,0.580407977,"Non-significant",0.642502160303816,"CTNNBIP1","CNBP1_HUMAN"
0.108513354999999,10.3292608275,2.40773736513546,0.046098859285975,0.0964978229093855,-5.74806752535113,"SOSB2_HUMAN",4,1.6451136981855,0.14055189808145,0.227770691186954,0.108513354999999,"Non-significant",0.642502160303816,"NABP1","SOSB2_HUMAN"
0.0830697975000021,17.10243797375,1.57802143365775,0.157537768443133,0.249505793438474,-6.94938103398123,"RDH16_HUMAN",27,1.64496541008837,0.140582799861788,0.227770691186954,0.0830697975000021,"Non-significant",0.642502160303816,"RDH16","RDH16_HUMAN"
0.0469152949999998,11.129241585,1.52116944650471,0.171002957240046,0.265008995509533,-7.02450158704356,"VP33A_HUMAN",31,1.64472775905468,0.140632337118773,0.227770691186954,0.0469152949999998,"Non-significant",0.642502160303816,"VPS33A","VP33A_HUMAN"
0.0622613425000011,12.96193683125,1.70142605466575,0.131618287346479,0.217105781613203,-6.78190449267029,"FA98A_HUMAN",13,1.64465882518862,0.140646709087428,0.227770691186954,0.0622613425000011,"Non-significant",0.642502160303816,"FAM98A","FA98A_HUMAN"
0.77480280425,7.909782111625,1.59885303598326,0.152853176691856,0.243691966396001,-6.92151924173414,"TRI65_HUMAN",11,1.64463871851897,0.140650901367671,0.227770691186954,0.77480280425,"Non-significant",0.642502160303816,"TRIM65","TRI65_HUMAN"
0.452149391250001,6.485557794625,1.62276732537519,0.147634536458204,0.236957752127271,-6.88932192555569,"ESIP1_HUMAN",4,1.64328512709073,0.140933394043995,0.228184321628281,0.452149391250001,"Non-significant",0.641714198937256,"EPSTI1","ESIP1_HUMAN"
0.0298476225000002,17.66602540125,1.45712392408863,0.1874220548095,0.284361222635569,-7.1074169114416,"ACDSB_HUMAN",27,1.64130538350776,0.141347509698682,0.228810862156749,0.0298476225000002,"Non-significant",0.640523362471829,"ACADSB","ACDSB_HUMAN"
1.51431822725,10.584448456375,1.59419714815581,0.153888873265125,0.244793778926736,-6.92776153434461,"CABIN_HUMAN",41,1.64105185540573,0.141400623057083,0.228852890120614,1.51431822725,"Non-significant",0.640443598615712,"CABIN1","CABIN_HUMAN"
0.0506851650000009,11.4478832475,1.50282448007762,0.17556732971012,0.270392293463658,-7.04844262855918,"SLTM_HUMAN",45,1.63942128326578,0.141742664439361,0.229362433971851,0.0506851650000009,"Non-significant",0.639477711346297,"SLTM","SLTM_HUMAN"
0.6798621415,6.5971949695,1.59741522873409,0.153172324651859,0.243984245054398,-6.92344787695679,"IDS_HUMAN",6,1.63829255721823,0.14197988281484,0.229702194289114,0.6798621415,"Non-significant",0.638834856075752,"IDS","IDS_HUMAN"
0.0837514400000003,10.3891757725,1.72499228801042,0.127147340801017,0.211384011970301,-6.74929631150432,"DX39A_HUMAN",10,1.63785042634102,0.142072903159681,0.229808578148715,0.0837514400000003,"Non-significant",0.638633764276452,"DDX39A","DX39A_HUMAN"
-0.31107568725,8.418845891875,-1.72974484936582,0.126263266338101,0.210289087524966,-6.74269771023682,"MT3_HUMAN",2,-1.63748025297533,0.14215082763616,0.229890507702454,-0.31107568725,"Non-significant",0.638478960603504,"MT3","MT3_HUMAN"
0.0541200675000013,10.69836354125,1.59436425149111,0.153851589272598,0.244793778926736,-6.92753764351817,"FA98C_HUMAN",19,1.63549052991077,0.142570357879013,0.230524754759679,0.0541200675000013,"Non-significant",0.637282431323046,"FAM98C","FA98C_HUMAN"
0.0560464849999995,12.672732355,1.55388805515312,0.163130177822553,0.256234892160891,-6.9814366390997,"ATX10_HUMAN",25,1.63498487037202,0.142677157714834,0.23065319569972,0.0560464849999995,"Non-significant",0.637040523864561,"ATXN10","ATX10_HUMAN"
-0.0550568125000002,13.87068903375,-1.51815452613813,0.171745596586096,0.265866599380019,-7.02844646797913,"FERM2_HUMAN",39,-1.63479507104516,0.14271726412068,0.230673790848171,-0.0550568125000002,"Non-significant",0.637001747206818,"FERMT2","FERM2_HUMAN"
-0.271432640000004,10.898332,-1.66289769334364,0.13924822899032,0.226675033248244,-6.83480087435585,"A7L3B_HUMAN",4,-1.6343972157319,0.142801368553379,0.230765478438733,-0.271432640000004,"Non-significant",0.636829159315781,"ATXN7L3B","A7L3B_HUMAN"
0.667810559250001,6.993689119875,1.58579587463908,0.155774163254814,0.247319725386104,-6.93900339270109,"DPP8_HUMAN",13,1.63147256851652,0.143421030115128,0.231722419559213,0.667810559250001,"Non-significant",0.635031945408054,"DPP8","DPP8_HUMAN"
0.279031040000001,13.01954043,1.63308386251764,0.145434760021748,0.234391891438492,-6.87536372666268,"APOC3_HUMAN",5,1.63069356393422,0.143586500648528,0.23194530739104,0.279031040000001,"Non-significant",0.634614409499146,"APOC3","APOC3_HUMAN"
-0.927244067,8.21073681125,-1.58922953601534,0.155001067204765,0.246231435256119,-6.93441219755285,"PLS3_HUMAN",4,-1.62967102987882,0.143803967564259,0.232252087104644,-0.927244067,"Non-significant",0.634040374583158,"PLSCR3","PLS3_HUMAN"
-0.0907568950000037,12.1092538825,-1.69230851298791,0.133387520248931,0.219422991447744,-6.79446937208283,"PHOCN_HUMAN",10,-1.62887402505421,0.143973681029002,0.232481639347406,-0.0907568950000037,"Non-significant",0.633611340601877,"MOB4","PHOCN_HUMAN"
0.134118080249996,8.975113153375,1.629421598054,0.146212140805946,0.235223728539108,-6.88032339727943,"SIR6_HUMAN",10,1.62829350451271,0.144097412910155,0.232607088781397,0.134118080249996,"Non-significant",0.633377054131505,"SIRT6","SIR6_HUMAN"
-0.0431132324999979,12.17449665125,-1.74549965420835,0.12337402765537,0.206702381058858,-6.72077027309829,"SHLB1_HUMAN",14,-1.62825059380735,0.144106562773337,0.232607088781397,-0.0431132324999979,"Non-significant",0.633377054131505,"SH3GLB1","SHLB1_HUMAN"
0.169936895500003,9.85148370275,2.25687931568907,0.0577052163615184,0.115232709952911,-5.97570522899952,"SCOC_HUMAN",2,1.62657574997041,0.144464109492658,0.233139570919704,0.169936895500003,"Non-significant",0.632384007159209,"SCOC","SCOC_HUMAN"
-0.0340433099999977,17.9099779125,-1.47392502268728,0.182982352691141,0.279362117521033,-7.08584876510683,"ARGI1_HUMAN",27,-1.62629800383275,0.144523481998957,0.23319074076746,-0.0340433099999977,"Non-significant",0.632288697967194,"ARG1","ARGI1_HUMAN"
-0.0480024824999994,14.59703814875,-1.52340457596968,0.170454287768763,0.264304487049835,-7.02157444117307,"PRP19_HUMAN",27,-1.62576014050663,0.144638522581763,0.233331695089317,-0.0480024824999994,"Non-significant",0.632026263917551,"PRPF19","PRP19_HUMAN"
-0.0670876502499969,9.645535707375,-1.57608219170872,0.157980539553445,0.24992337605003,-6.9519657712203,"IRF6_HUMAN",20,-1.62526481310824,0.144744540123165,0.233455136159817,-0.0670876502499969,"Non-significant",0.631796566876336,"IRF6","IRF6_HUMAN"
0.0944280622500013,9.016229867875,1.84978863491008,0.105779962358395,0.183725386919206,-6.57369559605435,"DHB14_HUMAN",7,1.6251438797747,0.144770435010958,0.233455136159817,0.0944280622500013,"Non-significant",0.631796566876336,"HSD17B14","DHB14_HUMAN"
-0.145191669999999,14.8792457575,-2.86722719557672,0.0234637923679277,0.0576607305741291,-5.04904294195825,"DYL2_HUMAN",2,-1.62491243072726,0.144820006028518,0.233490403751795,-0.145191669999999,"Non-significant",0.631730963848549,"DYNLL2","DYL2_HUMAN"
0.0734541400000008,10.6827136275,1.64765096735526,0.142380618390018,0.230818705639796,-6.85558590159772,"OGFD3_HUMAN",13,1.62427429738411,0.144956760505932,0.233666195124211,0.0734541400000008,"Non-significant",0.631404113165955,"OGFOD3","OGFD3_HUMAN"
0.113625052500002,12.37240481375,1.59806560274227,0.15302788576545,0.243881598548154,-6.9225755850359,"PSMF1_HUMAN",14,1.62374670743323,0.145069915049789,0.233803884121352,0.113625052500002,"Non-significant",0.631148278296255,"PSMF1","PSMF1_HUMAN"
-0.0614023199999991,18.60175085,-1.53719867056626,0.167103581301359,0.260643243299252,-7.00346126255287,"PRDX1_HUMAN",29,-1.62355179608267,0.145111739152646,0.23382658178506,-0.0614023199999991,"Non-significant",0.631106119066577,"PRDX1","PRDX1_HUMAN"
-0.0489439974999968,16.13814902375,-1.58327016184582,0.156345104209454,0.24796501221734,-6.94237751254607,"APT_HUMAN",19,-1.62296789864127,0.145237098511852,0.233983850029893,-0.0489439974999968,"Non-significant",0.63081411731186,"APRT","APT_HUMAN"
0.563632845749998,7.782769024375,1.57566682453713,0.158075525958208,0.249984729512521,-6.95251919696067,"TUT4_HUMAN",22,1.62206211698984,0.14543176217211,0.234185580624248,0.563632845749998,"Non-significant",0.630439849007928,"TUT4","TUT4_HUMAN"
0.12510705,8.391870141,1.77253607766603,0.118561703720507,0.200835329714661,-6.68295595453603,"GMEB2_HUMAN",6,1.62203212420469,0.145438212105309,0.234185580624248,0.12510705,"Non-significant",0.630439849007928,"GMEB2","GMEB2_HUMAN"
0.0483140950000021,14.39401388,1.58248797778644,0.156522309391373,0.248180313367171,-6.94342191346007,"TM9S3_HUMAN",19,1.62199746672069,0.145445665508119,0.234185580624248,0.0483140950000021,"Non-significant",0.630439849007928,"TM9SF3","TM9S3_HUMAN"
0.0613951680000007,9.91526556,1.76787932114858,0.119377637202553,0.201933394336809,-6.68948545426387,"GMPR1_HUMAN",11,1.62100573413056,0.145659095786481,0.234484438194089,0.0613951680000007,"Non-significant",0.629885974401754,"GMPR","GMPR1_HUMAN"
0.0349335674999978,11.69660472875,1.46695141657138,0.184813502083883,0.281468614544003,-7.09481718211421,"CSTF3_HUMAN",28,1.62081914510241,0.145699283778102,0.2345043465659,0.0349335674999978,"Non-significant",0.629849103174522,"CSTF3","CSTF3_HUMAN"
-0.251244784500003,10.08373248525,-1.7959511545703,0.114539049207655,0.195752158510001,-6.6500238783632,"UBE2B_HUMAN",2,-1.6205870903053,0.14574927855723,0.234540028438124,-0.251244784500003,"Non-significant",0.62978302652563,"UBE2B","UBE2B_HUMAN"
0.942068457249999,6.883199751375,1.57406442643154,0.158442456682546,0.250424051636448,-6.95465353203114,"TASO2_HUMAN",15,1.62000338096749,0.145875105071083,0.234697701974453,0.942068457249999,"Non-significant",0.629491162743548,"TASOR2","TASO2_HUMAN"
-0.0802044849999977,10.550347805,-1.59417964500607,0.153892779040547,0.244793778926736,-6.92778498502328,"PK1IP_HUMAN",16,-1.61933391810296,0.146019540194341,0.234885248911851,-0.0802044849999977,"Non-significant",0.629144256604017,"PAK1IP1","PK1IP_HUMAN"
0.0771400925000023,10.55716407125,1.57076914723319,0.159199505028933,0.251196673135319,-6.95903940195444,"ANM3_HUMAN",20,1.61904915097323,0.146081018016134,0.234928649202367,0.0771400925000023,"Non-significant",0.629064018421139,"PRMT3","ANM3_HUMAN"
-0.0323379024999983,14.92916142875,-1.56067993618683,0.161538122633181,0.25407815556542,-6.97243972786324,"STRAP_HUMAN",20,-1.61895076688562,0.146102263509172,0.234928649202367,-0.0323379024999983,"Non-significant",0.629064018421139,"STRAP","STRAP_HUMAN"
-0.813268899750001,6.994903802875,-1.57976732463756,0.157140122673091,0.249015574033483,-6.94705269065393,"AMN1_HUMAN",4,-1.61823843120341,0.146256173375559,0.235131277013653,-0.813268899750001,"Non-significant",0.628689597455367,"AMN1","AMN1_HUMAN"
0.0494871125000067,16.39464139875,1.7357304999882,0.125158094888244,0.208778464637445,-6.73437645731,"RS19_HUMAN",13,1.61714071562424,0.146493642354096,0.235468137185864,0.0494871125000067,"Non-significant",0.628067851934498,"RPS19","RS19_HUMAN"
-0.0843589307499979,8.905122399375,-1.69700109691802,0.132474158436756,0.218261274719198,-6.78800612060101,"SG196_HUMAN",10,-1.61683760632639,0.146559276591495,0.235528721141985,-0.0843589307499979,"Non-significant",0.627956126017371,"POMK","SG196_HUMAN"
-0.0984082224999963,10.28036999625,-1.607065643357,0.151042011030879,0.241436512103983,-6.91048736307713,"P20D2_HUMAN",13,-1.61600175666068,0.146740408951629,0.235774858378437,-0.0984082224999963,"Non-significant",0.627502507339536,"PM20D2","P20D2_HUMAN"
0.0441629875000018,11.96561944625,1.64166233004097,0.143628880726129,0.232459261835742,-6.86372634465316,"SMAP2_HUMAN",16,1.61564914528008,0.146816883236739,0.235852774690771,0.0441629875000018,"Non-significant",0.627359010129313,"SMAP2","SMAP2_HUMAN"
-0.192900419250001,7.734939932875,-1.67348107856745,0.137111976852631,0.224367472896685,-6.82032328108635,"BRM1L_HUMAN",5,-1.61503665355172,0.146949807578842,0.236021327759539,-0.192900419250001,"Non-significant",0.62704875080206,"BRMS1L","BRM1L_HUMAN"
0.173355102750001,8.389542818125,1.60468000356947,0.151566067605847,0.241822900596193,-6.91369470590379,"SHKB1_HUMAN",9,1.6141612596439,0.147139979942535,0.236281747177677,0.173355102750001,"Non-significant",0.626569826425995,"SHKBP1","SHKB1_HUMAN"
0.514082906000001,10.084213495,1.61194241392725,0.14997594896512,0.240240835010832,-6.90392389443873,"NDUC1_HUMAN",2,1.61312244032775,0.14736594917012,0.236599540105704,0.514082906000001,"Non-significant",0.6259861038744,"NDUFC1","NDUC1_HUMAN"
0.713832139750001,7.426288604625,1.57141787747703,0.15905020467692,0.251102111860228,-6.95817632474696,"SPIN1_HUMAN",6,1.61234352328544,0.147535592669525,0.236826796917049,0.713832139750001,"Non-significant",0.625569158812392,"SPIN1","SPIN1_HUMAN"
-0.171926021499999,7.81827604775,-1.59364740391374,0.154011590839758,0.244936547016664,-6.92849802181442,"FGFR4_HUMAN",10,-1.61201917649695,0.147606286466246,0.23689516158111,-0.171926021499999,"Non-significant",0.625443809349348,"FGFR4","FGFR4_HUMAN"
-0.0566287025000012,10.88399624875,-1.62690352780862,0.146748888779802,0.235878410283171,-6.88373056138548,"TIP_HUMAN",15,-1.61161879731401,0.147693595084682,0.236990160473783,-0.0566287025000012,"Non-significant",0.6252696849631,"ITFG1","TIP_HUMAN"
-0.083688497499999,12.55580198875,-1.81331952531321,0.111639891296715,0.192071447161645,-6.62549046934459,"SF3B4_HUMAN",8,-1.6109416694031,0.147841361031192,0.237182114985139,-0.083688497499999,"Non-significant",0.624918062593228,"SF3B4","SF3B4_HUMAN"
-0.0990610122500009,9.466672182125,-1.6296399773652,0.146165677634413,0.235210098659883,-6.88002779733987,"TMED8_HUMAN",11,-1.61043483980063,0.147952052711129,0.23731452945806,-0.0990610122500009,"Non-significant",0.624675671515947,"TMED8","TMED8_HUMAN"
-0.682210564249996,7.942858636375,-1.56974740314326,0.159434913387174,0.251521034052123,-6.96039838805757,"CSPG4_HUMAN",6,-1.61015565473397,0.148013059348971,0.237367214089132,-0.682210564249996,"Non-significant",0.624579267367437,"CSPG4","CSPG4_HUMAN"
0.0480630374999969,13.90051209875,1.68614522309383,0.134596146507692,0.221027035292421,-6.80294660174785,"LHPP_HUMAN",14,1.60911446116347,0.148240781832427,0.237687188523023,0.0480630374999969,"Non-significant",0.62399422636481,"LHPP","LHPP_HUMAN"
-0.12874627375,10.126332643125,-1.98393606624363,0.0866813211637612,0.157396996141608,-6.38022547975402,"COA5_HUMAN",4,-1.60825964472474,0.148427982098027,0.237942080849043,-0.12874627375,"Non-significant",0.623528744745423,"COA5","COA5_HUMAN"
0.121283768999998,7.9393372535,1.66452250626467,0.13891824661342,0.226312698242079,-6.83258083633936,"NAA80_HUMAN",8,1.6065276685407,0.14880794238244,0.238505827408555,0.121283768999998,"Non-significant",0.622501005385036,"NAA80","NAA80_HUMAN"
0.100466489749998,9.038618445375,2.53889838996565,0.0379545414778727,0.0829163633477873,-5.5488886679321,"TTC9A_HUMAN",4,1.60635054957091,0.148846849040848,0.238522830905952,0.100466489749998,"Non-significant",0.62247004487578,"TTC9","TTC9A_HUMAN"
0.0695404999999987,16.406375645,1.69928183413328,0.132032367566958,0.217618464259266,-6.78486202840452,"RL12_HUMAN",11,1.60517392533044,0.149105548518639,0.238856156185811,0.0695404999999987,"Non-significant",0.621863560899058,"RPL12","RL12_HUMAN"
1.01557409775,8.568297326625,1.56642889276637,0.160201705488969,0.252352864056535,-6.96480924189304,"INAR2_HUMAN",3,1.60514673835916,0.149111530887381,0.238856156185811,1.01557409775,"Non-significant",0.621863560899058,"IFNAR2","INAR2_HUMAN"
-0.0491266225000029,13.28837418625,-1.59510498018531,0.153686418937988,0.244650203064835,-6.92654505510103,"GNS_HUMAN",17,-1.60471193220013,0.149207237979536,0.238964052618186,-0.0491266225000029,"Non-significant",0.621667425092617,"GNS","GNS_HUMAN"
0.766034603249998,7.849744677375,1.56261770458612,0.16108652314023,0.253509765412435,-6.96986930296898,"RXLT1_HUMAN",6,1.60403561948195,0.149356216354733,0.239157208900844,0.766034603249998,"Non-significant",0.62131652368321,"RXYLT1","RXLT1_HUMAN"
0.501563906750001,7.089858829875,1.56445107403902,0.160660322760689,0.252952335533362,-6.9674359189541,"TBC16_HUMAN",7,1.60277264124786,0.149634791640482,0.239557769940669,0.501563906750001,"Non-significant",0.620589738445442,"TBC1D16","TBC16_HUMAN"
0.527617216500001,8.589091897,1.55669533376325,0.162470397066258,0.255449165616767,-6.97772030992049,"ATD2B_HUMAN",23,1.60262045438037,0.149668391729939,0.239561810139537,0.527617216500001,"Non-significant",0.620582414027292,"ATAD2B","ATD2B_HUMAN"
0.127702475,10.16738522,1.98239783848532,0.0868799440899048,0.157723680537111,-6.38246768574833,"SELK_HUMAN",4,1.60250377298601,0.149694157551897,0.239561810139537,0.127702475,"Non-significant",0.620582414027292,"SELENOK","SELK_HUMAN"
0.758633375250001,8.194164156875,1.55604221420848,0.162623677468061,0.255617888806529,-6.97858521844935,"HPS3_HUMAN",33,1.60199698668437,0.14980611442401,0.239695470478355,0.758633375250001,"Non-significant",0.620340172744996,"HPS3","HPS3_HUMAN"
-0.0558438300000041,16.9597737775,-1.55219183301637,0.163530023340494,0.256684276859781,-6.98368051867148,"RLA0_HUMAN",20,-1.60180134334593,0.149849355616081,0.239719153252599,-0.0558438300000041,"Non-significant",0.62029726500848,"RPLP0","RLA0_HUMAN"
0.0486495500000004,11.2135905025,1.47581551628478,0.182488769182172,0.278709519013685,-7.08341357141642,"PK3C3_HUMAN",37,1.601278955516,0.149964870229063,0.239858423370166,0.0486495500000004,"Non-significant",0.620045025336727,"PIK3C3","PK3C3_HUMAN"
0.1278188215,10.09218609425,1.60512148788616,0.151468959260825,0.24171371783595,-6.91310132709541,"NAR4_HUMAN",10,1.60086676253037,0.150056075393883,0.239922866435968,0.1278188215,"Non-significant",0.619928358561104,"ART4","NAR4_HUMAN"
-0.0890653149999974,11.61532414,-1.76367138017706,0.120119530687911,0.202936354926413,-6.69537984492055,"CETN2_HUMAN",8,-1.60083959073502,0.150062089435333,0.239922866435968,-0.0890653149999974,"Non-significant",0.619928358561104,"CETN2","CETN2_HUMAN"
-0.243722081,6.70119375,-1.5522837053377,0.163508343533278,0.256684276859781,-6.98355901479086,"UGGG2_HUMAN",25,-1.59961792727401,0.150332713888084,0.240309964984384,-0.243722081,"Non-significant",0.619228219841129,"UGGT2","UGGG2_HUMAN"
0.160668372500004,13.47230744375,1.70656265418974,0.130631309854306,0.215984956995281,-6.77481312705656,"HMGN3_HUMAN",5,1.59940687976973,0.150379510774905,0.240339191566491,0.160668372500004,"Non-significant",0.619175404005809,"HMGN3","HMGN3_HUMAN"
0.18055438975,7.330650329625,1.59724486798236,0.153210180219828,0.243984245054398,-6.92367633964288,"PRI2_HUMAN",8,1.59907726437052,0.150452625223467,0.240410460285992,0.18055438975,"Non-significant",0.619046640056761,"PRIM2","PRI2_HUMAN"
0.569944619999998,8.11232697975,1.56785822877153,0.159871020617456,0.252067495844471,-6.96290997547504,"FA53C_HUMAN",4,1.59831473256315,0.150621893190313,0.240635317987329,0.569944619999998,"Non-significant",0.618640631022164,"FAM53C","FA53C_HUMAN"
-0.0366442224999979,13.81384241625,-1.47135108275267,0.183656311643462,0.280238785453067,-7.08916163944338,"ILK_HUMAN",26,-1.59765588577844,0.150768285761122,0.240818446104769,-0.0366442224999979,"Non-significant",0.618310250243562,"ILK","ILK_HUMAN"
0.067727804999997,14.95775926,2.21711371024419,0.0612302011933025,0.120982036066185,-6.03532925722965,"GFRP_HUMAN",7,1.59754174836912,0.150793659810294,0.240818446104769,0.067727804999997,"Non-significant",0.618310250243562,"GCHFR","GFRP_HUMAN"
0.039257049999998,10.60611391,1.60835564332509,0.150759335388902,0.241129115368702,-6.90875210625519,"TPST1_HUMAN",17,1.5970158384811,0.150910626228445,0.240952239171278,0.039257049999998,"Non-significant",0.61806903344158,"TPST1","TPST1_HUMAN"
0.0605046775000027,11.74995052875,1.60313826689883,0.151905638835476,0.242272966839021,-6.91576627986593,"NCEH1_HUMAN",15,1.59690805034022,0.150934609422749,0.240952239171278,0.0605046775000027,"Non-significant",0.61806903344158,"NCEH1","NCEH1_HUMAN"
-0.049087762500001,10.54155909875,-1.48651727259949,0.179717280902478,0.275566333521909,-7.06959707790528,"LCAP_HUMAN",31,-1.59675483053901,0.150968707322148,0.24096103654959,-0.049087762500001,"Non-significant",0.618053177257286,"LNPEP","LCAP_HUMAN"
0.0487694749999985,11.4800086025,1.52691099216796,0.169596783129414,0.263262761337652,-7.01697798897425,"ARRB1_HUMAN",22,1.59542488827862,0.151264972946749,0.241388197078407,0.0487694749999985,"Non-significant",0.617283968990265,"ARRB1","ARRB1_HUMAN"
0.0935430527500003,8.225690841625,1.80966011444192,0.112244817363919,0.192926501949526,-6.63066684896141,"GPN2_HUMAN",7,1.59525097544637,0.151303754191016,0.241404380858618,0.0935430527500003,"Non-significant",0.61725485285731,"GPN2","GPN2_HUMAN"
0.0941870199999961,13.3221484425,1.54109051769991,0.16616916752444,0.259570035779004,-6.99833592424172,"KCC2B_HUMAN",23,1.59478461091305,0.151407794982498,0.241507852186597,0.0941870199999961,"Non-significant",0.61706874439126,"CAMK2B","KCC2B_HUMAN"
0.0771374705000003,9.3920965195,1.52343057003869,0.17044791631619,0.264304487049835,-7.02154038618758,"TPPC9_HUMAN",30,1.59470343829019,0.151425910405287,0.241507852186597,0.0771374705000003,"Non-significant",0.61706874439126,"TRAPPC9","TPPC9_HUMAN"
-0.0872981550000027,8.56600344175,-1.54170804705372,0.166021342032105,0.259435278455434,-6.99752207516528,"RN5A_HUMAN",22,-1.59442653861531,0.151487721505347,0.241551474909531,-0.0872981550000027,"Non-significant",0.616990306374045,"RNASEL","RN5A_HUMAN"
0.0758750399999961,11.94268787,1.61023622313712,0.150348125856725,0.240654073840929,-6.90622125466911,"SRS10_HUMAN",13,1.59432418046318,0.151510576325388,0.241551474909531,0.0758750399999961,"Non-significant",0.616990306374045,"SRSF10","SRS10_HUMAN"
-0.0443880550000006,12.167205215,-1.52064389297882,0.171132201324696,0.265157252434197,-7.02518953750168,"BORC6_HUMAN",22,-1.59366815912029,0.151657129751667,0.241739399901058,-0.0443880550000006,"Non-significant",0.616652560328344,"BORCS6","BORC6_HUMAN"
0.0363950725000013,12.66145944625,1.38494466312089,0.207612640395741,0.307551308593269,-7.19851080139816,"ACINU_HUMAN",55,1.59229978709024,0.151963238948654,0.242181535469503,0.0363950725000013,"Non-significant",0.615858971636377,"ACIN1","ACINU_HUMAN"
0.0742838374999959,13.67375290375,1.70714695146756,0.130519482740943,0.215842401417188,-6.77400589969519,"JUPI1_HUMAN",10,1.59208722019912,0.152010841653188,0.242211603836432,0.0742838374999959,"Non-significant",0.615805054581018,"JPT1","JUPI1_HUMAN"
0.466653347,8.02613163,1.57782653316009,0.157582216693444,0.249505793438474,-6.94964087856724,"THA11_HUMAN",3,1.59003441900446,0.152471254555844,0.24289930157838,0.466653347,"Non-significant",0.614573733943704,"THAP11","THA11_HUMAN"
0.0453658100000016,14.788928985,1.60909209630215,0.1505981776992,0.24093199422404,-6.90776116586427,"PSB8_HUMAN",16,1.58971714645042,0.152542528031111,0.242966925316371,0.0453658100000016,"Non-significant",0.614452842163954,"PSMB8","PSB8_HUMAN"
-0.0623943824999991,10.92980229875,-2.07595850036754,0.0755779892336541,0.141597437486213,-6.24522249387142,"PP1RB_HUMAN",8,-1.5894234011486,0.152608543464229,0.243026150171922,-0.0623943824999991,"Non-significant",0.614346992803615,"PPP1R11","PP1RB_HUMAN"
0.563785076,8.3672561645,1.5479247953891,0.164539858132856,0.258125156188692,-6.98931986085409,"ZN384_HUMAN",8,1.58895326325533,0.152714255323939,0.243148556502735,0.563785076,"Non-significant",0.614128304359253,"ZNF384","ZN384_HUMAN"
0.184392453499997,9.6914165025,1.5607937012219,0.161511577423284,0.25407815556542,-6.97228886338319,"MTMR2_HUMAN",11,1.5887996803027,0.152748803431685,0.243157632507209,0.184392453499997,"Non-significant",0.614112093754698,"MTMR2","MTMR2_HUMAN"
0.0946297650000005,9.49774456025,1.54716490570899,0.164720291795722,0.258312063171374,-6.99032332413599,"SPT2_HUMAN",18,1.58729242130651,0.153088237844043,0.243651955586751,0.0946297650000005,"Non-significant",0.613230098556741,"SPTY2D1","SPT2_HUMAN"
0.122441053499998,9.41718423375,1.63951494977231,0.144078959746884,0.232964042145883,-6.8666420408794,"TP8L1_HUMAN",8,1.58700595180398,0.153152828812365,0.243708739675179,0.122441053499998,"Non-significant",0.613128896237328,"TNFAIP8L1","TP8L1_HUMAN"
0.0728631049999979,10.2502582075,2.40457196812703,0.046316172252815,0.0968251527576829,-5.75286291068214,"CHAC2_HUMAN",6,1.58480989943719,0.153648807734263,0.244444121481902,0.0728631049999979,"Non-significant",0.611820402411885,"CHAC2","CHAC2_HUMAN"
0.187583925,10.32970786,1.69365592767227,0.133124655170547,0.219033323918123,-6.79261431669727,"LEAP2_HUMAN",4,1.58470311553796,0.153672962360019,0.244444121481902,0.187583925,"Non-significant",0.611820402411885,"LEAP2","LEAP2_HUMAN"
0.0444979649999979,18.884247065,1.52142843342468,0.170939299928055,0.264959058310698,-7.02416252798391,"GSTA1_HUMAN",21,1.58392867047889,0.153848246681247,0.244660910503295,0.0444979649999979,"Non-significant",0.611435412376057,"GSTA1","GSTA1_HUMAN"
0.772712111499998,7.49417263275,1.53945259835122,0.166561839876201,0.260087022659597,-7.00049376384683,"BRD7_HUMAN",12,1.58384452957417,0.153867301765093,0.244660910503295,0.772712111499998,"Non-significant",0.611435412376057,"BRD7","BRD7_HUMAN"
0.549495458500002,7.62461102025,1.53811440977602,0.166883285256828,0.260444216150677,-7.00225587347586,"DIP2C_HUMAN",25,1.58356453181821,0.153930727394381,0.244715598115285,0.549495458500002,"Non-significant",0.61133834793673,"DIP2C","DIP2C_HUMAN"
0.195020198499998,9.233282566,1.54274677196926,0.165772961392333,0.259191298752731,-6.99615275869986,"MA7D1_HUMAN",15,1.58320945817523,0.154011193776663,0.244746708408947,0.195020198499998,"Non-significant",0.611283140298854,"MAP7D1","MA7D1_HUMAN"
0.227677107250003,8.211319327375,1.53626435602694,0.167328620035916,0.260690082042009,-7.0046907295038,"WDR35_HUMAN",24,1.58305336734686,0.154046579083228,0.244746708408947,0.227677107250003,"Non-significant",0.611283140298854,"WDR35","WDR35_HUMAN"
-0.622678399500002,7.10670691725,-1.53831128653711,0.166835958042571,0.260418572285339,-7.00199667705117,"ACAP3_HUMAN",15,-1.58295379317672,0.154069156126309,0.244746708408947,-0.622678399500002,"Non-significant",0.611283140298854,"ACAP3","ACAP3_HUMAN"
-0.0410306425000009,11.59535086375,-1.47397687032977,0.182968799888783,0.279362117521033,-7.0857820010622,"PPM1F_HUMAN",26,-1.58278882663224,0.154106566636111,0.244746708408947,-0.0410306425000009,"Non-significant",0.611283140298854,"PPM1F","PPM1F_HUMAN"
0.673372864500002,7.67024499175,1.54506695702775,0.165219385550843,0.25899636922808,-6.99309246781942,"LENG1_HUMAN",5,1.58277590175446,0.154109498043834,0.244746708408947,0.673372864500002,"Non-significant",0.611283140298854,"LENG1","LENG1_HUMAN"
-0.988932132249999,7.640650272375,-1.54470934582256,0.165304597932701,0.25899636922808,-6.99356430191693,"HLAG_HUMAN",3,-1.58270969853144,0.154124513967812,0.244746708408947,-0.988932132249999,"Non-significant",0.611283140298854,"HLA-G","HLAG_HUMAN"
1.172134876,8.64054369925,1.5449675428163,0.16524307014795,0.25899636922808,-6.99322364093287,"ACTBM_HUMAN",2,1.58219029224499,0.154242369892059,0.244887725714856,1.172134876,"Non-significant",0.611032982077805,"POTEKP","ACTBM_HUMAN"
-0.0641298300000006,15.10869789,-1.759130344647,0.120925075759286,0.203814729769051,-6.70173460682557,"NDUB4_HUMAN",10,-1.58151998640143,0.154394587590081,0.245083235178304,-0.0641298300000006,"Non-significant",0.610686395474031,"NDUFB4","NDUB4_HUMAN"
-0.033750770000001,13.2286804925,-1.38991891367897,0.206161613547438,0.305885625874205,-7.19231723213684,"XPP1_HUMAN",36,-1.57973722049252,0.154800099589217,0.245680670201,-0.033750770000001,"Non-significant",0.609629011836075,"XPNPEP1","XPP1_HUMAN"
0.942404985500002,8.155008912,1.53562274270842,0.167483319303654,0.260753028890007,-7.00553481180452,"ROGDI_HUMAN",8,1.5791244162785,0.154939714291909,0.24585595854038,0.942404985500002,"Non-significant",0.609319261728717,"ROGDI","ROGDI_HUMAN"
-0.0682137014999995,9.84661543375,-1.6717022701566,0.137468866805247,0.22477693080532,-6.82275943369215,"HEM4_HUMAN",11,-1.57839730713715,0.155105520385531,0.246072733169516,-0.0682137014999995,"Non-significant",0.608936506939534,"Mgu","HEM4_HUMAN"
0.111233472750001,8.534967065125,1.55262692565882,0.163427374559667,0.256618729538643,-6.98310506411008,"GDPP1_HUMAN",14,1.57788128482439,0.155223289788271,0.246213231017188,0.111233472750001,"Non-significant",0.608688612642077,"GDPGP1","GDPP1_HUMAN"
0.0617001049999999,10.4035569425,1.5436382568988,0.16556006025375,0.25905063075531,-6.99497717524452,"RCOR1_HUMAN",18,1.57673973851949,0.155484110219685,0.246580539048302,0.0617001049999999,"Non-significant",0.608041202344698,"RCOR1","RCOR1_HUMAN"
0.0572121142499995,9.318395495375,1.51032311008383,0.173688386021045,0.268282830451052,-7.0386746940397,"KIFA3_HUMAN",23,1.57658951938534,0.155518462094388,0.246588622459293,0.0572121142499995,"Non-significant",0.60802696552268,"KIFAP3","KIFA3_HUMAN"
0.036391974999999,10.4414502375,1.46998374304652,0.184015244848186,0.280532555403392,-7.09092025729777,"PDPK1_HUMAN",24,1.57642632673232,0.155555788595611,0.24660141848268,0.036391974999999,"Non-significant",0.608004429616083,"PDPK1","PDPK1_HUMAN"
0.369916915999999,9.2953567505,1.58321716351527,0.156357105224245,0.24796501221734,-6.94244828571612,"CD68_HUMAN",3,1.57589184691765,0.155678095688931,0.246748903452802,0.369916915999999,"Non-significant",0.60774476865004,"CD68","CD68_HUMAN"
0.179250005,13.0939501525,1.79816302496486,0.114165873028281,0.195345946332847,-6.64690447134925,"EPT1_HUMAN",3,1.57492480981134,0.155899609957176,0.247053546217153,0.179250005,"Non-significant",0.607208907848283,"SELENOI","EPT1_HUMAN"
-0.0767307279999994,9.33158278475,-1.57127724775349,0.159082558592644,0.25110615849764,-6.95836343468375,"CC117_HUMAN",14,-1.57413358888006,0.156081065122169,0.247276522767119,-0.0767307279999994,"Non-significant",0.606817115004241,"CCDC117","CC117_HUMAN"
-0.140109062000001,9.666008234,-2.80214078761886,0.0257905485179845,0.0620047157610073,-5.14802534790929,"F174A_HUMAN",2,-1.5740119895144,0.156108969294012,0.247276522767119,-0.140109062000001,"Non-significant",0.606817115004241,"FAM174A","F174A_HUMAN"
-0.0849099174999992,11.87649941625,-1.75000188601854,0.122559969802612,0.205911498000043,-6.7144893274994,"GBRL1_HUMAN",8,-1.57392276155863,0.156129447894142,0.247276522767119,-0.0849099174999992,"Non-significant",0.606817115004241,"GABARAPL1","GBRL1_HUMAN"
0.0791687964999994,9.915504694,1.53604187729446,0.167382247037604,0.260690082042009,-7.00498343428572,"FIBP_HUMAN",18,1.57377136067579,0.156164201343435,0.247276522767119,0.0791687964999994,"Non-significant",0.606817115004241,"FIBP","FIBP_HUMAN"
0.677708625749998,7.587342143125,1.54367519518526,0.165551244193455,0.25905063075531,-6.99492845812131,"DUS14_HUMAN",3,1.57355551951664,0.156213759013622,0.247276522767119,0.677708625749998,"Non-significant",0.606817115004241,"DUSP14","DUS14_HUMAN"
0.0869462490000004,8.68837296975,1.53459754449438,0.167730776072938,0.261041859586187,-7.0068831545217,"SIPA1_HUMAN",18,1.5735443039528,0.15621633452781,0.247276522767119,0.0869462490000004,"Non-significant",0.606817115004241,"SIPA1","SIPA1_HUMAN"
-0.0391972050000007,12.3638552425,-1.61422086109323,0.149480277192043,0.239583429635241,-6.90085422655439,"ZRAB2_HUMAN",16,-1.57336479537681,0.156257561710567,0.247295341280205,-0.0391972050000007,"Non-significant",0.606784065099913,"ZRANB2","ZRAB2_HUMAN"
0.0495376599999986,10.7843010425,1.57993087205245,0.157102920421251,0.249007242615781,-6.94683451789986,"TB10A_HUMAN",16,1.57281029869765,0.156384974040309,0.24745052490816,0.0495376599999986,"Non-significant",0.606511620598125,"TBC1D10A","TB10A_HUMAN"
-0.063830375000002,16.747765065,-1.74644837646096,0.123202061327802,0.206537960805592,-6.71944727680913,"TBB2B_HUMAN",10,-1.57106813613567,0.156785906130195,0.247996496878102,-0.063830375000002,"Non-significant",0.605554453840135,"TUBB2B","TBB2B_HUMAN"
0.287269473000002,8.5358551145,1.52916648884646,0.169047277189797,0.262799612584433,-7.0140184862953,"TBCD7_HUMAN",14,1.57105529992438,0.156788863668692,0.247996496878102,0.287269473000002,"Non-significant",0.605554453840135,"TBC1D7","TBCD7_HUMAN"
-0.101408242999998,8.5122624635,-1.53243242608826,0.168254479100334,0.261760244432764,-7.00972922681393,"UNK_HUMAN",17,-1.56942419998888,0.157165093447982,0.248544947968675,-0.101408242999998,"Non-significant",0.604595060091369,"UNK","UNK_HUMAN"
0.0266039374999973,15.10514152125,1.31743107301941,0.228213578428811,0.330822083390366,-7.28127405150907,"COPD_HUMAN",35,1.56895789867495,0.157272801977327,0.248668626499136,0.0266039374999973,"Non-significant",0.604379004427667,"ARCN1","COPD_HUMAN"
-0.0328550350000025,15.574630975,-1.42176720838646,0.197082376828565,0.295325751873418,-7.15236271126354,"S14L2_HUMAN",27,-1.56863136116282,0.157348267296523,0.248741287517329,-0.0328550350000025,"Non-significant",0.604252122037164,"SEC14L2","S14L2_HUMAN"
-0.0410041825000036,10.71685958125,-1.48337872671937,0.18052611643529,0.276362992268989,-7.07365458430256,"IRAK4_HUMAN",23,-1.56818890678303,0.157450574624297,0.248856346054415,-0.0410041825000036,"Non-significant",0.604051279889726,"IRAK4","IRAK4_HUMAN"
-0.0517582875000002,10.34720063125,-1.52822998091457,0.169275240687672,0.262911554036556,-7.0152475751227,"ADA_HUMAN",19,-1.5676260825203,0.157580802429358,0.249015482504135,-0.0517582875000002,"Non-significant",0.603773649863794,"ADA","ADA_HUMAN"
1.02714908075,7.150545179875,1.52679003896493,0.169626296930216,0.263262761337652,-7.01713663241468,"M4K2_HUMAN",4,1.56710325494516,0.157701863748714,0.24915798656557,1.02714908075,"Non-significant",0.603525187297798,"MAP4K2","M4K2_HUMAN"
0.181638717499997,12.17603588125,1.77696801700628,0.117790102053269,0.199930078575716,-6.67673546429245,"PREY_HUMAN",3,1.56698136195824,0.157730100405016,0.24915798656557,0.181638717499997,"Non-significant",0.603525187297798,"PYURF","PREY_HUMAN"
0.4138035775,7.3949046135,1.53591863558575,0.167411960385977,0.260690082042009,-7.00514556838887,"WDR54_HUMAN",6,1.56676088128712,0.157781186735255,0.249191984821335,0.4138035775,"Non-significant",0.603465930728144,"WDR54","WDR54_HUMAN"
0.0930993557500006,8.478556036875,1.61346663672341,0.149644188614116,0.239790401471469,-6.90187058943062,"TTI2_HUMAN",10,1.56644049104258,0.157855449456404,0.249232858969239,0.0930993557500006,"Non-significant",0.603394700663479,"TTI2","TTI2_HUMAN"
0.106383323999999,7.8425786495,1.64986269797448,0.141922176031436,0.230449243261217,-6.85257608588645,"TPC1_HUMAN",8,1.56639410405331,0.157866204061783,0.249232858969239,0.106383323999999,"Non-significant",0.603394700663479,"TPCN1","TPC1_HUMAN"
0.0206642124999998,12.45120429875,1.1695155124357,0.27958506257903,0.38648721727961,-7.45343248492,"TCRG1_HUMAN",47,1.56619054143342,0.157913407001936,0.249260694310734,0.0206642124999998,"Non-significant",0.603346199594022,"TCERG1","TCRG1_HUMAN"
0.187957406000001,7.34774309375,1.59101051719829,0.154601473337497,0.24573558716986,-6.93202895117316,"TM175_HUMAN",6,1.56524291859908,0.158133315221701,0.2495193130516,0.187957406000001,"Non-significant",0.6028958338998,"TMEM175","TM175_HUMAN"
0.0624282349999987,10.4052048925,1.4857441747143,0.179916211298924,0.275679648252796,-7.07059695861982,"ELOA1_HUMAN",29,1.56522940198685,0.158136453947283,0.2495193130516,0.0624282349999987,"Non-significant",0.6028958338998,"ELOA","ELOA1_HUMAN"
0.121094222499998,10.50974678875,1.53210763393935,0.168333169214403,0.261834339049309,-7.01015599433796,"STX16_HUMAN",15,1.56498569086657,0.158193056452426,0.249561907699326,0.121094222499998,"Non-significant",0.602821703198254,"STX16","STX16_HUMAN"
0.032562255000002,12.2183692475,1.33513427452497,0.222645908547706,0.325291711794689,-7.25981111115697,"PUR4_HUMAN",53,1.5631660713709,0.158616251872938,0.250182707155126,0.032562255000002,"Non-significant",0.601742712414998,"PFAS","PUR4_HUMAN"
-0.140862703500005,9.849695563,-1.81386886659939,0.11154935172968,0.191966003619737,-6.62471306970057,"SIM26_HUMAN",4,-1.56264416478377,0.158737823918375,0.250294493221387,-0.140862703500005,"Non-significant",0.601548705285397,"SMIM26","SIM26_HUMAN"
0.0904736517499991,9.031729459625,1.65122470667698,0.141640548669664,0.230100619295382,-6.85072170496547,"BOD1_HUMAN",9,1.56260687530212,0.158746513318488,0.250294493221387,0.0904736517499991,"Non-significant",0.601548705285397,"BOD1","BOD1_HUMAN"
-0.0478446500000018,11.29439056,-1.59743132838071,0.153168747624974,0.243984245054398,-6.92342628588972,"DCAF7_HUMAN",15,-1.56233592306053,0.158809665124042,0.250347235333936,-0.0478446500000018,"Non-significant",0.601457200294015,"DCAF7","DCAF7_HUMAN"
-0.0789041474999994,13.97908091625,-2.66593005033763,0.0314753876820827,0.0720548731049091,-5.35545830587571,"KGD4_HUMAN",5,-1.56189137117569,0.158913328031522,0.250463807400468,-0.0789041474999994,"Non-significant",0.601255021820166,"KGD4","KGD4_HUMAN"
-1.5898766485,10.51235246625,-1.52039680263548,0.17119299652947,0.265157252434197,-7.02551293712347,"GSTA5_HUMAN",2,-1.56077898883189,0.159172989407105,0.250786839751619,-1.5898766485,"Non-significant",0.600695257208189,"GSTA5","GSTA5_HUMAN"
-0.0688753150000032,11.9034399975,-1.54189867028866,0.16597573455822,0.259412102093684,-6.9972708175555,"SO1B1_HUMAN",16,-1.5607584384096,0.159177790090303,0.250786839751619,-0.0688753150000032,"Non-significant",0.600695257208189,"SLCO1B1","SO1B1_HUMAN"
0.221013784500006,8.73821270475,1.53609153469863,0.16737027609217,0.260690082042009,-7.00491810423335,"BIRC3_HUMAN",9,1.56055369871641,0.159225625530396,0.250815323789144,0.221013784500006,"Non-significant",0.600645933416421,"BIRC3","BIRC3_HUMAN"
0.27581632125,8.033363878625,1.53739812467971,0.167055576706569,0.26061659375526,-7.00319875156743,"FBX28_HUMAN",7,1.5591336739485,0.15955776117102,0.251291548750099,0.27581632125,"Non-significant",0.59982211702985,"FBXO28","FBX28_HUMAN"
0.0411729825000009,17.63115549125,1.44814740490575,0.189833602313771,0.287261436320313,-7.11888539933789,"METK1_HUMAN",27,1.55883533068086,0.159627622137108,0.251354609937172,0.0411729825000009,"Non-significant",0.599713145240298,"MAT1A","METK1_HUMAN"
0.0484476087500028,10.059097528125,1.42692558037209,0.195645804041118,0.293990001976012,-7.14584344972493,"PRC2B_HUMAN",48,1.55865987611071,0.159668720123484,0.251372364945994,0.0484476087500028,"Non-significant",0.599682468937867,"PRRC2B","PRC2B_HUMAN"
0.102928637499996,11.65768361125,1.54409170753158,0.165451864950426,0.25905063075531,-6.99437908841951,"RT18B_HUMAN",13,1.55823976472538,0.159767165008452,0.251480379805088,0.102928637499996,"Non-significant",0.599495892416294,"MRPS18B","RT18B_HUMAN"
-0.0829048149999991,11.77549386,-1.51136775639452,0.173428083127619,0.268044417603143,-7.03731190970168,"PPM1B_HUMAN",20,-1.55739744007047,0.15996471387915,0.251744319135056,-0.0829048149999991,"Non-significant",0.5990403209576,"PPM1B","PPM1B_HUMAN"
0.100342274000004,8.872543812,1.80782430508361,0.112549472002009,0.193312173710196,-6.63326220676504,"GLIP1_HUMAN",6,1.55670206587254,0.160127966324781,0.251954196033522,0.100342274000004,"Non-significant",0.598678404527779,"GLIPR1","GLIP1_HUMAN"
0.481555462500003,10.101307392,1.5906322230557,0.154686270428368,0.245777676426148,-6.93253527783384,"PIOS1_HUMAN",1,1.55608008581195,0.160274116608168,0.252076760646471,0.481555462500003,"Non-significant",0.598467190770275,"PIGBOS1","PIOS1_HUMAN"
0.231374383249998,7.763065278625,1.54404088596515,0.165463987975291,0.25905063075531,-6.99444612480959,"TM260_HUMAN",7,1.55602661091951,0.160286687583741,0.252076760646471,0.231374383249998,"Non-significant",0.598467190770275,"TMEM260","TM260_HUMAN"
-0.0632514957500003,9.939011335375,-1.57238888333064,0.158826975963144,0.250843653811756,-6.95688416444035,"CE022_HUMAN",14,-1.55593445013391,0.160308355016654,0.252076760646471,-0.0632514957500003,"Non-significant",0.598467190770275,"C5orf22","CE022_HUMAN"
0.0808140039999987,7.87330609575,1.50648412998082,0.174648030078407,0.269419517849724,-7.04367861264408,"DDHD2_HUMAN",21,1.55586159668955,0.160325485090252,0.252076760646471,0.0808140039999987,"Non-significant",0.598467190770275,"DDHD2","DDHD2_HUMAN"
1.0002099275,8.0599972605,1.51014510111583,0.173732777361071,0.268302231655637,-7.03890686554036,"ZN687_HUMAN",14,1.55419291754955,0.160718299071508,0.25264724783173,1.0002099275,"Non-significant",0.597485428310385,"ZNF687","ZN687_HUMAN"
0.0504696324999969,13.30671918375,1.55597968177429,0.162638360145856,0.255617888806529,-6.9786680190396,"DUS23_HUMAN",16,1.55226128853388,0.161174106245271,0.253285948513878,0.0504696324999969,"Non-significant",0.596388902795931,"DUSP23","DUS23_HUMAN"
0.039527415000002,19.1805651175,1.46620153423006,0.18501138852546,0.281643668752231,-7.09578020883387,"ADH1B_HUMAN",23,1.55221645748673,0.161184698994951,0.253285948513878,0.039527415000002,"Non-significant",0.596388902795931,"ADH1B","ADH1B_HUMAN"
0.392922164999998,13.2189685125,1.5283092012755,0.16925594611324,0.262911554036556,-7.01514361979582,"MCFD2_HUMAN",5,1.55181314826142,0.161280022008539,0.253388500561039,0.392922164999998,"Non-significant",0.596213098435245,"MCFD2","MCFD2_HUMAN"
0.21708727,12.441420555,1.54369547809696,0.165546403454067,0.25905063075531,-6.99490170717063,"CUTA_HUMAN",7,1.55132925354195,0.161394459252478,0.253521039328949,0.21708727,"Non-significant",0.595985993390562,"CUTA","CUTA_HUMAN"
1.196753383,8.001111567,1.50731150127751,0.174440802513244,0.269198375024557,-7.04260073332051,"FBXL6_HUMAN",9,1.55083539039766,0.161511330101357,0.253657350740514,1.196753383,"Non-significant",0.595752547737326,"FBXL6","FBXL6_HUMAN"
-0.103335618999996,9.4912160635,-1.77530393391169,0.118079256033861,0.200162561762031,-6.67907181219981,"ASF1A_HUMAN",6,-1.54994654518006,0.161721865907854,0.253940686985339,-0.103335618999996,"Non-significant",0.59526770984874,"ASF1A","ASF1A_HUMAN"
-0.111516712499995,10.20138013375,-1.72737460279877,0.126703451082961,0.21081393390807,-6.74598956745043,"MED29_HUMAN",6,-1.54931144075712,0.161872452382313,0.254129711652684,-0.111516712499995,"Non-significant",0.59494455630947,"MED29","MED29_HUMAN"
0.036872862500001,14.46258902625,1.48152919612813,0.181004299547429,0.276793403643918,-7.07604352563168,"MGLL_HUMAN",21,1.54918458847134,0.161902544972703,0.254129711652684,0.036872862500001,"Non-significant",0.59494455630947,"MGLL","MGLL_HUMAN"
0.117210864750001,8.211714267875,1.54484281408099,0.165272790115831,0.25899636922808,-6.99338820958712,"ATF6B_HUMAN",11,1.54849612662849,0.162065954369328,0.254338843675119,0.117210864750001,"Non-significant",0.594587307517965,"ATF6B","ATF6B_HUMAN"
-1.03813904525,6.424416691125,-1.50688055402958,0.174548711821254,0.269315594351336,-7.04316219927549,"TPC2_HUMAN",5,-1.54808949930521,0.162162539539983,0.254443046497118,-1.03813904525,"Non-significant",0.594409413170309,"TPCN2","TPC2_HUMAN"
-0.0925884249999989,13.04306817,-1.74284982143345,0.123855546920049,0.207344271100118,-6.72446393704041,"SNG2_HUMAN",7,-1.54737781529586,0.162331709994654,0.2546610801312,-0.0925884249999989,"Non-significant",0.594037423217812,"SYNGR2","SNG2_HUMAN"
0.0894365297499977,9.946723699125,1.49133037071166,0.178483265413963,0.274081880884368,-7.0633659191622,"CDK12_HUMAN",25,1.54713845135492,0.162388643904852,0.254702992086713,0.0894365297499977,"Non-significant",0.593965953194546,"CDK12","CDK12_HUMAN"
-0.0528943500000008,10.5938333275,-1.73913083672207,0.124534358134026,0.208026180085555,-6.72964408597474,"STK26_HUMAN",11,-1.54686879400947,0.162452804990205,0.254756222002314,-0.0528943500000008,"Non-significant",0.593875200262564,"STK26","STK26_HUMAN"
0.0585870750000019,12.0610168,1.524536422141,0.170177060041551,0.264000311407846,-7.02009132805955,"MGAT2_HUMAN",17,1.54614673192609,0.162624722722425,0.254940297913027,0.0585870750000019,"Non-significant",0.593561511027398,"MGAT2","MGAT2_HUMAN"
0.756196379749996,8.872609198125,1.50599588693921,0.174770422816851,0.269509676897774,-7.04431453982195,"HGNAT_HUMAN",6,1.54611099663907,0.162633235326207,0.254940297913027,0.756196379749996,"Non-significant",0.593561511027398,"HGSNAT","HGNAT_HUMAN"
0.182667493749999,9.378669142875,1.57370027710856,0.158525952055787,0.250509045721453,-6.95513841834335,"ZDH20_HUMAN",6,1.54581877394286,0.162702861714947,0.254940297913027,0.182667493749999,"Non-significant",0.593561511027398,"ZDHHC20","ZDH20_HUMAN"
-0.0831143874999967,11.64585268375,-1.56370740658998,0.160833076762857,0.253158170687978,-6.96842313849681,"COMD5_HUMAN",12,-1.54556603221255,0.162763103018973,0.254940297913027,-0.0831143874999967,"Non-significant",0.593561511027398,"COMMD5","COMD5_HUMAN"
0.0492153175000016,12.47804045625,1.64501530796943,0.142928738018578,0.231548401452737,-6.85917024179963,"PHYD1_HUMAN",13,1.54550442624272,0.162777789949505,0.254940297913027,0.0492153175000016,"Non-significant",0.593561511027398,"PHYHD1","PHYD1_HUMAN"
0.151900291250001,8.357553243625,1.73597949347189,0.125112320734664,0.208743418739605,-6.73403005208444,"YAF2_HUMAN",4,1.54548830549344,0.162781633352502,0.254940297913027,0.151900291250001,"Non-significant",0.593561511027398,"YAF2","YAF2_HUMAN"
0.0545856975000003,10.30483210125,1.42786837191728,0.195384255040693,0.293721042578562,-7.14465050591409,"TPPC8_HUMAN",58,1.54548716306287,0.16278190572641,0.254940297913027,0.0545856975000003,"Non-significant",0.593561511027398,"TRAPPC8","TPPC8_HUMAN"
0.0972256659999999,9.3854773045,1.4938390916192,0.177843109057276,0.27339769583144,-7.06011386294658,"RIN3_HUMAN",23,1.54490566035864,0.162920599121822,0.25508460925327,0.0972256659999999,"Non-significant",0.593315744126467,"RIN3","RIN3_HUMAN"
-0.0324668849999981,11.44699812,-1.34912575373986,0.218329713903927,0.319996723786507,-7.24272641073326,"HOOK3_HUMAN",38,-1.5448470865828,0.162934575420525,0.25508460925327,-0.0324668849999981,"Non-significant",0.593315744126467,"HOOK3","HOOK3_HUMAN"
0.483070969500003,7.91262978325,1.51394813968479,0.172786628727595,0.267281793640098,-7.03394360906529,"ANR49_HUMAN",5,1.54453868491346,0.16300818116104,0.255152452925981,0.483070969500003,"Non-significant",0.593200252191254,"ANKRD49","ANR49_HUMAN"
-0.0589280149999993,10.59385872,-1.87002117243816,0.102657962068649,0.179449183383791,-6.54480293859541,"GOGA7_HUMAN",9,-1.54432586125459,0.163058993060391,0.255184599425554,-0.0589280149999993,"Non-significant",0.593145539144921,"GOLGA7","GOGA7_HUMAN"
0.0564599000000037,12.719382285,1.7816666506209,0.116977302167385,0.199118832878269,-6.67013407661367,"CD44_HUMAN",10,1.54367991698533,0.16321330112114,0.255354575576469,0.0564599000000037,"Non-significant",0.592856355823681,"CD44","CD44_HUMAN"
0.0570914747500009,9.424682259625,1.4536878551885,0.188341887465781,0.285322388470357,-7.11181142642939,"ANR44_HUMAN",32,1.54361760074306,0.163228194709457,0.255354575576469,0.0570914747500009,"Non-significant",0.592856355823681,"ANKRD44","ANR44_HUMAN"
0.496706962250001,6.648266434625,1.51208468933939,0.173249644599077,0.267850560221134,-7.03637635943476,"SLIP_HUMAN",5,1.5434065116884,0.16327865418733,0.255386115447208,0.496706962250001,"Non-significant",0.592802717677828,"NUGGC","SLIP_HUMAN"
-0.0727205250000011,11.32614112,-1.60904944307273,0.150607507126168,0.24093199422404,-6.90781856407517,"FNTB_HUMAN",11,-1.54200794613422,0.163613330241366,0.255862107718826,-0.0727205250000011,"Non-significant",0.591994026840945,"FNTB","FNTB_HUMAN"
0.0718328952500009,8.998857140625,1.4567589292248,0.187519571612978,0.284434491474859,-7.10788398437895,"DNMBP_HUMAN",50,1.54180660956327,0.163661561236451,0.255890057440557,0.0718328952500009,"Non-significant",0.591946588214371,"DNMBP","DNMBP_HUMAN"
0.049387454999998,16.5810167775,1.46546168956647,0.185206813141075,0.281737633634023,-7.09673008497586,"THIC_HUMAN",24,1.54154124987721,0.163725148945918,0.255942003053625,0.049387454999998,"Non-significant",0.591858435498146,"ACAT2","THIC_HUMAN"
0.0548100474999984,12.14301395375,1.57635138923526,0.157919007407406,0.249919974420907,-6.95160706079514,"NTPCR_HUMAN",14,1.54021895217827,0.164042343419479,0.256390304595362,0.0548100474999984,"Non-significant",0.591098401697472,"NTPCR","NTPCR_HUMAN"
-0.0674533850000003,15.6979408275,-1.74617612156413,0.123251387217004,0.206537960805592,-6.71982696678126,"FKB1A_HUMAN",9,-1.53653219022992,0.164929675576661,0.257729372531642,-0.0674533850000003,"Non-significant",0.588836083577592,"FKBP1A","FKB1A_HUMAN"
0.0747487532499989,10.040803790875,1.4834558079689,0.1805062124353,0.276362992268989,-7.07355498820408,"MALD2_HUMAN",22,1.5360987817765,0.165034274063665,0.257845022443491,0.0747487532499989,"Non-significant",0.588641247992735,"MARVELD2","MALD2_HUMAN"
0.0875029574999981,11.53534960625,1.56439949723785,0.160672298546165,0.252952335533362,-6.9675043946616,"CRADD_HUMAN",11,1.53512255893119,0.165270095347621,0.258129642104384,0.0875029574999981,"Non-significant",0.588162120744064,"CRADD","CRADD_HUMAN"
0.180768012750001,8.470542669125,1.503628821042,0.175364904214175,0.270228661356725,-7.04739607959059,"PCAT1_HUMAN",12,1.53509112611235,0.165277693491205,0.258129642104384,0.180768012750001,"Non-significant",0.588162120744064,"LPCAT1","PCAT1_HUMAN"
0.069537163249997,9.946272850125,1.44618638351219,0.19036412379015,0.287765279667714,-7.12138566615044,"RHG05_HUMAN",55,1.53478235987784,0.16535234729141,0.258181698367991,0.069537163249997,"Non-significant",0.58807454665325,"ARHGAP5","RHG05_HUMAN"
-0.561641216500002,8.3851463795,-1.51128528724108,0.173448619719016,0.268044417603143,-7.03741951182202,"SSBP3_HUMAN",3,-1.53469991978104,0.165372284907911,0.258181698367991,-0.561641216500002,"Non-significant",0.58807454665325,"SSBP3","SSBP3_HUMAN"
-0.0250272724999903,17.35894346375,-1.31543042917301,0.228850325622049,0.331439758534063,-7.2836886275074,"AK1BA_HUMAN",29,-1.53436197703521,0.165454037003894,0.258261495908486,-0.0250272724999903,"Non-significant",0.587940337771552,"AKR1B10","AK1BA_HUMAN"
0.170676470000004,8.5556675195,1.49287118277638,0.178089845797359,0.273677175975559,-7.06136890400231,"RPAP2_HUMAN",17,1.53404153120653,0.165531590237326,0.258311393436805,0.170676470000004,"Non-significant",0.587856437815808,"RPAP2","RPAP2_HUMAN"
-0.0300326349999995,13.617670775,-1.2936207403855,0.235892116061155,0.339016989987975,-7.30986422347219,"SAFB1_HUMAN",51,-1.53397665761546,0.165547294737884,0.258311393436805,-0.0300326349999995,"Non-significant",0.587856437815808,"SAFB","SAFB1_HUMAN"
0.0217041975000001,18.01515936875,1.17685106793298,0.276826005363733,0.383525049179965,-7.44521314612894,"GABT_HUMAN",47,1.53301144393845,0.165781111763362,0.258606491999413,0.0217041975000001,"Non-significant",0.587360576887443,"ABAT","GABT_HUMAN"
0.0597498417499978,9.358699679375,1.43470198487429,0.193497792334329,0.291613247199367,-7.13599063544503,"RPC1_HUMAN",45,1.53294268573988,0.165797779423992,0.258606491999413,0.0597498417499978,"Non-significant",0.587360576887443,"POLR3A","RPC1_HUMAN"
0.72674405575,8.069013178375,1.50025717852524,0.176214852957371,0.271339969963039,-7.05178105957772,"SIAH2_HUMAN",3,1.53193618891859,0.166041937970276,0.258939407058549,0.72674405575,"Non-significant",0.586801850817618,"SIAH2","SIAH2_HUMAN"
-0.729693770250002,6.673181712625,-1.48769144679596,0.179415527853081,0.275262738309723,-7.06807794230348,"ITA7_HUMAN",30,-1.53158598495779,0.166126967696878,0.259024086333145,-0.729693770250002,"Non-significant",0.586659849528008,"ITGA7","ITA7_HUMAN"
-2.06972527225,8.850247144375,-1.48928669322173,0.179006297447386,0.274734901890754,-7.06601301317504,"FR1L6_HUMAN",3,-1.53145708896216,0.16615827365021,0.259024984020273,-2.06972527225,"Non-significant",0.586658344417436,"FER1L6","FR1L6_HUMAN"
0.0473229874999994,11.88227713125,1.93328794061224,0.0934607759339985,0.166938097128136,-6.45377840519658,"S30BP_HUMAN",10,1.53099447811802,0.16627067548843,0.259152278789197,0.0473229874999994,"Non-significant",0.586444967950351,"SAP30BP","S30BP_HUMAN"
-0.441038250749999,6.820486366625,-1.48607518335885,0.179831013128112,0.275599201755792,-7.07016888458195,"WDFY3_HUMAN",29,-1.53034832163591,0.166427789205145,0.259349202294355,-0.441038250749999,"Non-significant",0.586115083470252,"WDFY3","WDFY3_HUMAN"
0.7636767625,7.03200453525,1.5133606049561,0.172932493158188,0.267458345840434,-7.0347108074218,"MFS11_HUMAN",1,1.5285595591138,0.166863430470873,0.259980010247502,0.7636767625,"Non-significant",0.585060043463612,"MFSD11","MFS11_HUMAN"
0.0405852775,12.15557038875,1.39408175154612,0.204954183783613,0.304791604642215,-7.1871241608663,"BOP1_HUMAN",34,1.52799472254707,0.167001207009442,0.260146585452336,0.0405852775,"Non-significant",0.584781870052168,"BOP1","BOP1_HUMAN"
-0.0213391774999998,14.53265941125,-1.29959247565492,0.233945630644782,0.336908887870301,-7.30272390749897,"ILEU_HUMAN",26,-1.52769105717984,0.167075320485262,0.260192900948879,-0.0213391774999998,"Non-significant",0.584704556816658,"SERPINB1","ILEU_HUMAN"
0.0497179025000012,12.43492102625,1.74857282150724,0.122817807565465,0.206221374495878,-6.71648368227282,"NUBP1_HUMAN",11,1.52761996067757,0.167092676810569,0.260192900948879,0.0497179025000012,"Non-significant",0.584704556816658,"NUBP1","NUBP1_HUMAN"
-0.6452631945,6.72316849225,-1.4839522264154,0.180378074285475,0.276286895902647,-7.07291350399092,"NEXN_HUMAN",14,-1.52693118826096,0.16726090683742,0.260406757246512,-0.6452631945,"Non-significant",0.584347750530891,"NEXN","NEXN_HUMAN"
0.0422370450000056,11.479693055,1.44782646812916,0.189920335527712,0.287261436320313,-7.11929471485475,"HSP7E_HUMAN",23,1.52633388301742,0.167406920450606,0.260585952442873,0.0422370450000056,"Non-significant",0.584048999755363,"HSPA14","HSP7E_HUMAN"
0.755724549249998,8.029006421375,1.49972304970653,0.17634984270314,0.271498232720505,-7.05247524825083,"GBG7_HUMAN",2,1.52608778413921,0.167467113834573,0.260613000326249,0.755724549249998,"Non-significant",0.584003923891547,"GNG7","GBG7_HUMAN"
0.893211722250001,6.949781954375,1.48783061734963,0.179379792583719,0.275258014143121,-7.06789784275638,"S35A5_HUMAN",4,1.5260100377436,0.167486133914734,0.260613000326249,0.893211722250001,"Non-significant",0.584003923891547,"SLC35A5","S35A5_HUMAN"
-0.26283931775,7.247434616125,-1.48240878005628,0.180776746713362,0.276545770970404,-7.07490761052524,"ABLM2_HUMAN",19,-1.52568571345343,0.167565498537967,0.260649583972846,-0.26283931775,"Non-significant",0.583942963921084,"ABLIM2","ABLM2_HUMAN"
-0.033591509999999,13.57708323,-1.31416179209982,0.229254893995798,0.3318295700539,-7.28521858337248,"PSA_HUMAN",58,-1.52566123185711,0.167571490752029,0.260649583972846,-0.033591509999999,"Non-significant",0.583942963921084,"NPEPPS","PSA_HUMAN"
-0.0357954500000019,14.5615376225,-1.49138617802015,0.178469002256251,0.274081880884368,-7.06329360737593,"CLIC4_HUMAN",19,-1.52464616718759,0.167820112797489,0.260988142208494,-0.0357954500000019,"Non-significant",0.583379224042581,"CLIC4","CLIC4_HUMAN"
0.1881303785,8.83000230775,1.48131601936391,0.181059488422544,0.276798720883936,-7.07631877317362,"NBR1_HUMAN",19,1.52437838342754,0.167885757274559,0.261042067527626,0.1881303785,"Non-significant",0.583289499470399,"NBR1","NBR1_HUMAN"
0.110151887,7.549806297,1.47077952357261,0.183806271800577,0.280416844345169,-7.08989686272458,"NFRKB_HUMAN",28,1.52412077269335,0.167948929856581,0.261092130166197,0.110151887,"Non-significant",0.583206218475423,"NFRKB","NFRKB_HUMAN"
0.0795016287500001,9.146381139875,1.44445687777369,0.190833115396619,0.288267442594642,-7.12358921343272,"SPTCS_HUMAN",65,1.52368521250599,0.168055788996354,0.261210076608937,0.0795016287500001,"Non-significant",0.583010073448852,"SPG11","SPTCS_HUMAN"
-0.0424547225000005,13.08541512625,-1.43201094491008,0.194238719686982,0.292416175788814,-7.13940358522898,"DC1L2_HUMAN",25,-1.52326376869352,0.16815924339507,0.261322688528217,-0.0424547225000005,"Non-significant",0.582822882370474,"DYNC1LI2","DC1L2_HUMAN"
-0.0327882749999997,11.233606815,-1.37065691924893,0.2118307462498,0.312405683420936,-7.21622920702814,"DNJC2_HUMAN",29,-1.52133437287789,0.168633599730182,0.262011541405661,-0.0327882749999997,"Non-significant",0.581679577923023,"DNAJC2","DNJC2_HUMAN"
0.0586302300000021,13.20899427,1.48948080413967,0.178956559659469,0.274708585206641,-7.06576167123396,"CLP1L_HUMAN",18,1.52106005549102,0.168701140841233,0.262068174742122,0.0586302300000021,"Non-significant",0.581585716073938,"CLPTM1L","CLP1L_HUMAN"
-0.0616869927500012,9.981631994375,-1.43005552094308,0.194778698486113,0.293072054541136,-7.14188134873269,"VPS39_HUMAN",41,-1.52088076440208,0.168745298246092,0.26208846856759,-0.0616869927500012,"Non-significant",0.581552086827665,"VPS39","VPS39_HUMAN"
-0.0394482624999952,16.39607834875,-1.44642535074236,0.190299404151311,0.287719045307875,-7.12108108654436,"CISY_HUMAN",22,-1.51994612794538,0.168975658051805,0.26235190267817,-0.0394482624999952,"Non-significant",0.581115781781504,"CS","CISY_HUMAN"
0.50021171575,6.341338634375,1.49351532211342,0.177925609014509,0.273474645948814,-7.06053372691089,"SGCE_HUMAN",4,1.51994003884821,0.168977159762698,0.26235190267817,0.50021171575,"Non-significant",0.581115781781504,"SGCE","SGCE_HUMAN"
-0.0447804924999993,10.62285816625,-1.48271677519991,0.180697127954027,0.276519333168716,-7.07450977389354,"UBAP1_HUMAN",19,-1.51959479049574,0.169062325648865,0.262435790588266,-0.0447804924999993,"Non-significant",0.580976936845806,"UBAP1","UBAP1_HUMAN"
0.104770179999999,11.0000062,1.59597193818412,0.153493309909475,0.24438895149735,-6.92538303881948,"RM53_HUMAN",8,1.51922837013176,0.169152756676201,0.262527819190517,0.104770179999999,"Non-significant",0.580824669093147,"MRPL53","RM53_HUMAN"
0.0374381549999985,11.87196839,1.73604315192898,0.125100620518448,0.208743418739605,-6.73394148578351,"CUTC_HUMAN",13,1.51808699178963,0.169434724294723,0.262917027076623,0.0374381549999985,"Non-significant",0.580181287130744,"CUTC","CUTC_HUMAN"
0.248807430499996,8.63732314125,1.48491624140039,0.180129472606247,0.27595625674265,-7.07166745525432,"PUSL1_HUMAN",10,1.51733682129894,0.169620278585785,0.263156511724568,0.248807430499996,"Non-significant",0.579785879034284,"PUSL1","PUSL1_HUMAN"
0.0321731574999973,13.00005817375,1.38512810210037,0.207558969983861,0.307525849533128,-7.19828262423951,"KAT3_HUMAN",26,1.51689372889014,0.169729963472706,0.263278222692572,0.0321731574999973,"Non-significant",0.579585062487513,"KYAT3","KAT3_HUMAN"
-0.121507882,9.96147811425,-1.55905241103888,0.161918318171289,0.254628638780932,-6.97459740515693,"EFMT1_HUMAN",8,-1.51631019969044,0.169874510378576,0.263453955470289,-0.121507882,"Non-significant",0.579295276590058,"EEF1AKMT1","EFMT1_HUMAN"
0.0773482317499994,9.820729494125,1.46582444244634,0.185110971373275,0.281693514660649,-7.09626438392443,"TRXR3_HUMAN",21,1.51403962508988,0.170438016171901,0.264279256496128,0.0773482317499994,"Non-significant",0.577936923674235,"TXNRD3","TRXR3_HUMAN"
-0.0307993899999985,16.94754243,-1.32666937120714,0.22529320495047,0.327808807962629,-7.27009540671792,"HNRPK_HUMAN",34,-1.51325531060445,0.170633057211839,0.264526696866996,-0.0307993899999985,"Non-significant",0.577530491050595,"HNRNPK","HNRPK_HUMAN"
-0.0360052575000012,13.56287658375,-1.56111383646361,0.161436900612277,0.254013745615248,-6.97186430110564,"RT35_HUMAN",16,-1.51314558154442,0.170660360370474,0.264526696866996,-0.0360052575000012,"Non-significant",0.577530491050595,"MRPS35","RT35_HUMAN"
0.68840765925,7.042413472875,1.50300957175921,0.175520729589081,0.270369925019439,-7.04820182676948,"SNPC5_HUMAN",1,1.51211601517419,0.170916732675982,0.264875370422109,0.68840765925,"Non-significant",0.576958422929888,"SNAPC5","SNPC5_HUMAN"
0.084510326500002,9.770541191,1.74651584773013,0.123189840092632,0.206537960805592,-6.71935317687569,"RAB2B_HUMAN",7,1.51141030143453,0.171092663109748,0.265055241862252,0.084510326500002,"Non-significant",0.576663602532292,"RAB2B","RAB2B_HUMAN"
0.31945431225,7.734504044125,1.64924867439388,0.142049310918615,0.230611256111904,-6.85341185695306,"T2H2L_HUMAN",1,1.51139816534838,0.171095689995552,0.265055241862252,0.31945431225,"Non-significant",0.576663602532292,"GTF2H2C","T2H2L_HUMAN"
-0.151144504499999,9.4710211755,-1.56873578516233,0.159668304379914,0.25184209162019,-6.96174348050266,"ACYP1_HUMAN",6,-1.51078745472891,0.171248070957827,0.265242556064594,-0.151144504499999,"Non-significant",0.57635679557152,"ACYP1","ACYP1_HUMAN"
0.205789089250002,9.145629644375,1.75376015342326,0.121884340474242,0.204939777749329,-6.7092413014905,"RAC3_HUMAN",2,1.51056210280859,0.171304330370126,0.265280948133344,0.205789089250002,"Non-significant",0.576293938927078,"RAC3","RAC3_HUMAN"
0.0257256075000001,15.53387033875,1.42357905091892,0.196576722184909,0.294725220792707,-7.1500743687951,"APEX1_HUMAN",21,1.51042278253529,0.171339120203398,0.26528608453241,0.0257256075000001,"Non-significant",0.576285530150679,"APEX1","APEX1_HUMAN"
1.15244459875,10.294510005625,1.46563841169245,0.185160116377171,0.28171744060346,-7.09650321739961,"RIC1_HUMAN",15,1.50849847274779,0.171820294119795,0.265982233082783,1.15244459875,"Non-significant",0.575147372135131,"RIC1","RIC1_HUMAN"
0.70792174325,7.119212865625,1.46488362882254,0.185359633054427,0.281869391325894,-7.09747206928178,"NEK1_HUMAN",23,1.50796761715614,0.171953248866087,0.266139172730858,0.70792174325,"Non-significant",0.574891197418677,"NEK1","NEK1_HUMAN"
-0.0375878825000022,14.00916373625,-1.54468544796738,0.165310293800815,0.25899636922808,-6.99359583092481,"COQ9_HUMAN",16,-1.50591677612675,0.172467761142542,0.266847268849508,-0.0375878825000022,"Non-significant",0.573737237790721,"COQ9","COQ9_HUMAN"
0.464834928750001,7.788982510625,1.46689034980064,0.184829609858946,0.281468614544003,-7.09489561623665,"ATG10_HUMAN",9,1.505789353611,0.172499774462942,0.266847268849508,0.464834928750001,"Non-significant",0.573737237790721,"ATG10","ATG10_HUMAN"
0.158501387000001,7.58823823925,1.77743146112861,0.117709693540312,0.1998740948532,-6.67608464438438,"TAF13_HUMAN",3,1.50576566542021,0.17250572641606,0.266847268849508,0.158501387000001,"Non-significant",0.573737237790721,"TAF13","TAF13_HUMAN"
-0.0694739824999999,10.49894630875,-1.77782109818391,0.117642131236049,0.199799622040833,-6.67553742166597,"PDRG1_HUMAN",8,-1.50541824921645,0.172593040325893,0.266933346221459,-0.0694739824999999,"Non-significant",0.573597169279713,"PDRG1","PDRG1_HUMAN"
0.0262584700000019,16.190849305,1.22248855203167,0.260166008205349,0.364760359807532,-7.39330713581895,"HNRPM_HUMAN",57,1.50511981500975,0.17266807569033,0.267000405429058,0.0262584700000019,"Non-significant",0.57348807917674,"HNRNPM","HNRPM_HUMAN"
-0.118635654500002,7.89431047425,-1.4726822865854,0.183307470950808,0.279807800189127,-7.08744865655253,"SGK3_HUMAN",15,-1.50471323927177,0.172770348389875,0.267109549996012,-0.118635654500002,"Non-significant",0.573310584324467,"SGK3","SGK3_HUMAN"
0.0442655087499979,9.825756669125,1.36099812015276,0.214724845801724,0.315646272281606,-7.22814633540122,"DOCK4_HUMAN",59,1.50442539153606,0.172842788466093,0.267172540616303,0.0442655087499979,"Non-significant",0.573208179698104,"DOCK4","DOCK4_HUMAN"
0.0564990050000027,10.4022741325,1.42825228717798,0.19527783882811,0.29366581685676,-7.14416460011898,"ZC3C1_HUMAN",27,1.50376264968378,0.173009678822987,0.267381478327642,0.0564990050000027,"Non-significant",0.572868679866465,"ZC3HC1","ZC3C1_HUMAN"
0.0458555225000019,15.61522174125,1.61422533124725,0.149479306215207,0.239583429635241,-6.90084820209128,"ERGI1_HUMAN",13,1.50294416147742,0.173215989205753,0.267651250781904,0.0458555225000019,"Non-significant",0.572430722740442,"ERGIC1","ERGI1_HUMAN"
0.168526172499998,7.98758113375,1.72297302185504,0.127524736781531,0.211657087392565,-6.75209765419838,"INSI2_HUMAN",3,1.50107881677616,0.173687001023504,0.268294750887995,0.168526172499998,"Non-significant",0.571387824095408,"INSIG2","INSI2_HUMAN"
0.0788624287499999,9.228603482375,1.46448947656863,0.185463898815247,0.281976046737684,-7.09797790277983,"KLDC4_HUMAN",18,1.50104281355476,0.173696103404412,0.268294750887995,0.0788624287499999,"Non-significant",0.571387824095408,"KLHDC4","KLDC4_HUMAN"
-0.471250056999999,8.8668596745,-1.45784720900632,0.187228947206809,0.28419823446897,-7.10649115793014,"PTPRA_HUMAN",18,-1.50041894651433,0.173853898468291,0.268489283655043,-0.471250056999999,"Non-significant",0.571073043827961,"PTPRA","PTPRA_HUMAN"
0.0647902475000066,16.81222891875,1.63795501474454,0.144406738079043,0.233404486149234,-6.8687590213819,"RS20_HUMAN",10,1.49960068498931,0.174061057410411,0.268664535776258,0.0647902475000066,"Non-significant",0.570789657471456,"RPS20","RS20_HUMAN"
0.227246287499998,16.39754247625,1.46636548779442,0.184968106525519,0.281628643407442,-7.0955696762223,"COX5A_HUMAN",11,1.49959909693684,0.174061459672886,0.268664535776258,0.227246287499998,"Non-significant",0.570789657471456,"COX5A","COX5A_HUMAN"
0.160478592,8.71502900125,1.54332887593632,0.165633917086548,0.259070010599836,-6.99538518831589,"ABHDD_HUMAN",6,1.49959301471533,0.174063000340983,0.268664535776258,0.160478592,"Non-significant",0.570789657471456,"ABHD13","ABHDD_HUMAN"
-0.0922191124999987,10.35739791375,-1.46105327423458,0.186375122129461,0.283157156530142,-7.10238462436364,"ZPI_HUMAN",18,-1.49924781911315,0.174150460848678,0.268750317556482,-0.0922191124999987,"Non-significant",0.570651013911886,"SERPINA10","ZPI_HUMAN"
-0.0960063900000012,13.317554475,-4.04465307338295,0.00465980326913812,0.0173009519967793,-3.31840646386505,"RB11B_HUMAN",3,-1.49815674244711,0.174427161606328,0.269128051469841,-0.0960063900000012,"Non-significant",0.570041032954799,"RAB11B","RB11B_HUMAN"
0.652543187,7.018049419,1.46901377665109,0.184270248964007,0.280768967555606,-7.092167257532,"ANGE1_HUMAN",3,1.49778373397934,0.174521848498337,0.269224864749723,0.652543187,"Non-significant",0.569884832542712,"ANGEL1","ANGE1_HUMAN"
0.473367929,8.1509650945,1.46138371615787,0.186287319703671,0.283074782365647,-7.10196109566581,"CWC25_HUMAN",7,1.49732341273998,0.174638763160975,0.269355925834191,0.473367929,"Non-significant",0.56967346552816,"CWC25","CWC25_HUMAN"
-0.0520963650000006,12.75175023,-1.43240539773341,0.19412995613316,0.292304644559916,-7.13890353703005,"GBA1_HUMAN",23,-1.49706185078204,0.174705227339461,0.269409140366688,-0.0520963650000006,"Non-significant",0.569587673856259,"GBA1","GBA1_HUMAN"
0.149601340499999,7.78222233075,1.45454606830191,0.188111765353492,0.285178789597946,-7.11071435466066,"L2GL1_HUMAN",18,1.49545058888128,0.175115158778809,0.269956232174042,0.149601340499999,"Non-significant",0.568706642011763,"LLGL1","L2GL1_HUMAN"
0.0361604675000038,11.76559734125,1.50791452820395,0.174289906193274,0.269064032839396,-7.04181493113138,"TNR6_HUMAN",17,1.49541565096991,0.175124057127496,0.269956232174042,0.0361604675000038,"Non-significant",0.568706642011763,"FAS","TNR6_HUMAN"
0.0814726352499999,9.260096430875,1.90753349986845,0.0971038537056225,0.171814324385194,-6.49095218032861,"GID4_HUMAN",6,1.49524499827256,0.175167526563734,0.269973867508816,0.0814726352499999,"Non-significant",0.568678271937244,"GID4","GID4_HUMAN"
0.112800359499998,9.77024567125,2.37657963060535,0.0482840070346719,0.100045696975233,-5.79523942644452,"VMA21_HUMAN",3,1.4939344442782,0.1755016802602,0.270439426492363,0.112800359499998,"Non-significant",0.567929993721965,"VMA21","VMA21_HUMAN"
0.955565214000001,8.40812146675,1.4521375296688,0.188758234276573,0.285850369514415,-7.11379234604869,"I17RA_HUMAN",8,1.49346219611236,0.175622230345652,0.270572366427935,0.955565214000001,"Non-significant",0.567716559995155,"IL17RA","I17RA_HUMAN"
-0.127344131249999,7.941032290625,-1.43644934200878,0.1930180445608,0.291202630678894,-7.13377262548104,"FLNC_HUMAN",88,-1.49334502489632,0.175652151986435,0.270572366427935,-0.127344131249999,"Non-significant",0.567716559995155,"FLNC","FLNC_HUMAN"
0.0978963374999982,10.20413887625,1.47005471850615,0.183996597899678,0.280532555403392,-7.09082899306718,"ZNT10_HUMAN",14,1.4910112050004,0.176249087099461,0.271442272092337,0.0978963374999982,"Non-significant",0.566322518110086,"SLC30A10","ZNT10_HUMAN"
-0.131662607500003,14.19337427625,-1.57964803679536,0.157167262291865,0.249015574033483,-6.94721181411884,"HBA_HUMAN",6,-1.49039586432159,0.176406779726559,0.271635503528528,-0.131662607500003,"Non-significant",0.566013467164617,"HBA1","HBA_HUMAN"
0.068632602500001,9.402016878,1.41035626778749,0.200293691467164,0.29917718645126,-7.16673698954721,"NAV2_HUMAN",42,1.48983237407164,0.176551295828414,0.271808378545699,0.068632602500001,"Non-significant",0.565737160186011,"NAV2","NAV2_HUMAN"
0.0797729492499997,9.692246913875,1.50773184524549,0.17433560668804,0.269085301002287,-7.0420530018268,"DCNL4_HUMAN",12,1.48970573871567,0.176583788120179,0.271808756403394,0.0797729492499997,"Non-significant",0.56573655644672,"DCUN1D4","DCNL4_HUMAN"
-0.0790381450000002,14.563762665,-1.93873602945983,0.0927073594605618,0.165795568901256,-6.44589445075286,"NDUS6_HUMAN",6,-1.48947767464898,0.176642318686466,0.271849206537926,-0.0790381450000002,"Non-significant",0.565671930260958,"NDUFS6","NDUS6_HUMAN"
0.164852857249999,8.987021088625,1.47041900484156,0.183900917985384,0.280495598421573,-7.09036053604689,"IRF7_HUMAN",10,1.48926145679293,0.17669782511466,0.271879469431406,0.164852857249999,"Non-significant",0.565623586267937,"IRF7","IRF7_HUMAN"
0.0739610175000003,12.08797133125,1.49885330299903,0.176569853572037,0.271787307479675,-7.05360535160201,"TPRGL_HUMAN",13,1.48895307813073,0.176777017723258,0.271879469431406,0.0739610175000003,"Non-significant",0.565623586267937,"TPRG1L","TPRGL_HUMAN"
0.6929033995,7.261980951,1.44779597526693,0.189928578077246,0.287261436320313,-7.1193336021801,"ARGI2_HUMAN",10,1.48890854928408,0.176788455503115,0.271879469431406,0.6929033995,"Non-significant",0.565623586267937,"ARG2","ARGI2_HUMAN"
0.0469379399999976,13.8702111225,1.46378403560964,0.18565064214342,0.282158179341306,-7.09888304395449,"TTPA_HUMAN",18,1.48889862834043,0.176791003909543,0.271879469431406,0.0469379399999976,"Non-significant",0.565623586267937,"TTPA","TTPA_HUMAN"
0.0151336175000001,12.44182956125,0.934960415597449,0.380207421072147,0.489053617002461,-7.69649020931387,"CLIP1_HUMAN",81,1.48852119998289,0.176887978944899,0.271952412793945,0.0151336175000001,"Non-significant",0.565507083719751,"CLIP1","CLIP1_HUMAN"
0.136229515,8.26252627375,1.45389694403846,0.188285798888356,0.285322388470357,-7.11154417624937,"NR2C2_HUMAN",15,1.48836804648966,0.17692734324965,0.271952412793945,0.136229515,"Non-significant",0.565507083719751,"NR2C2","NR2C2_HUMAN"
0.0521140100000004,11.3716316225,1.42945257516947,0.194945468683669,0.293270632792191,-7.14264497591997,"CASP8_HUMAN",22,1.48833737554079,0.176935227400877,0.271952412793945,0.0521140100000004,"Non-significant",0.565507083719751,"CASP8","CASP8_HUMAN"
-0.0454606975000011,11.34344482375,-1.40188672141327,0.202707224227664,0.302036272408518,-7.17736364676779,"ERLEC_HUMAN",26,-1.4881815452654,0.176975289378564,0.271964396385035,-0.0454606975000011,"Non-significant",0.565487946942225,"ERLEC1","ERLEC_HUMAN"
-0.144031524749998,8.495931148625,-1.44302775683976,0.191221432516224,0.28880226745731,-7.12540895097198,"KLOTB_HUMAN",22,-1.487594045767,0.177126401230097,0.272125622049993,-0.144031524749998,"Non-significant",0.565230565199096,"KLB","KLOTB_HUMAN"
-0.90763807275,9.425543547875,-1.44572090934595,0.1904902451007,0.287852684824991,-7.12197886469765,"TENX_HUMAN",11,-1.48752265142073,0.177144772593227,0.272125622049993,-0.90763807275,"Non-significant",0.565230565199096,"TNXB","TENX_HUMAN"
-0.051528217499996,10.42749774625,-1.75855373998312,0.121027728120445,0.203946965279334,-6.70254104782159,"MI4GD_HUMAN",10,-1.48732955512894,0.177194469157921,0.27215236525731,-0.051528217499996,"Non-significant",0.565187886907318,"MIF4GD","MI4GD_HUMAN"
0.528357624749999,7.433753311625,1.45473648340211,0.188060741510312,0.285178462300815,-7.11047089530476,"LCN1_HUMAN",5,1.48712622815092,0.177246812284095,0.272183162824309,0.528357624749999,"Non-significant",0.565138743639139,"LCN1","LCN1_HUMAN"
0.0881240369999983,9.0175908805,1.45244682847828,0.188675104771879,0.285775823561935,-7.11339723322244,"OSBL1_HUMAN",17,1.48609301250554,0.177513010796543,0.272542289253927,0.0881240369999983,"Non-significant",0.564566100489491,"OSBPL1A","OSBL1_HUMAN"
-0.640114903250001,6.871647179125,-1.44790467898874,0.189899195755698,0.287261436320313,-7.11919497106548,"BTBD8_HUMAN",6,-1.48535002085777,0.177704657409358,0.272786843435345,-0.640114903250001,"Non-significant",0.564176579621196,"BTBD8","BTBD8_HUMAN"
0.130721092249996,8.580118894625,1.63526946543694,0.144972663340193,0.233960287056191,-6.87240141804808,"LRC8C_HUMAN",5,1.48426221944968,0.177985578726424,0.273093405596053,0.130721092249996,"Non-significant",0.56368878667031,"LRRC8C","LRC8C_HUMAN"
0.0410869125000008,12.65321028125,1.41586439072483,0.198737803187926,0.297377173436793,-7.15980658432377,"THUM1_HUMAN",22,1.48417919951574,0.178007034714428,0.273093405596053,0.0410869125000008,"Non-significant",0.56368878667031,"THUMPD1","THUM1_HUMAN"
0.0814118399999977,11.670058965,1.58490552573786,0.155975207827391,0.247545664992861,-6.9401931120186,"CDS2_HUMAN",9,1.48410676098581,0.178025757898925,0.273093405596053,0.0814118399999977,"Non-significant",0.56368878667031,"CDS2","CDS2_HUMAN"
0.692021489,8.0843119025,1.45379683163971,0.188312652403315,0.285322388470357,-7.11167213908655,"UBTD1_HUMAN",3,1.48407502300983,0.17803396176893,0.273093405596053,0.692021489,"Non-significant",0.56368878667031,"UBTD1","UBTD1_HUMAN"
0.203828811500003,8.103763342,1.43972318103533,0.19212205558834,0.289954665452841,-7.12961296012633,"FOLH1_HUMAN",24,1.48372842282408,0.178123575653065,0.273157582101068,0.203828811500003,"Non-significant",0.563586740165126,"FOLH1","FOLH1_HUMAN"
0.0398218600000053,13.9632800825,1.54224876006312,0.165892003866575,0.259329321326291,-6.99680932892206,"SF01_HUMAN",15,1.48366254421927,0.178140613217412,0.273157582101068,0.0398218600000053,"Non-significant",0.563586740165126,"SF1","SF01_HUMAN"
0.0467710475000018,11.56094551125,1.45836395669762,0.187091091908239,0.28409130133211,-7.10582960484807,"DLGP4_HUMAN",18,1.48339070423694,0.178210932093022,0.273215705094959,0.0467710475000018,"Non-significant",0.563494339983032,"DLGAP4","DLGP4_HUMAN"
-0.0381317100000018,11.93816185,-1.34996281501371,0.218073826419905,0.319677266590152,-7.24170092498461,"ARHG7_HUMAN",33,-1.48229028905301,0.178495839036625,0.273602732722261,-0.0381317100000018,"Non-significant",0.562879569231631,"ARHGEF7","ARHG7_HUMAN"
0.547924280500001,6.852445245,1.4413914209461,0.191666922805675,0.289319572408495,-7.12749132477218,"SNPC3_HUMAN",9,1.48084455016104,0.178870773807416,0.274121024113598,0.547924280500001,"Non-significant",0.562057654331464,"SNAPC3","SNPC3_HUMAN"
0.295965432999999,8.363808036,1.55056976337913,0.16391322991677,0.25718998789435,-6.98582516550143,"S18B1_HUMAN",2,1.48073578287327,0.178899009805304,0.274121024113598,0.295965432999999,"Non-significant",0.562057654331464,"SLC18B1","S18B1_HUMAN"
0.0414028150000014,11.2401139725,1.39195378591437,0.205570615330783,0.305277434218318,-7.18977987690662,"NCOA5_HUMAN",25,1.48032497341908,0.179005692011547,0.274234637943534,0.0414028150000014,"Non-significant",0.5618776913493,"NCOA5","NCOA5_HUMAN"
-0.0608539599999993,13.4160537725,-1.86774413052181,0.103004827896106,0.179906277317919,-6.54806006760042,"DLRB1_HUMAN",8,-1.48012895808452,0.179056614889035,0.274262803361744,-0.0608539599999993,"Non-significant",0.561833089187837,"DYNLRB1","DLRB1_HUMAN"
-2.0205234295,7.446365774,-1.43705974188543,0.192850706404544,0.291002256405998,-7.13299746187099,"EVPL_HUMAN",14,-1.47914990324091,0.179311158174225,0.274602789289707,-2.0205234295,"Non-significant",0.561295055711879,"EVPL","EVPL_HUMAN"
0.0521543049999984,11.014686465,1.39493700297075,0.204706894974156,0.304531312696286,-7.18605614585345,"KPCA_HUMAN",29,1.47883505057188,0.179393085195415,0.274678349702481,0.0521543049999984,"Non-significant",0.561175570558665,"PRKCA","KPCA_HUMAN"
-0.076254365000004,14.8842535025,-1.96650108335189,0.0889589114796363,0.160529793376548,-6.40560972654416,"AN32B_HUMAN",6,-1.47675252451143,0.17993581878501,0.275459320112395,-0.076254365000004,"Non-significant",0.559942528772936,"ANP32B","AN32B_HUMAN"
0.2276387225,11.65303802625,1.55537431823836,0.162780563039289,0.255793692367295,-6.97946950925599,"SIM20_HUMAN",3,1.47581275846326,0.180181215184206,0.275784903357122,0.2276387225,"Non-significant",0.559429511068596,"SMIM20","SIM20_HUMAN"
-0.0725951200000026,11.1856353275,-2.6731637907343,0.0311428672805991,0.0714683442167628,-5.34443835129492,"DPOE3_HUMAN",5,-1.47528290380435,0.180319705505279,0.275946767920116,-0.0725951200000026,"Non-significant",0.559174688327034,"POLE3","DPOE3_HUMAN"
-0.0474104924999992,17.73489117625,-1.52858826860652,0.169187993653088,0.262911554036556,-7.01477739748455,"IF5A1_HUMAN",14,-1.47493535131082,0.180410598482841,0.275985753651287,-0.0474104924999992,"Non-significant",0.559113335580867,"EIF5A","IF5A1_HUMAN"
-0.0472445499999985,11.1353724,-1.375247426094,0.210467349135237,0.310688141131508,-7.21054811515191,"ACAP2_HUMAN",32,-1.4749350936968,0.180410665870043,0.275985753651287,-0.0472445499999985,"Non-significant",0.559113335580867,"ACAP2","ACAP2_HUMAN"
0.198330283000001,7.7483168245,1.72108580248699,0.12787841144115,0.212057275238531,-6.75471457926304,"KC1G1_HUMAN",2,1.47428986438279,0.180579516967838,0.276193930052968,0.198330283000001,"Non-significant",0.558785870194276,"CSNK1G1","KC1G1_HUMAN"
-0.0404171950000016,14.1450457575,-1.56811895465797,0.159810768007464,0.252019637705316,-6.96256343797381,"DAZP1_HUMAN",14,-1.47357538755828,0.180766654531492,0.276429994747087,-0.0404171950000016,"Non-significant",0.558414834501962,"DAZAP1","DAZP1_HUMAN"
0.101747512499998,9.2774071695,1.59127909734704,0.154541295437757,0.245686265417739,-6.93166943596056,"ZNT5_HUMAN",7,1.47238085213488,0.181079917799415,0.27685881137879,0.101747512499998,"Non-significant",0.5577416499657,"SLC30A5","ZNT5_HUMAN"
0.0635404550000018,12.3681309225,1.41879261844336,0.197915049253576,0.296415414029565,-7.1561160535271,"CASP6_HUMAN",22,1.47149243802619,0.181313216452793,0.27716523421846,0.0635404550000018,"Non-significant",0.55726124568352,"CASP6","CASP6_HUMAN"
-0.0486106850000034,12.30187273,-1.78288721461829,0.116767038858205,0.198834216269861,-6.66841813278202,"TPD53_HUMAN",10,-1.47133428166417,0.18135477668464,0.277178497311845,-0.0486106850000034,"Non-significant",0.557240464035082,"TPD52L1","TPD53_HUMAN"
0.144321323,7.23382121325,1.43134785252474,0.19442167867625,0.292639344564663,-7.14024401579848,"KAT2B_HUMAN",17,1.47011003092201,0.181676772813811,0.277620289711315,0.144321323,"Non-significant",0.556548796907181,"KAT2B","KAT2B_HUMAN"
0.276467085000001,7.47003436075,1.42725164617039,0.195555311614861,0.293925770613707,-7.14543091806992,"TTF2_HUMAN",23,1.46988222686284,0.181736745035355,0.277661595777236,0.276467085000001,"Non-significant",0.556484184691294,"TTF2","TTF2_HUMAN"
0.0554029950000032,13.58516562,1.42359223109199,0.196573048063722,0.294725220792707,-7.15005771637226,"OFUT1_HUMAN",20,1.46854389900399,0.182089433804225,0.278150024924939,0.0554029950000032,"Non-significant",0.555720896806155,"POFUT1","OFUT1_HUMAN"
0.0621271149999991,10.1819591525,1.39117864804293,0.205795565554525,0.305490097602932,-7.19074667567073,"MIB1_HUMAN",33,1.46801133805292,0.182229949332675,0.278314231368929,0.0621271149999991,"Non-significant",0.555464585807628,"MIB1","MIB1_HUMAN"
-0.0243530249999999,15.4928934575,-1.27190647138583,0.243087829305137,0.346815726677895,-7.33565432530028,"NDUV1_HUMAN",28,-1.46773396842519,0.182303171321499,0.278375621570455,-0.0243530249999999,"Non-significant",0.555368800243249,"NDUFV1","NDUV1_HUMAN"
-0.038829327500002,11.80699753875,-1.43329888436936,0.19388379388571,0.291986153057469,-7.13777058078194,"CSTF1_HUMAN",19,-1.46741076154254,0.182388526913651,0.278455514101642,-0.038829327500002,"Non-significant",0.555244177593922,"CSTF1","CSTF1_HUMAN"
0.0276110174999982,13.86510718125,1.24859955688018,0.251019639335204,0.354828868012148,-7.36302806206288,"NEUL_HUMAN",39,1.46661107900188,0.182599868266826,0.278727687363469,0.0276110174999982,"Non-significant",0.554819888581532,"NLN","NEUL_HUMAN"
0.087119340000001,10.3230055575,1.45063971662673,0.189161263286654,0.286357810388506,-7.11570507346136,"PAG15_HUMAN",14,1.46643533462643,0.182646343575774,0.278748149556436,0.087119340000001,"Non-significant",0.554788006957581,"PLA2G15","PAG15_HUMAN"
0.15034735225,7.505245268375,1.51574714540215,0.172340694382876,0.266689868359329,-7.03159352765668,"HEXI2_HUMAN",6,1.46492099503165,0.183047246104261,0.279309420241277,0.15034735225,"Non-significant",0.553914416644813,"HEXIM2","HEXI2_HUMAN"
0.0423390850000001,14.402688385,1.66497376965912,0.138826729840505,0.226312698242079,-6.83196408944041,"JUPI2_HUMAN",12,1.46457808293242,0.183138136850068,0.279397530408908,0.0423390850000001,"Non-significant",0.553777436928078,"JPT2","JUPI2_HUMAN"
0.55408167875,7.659136295375,1.42494774103408,0.196195511367541,0.294572847402387,-7.14834464425631,"MED26_HUMAN",9,1.46407363554771,0.183271916653638,0.279551028858761,0.55408167875,"Non-significant",0.553538905026269,"MED26","MED26_HUMAN"
-0.188677549999998,10.2827841025,-2.1325762927866,0.0694588402740114,0.13287983764631,-6.16139745231001,"S39A3_HUMAN",1,-1.46216616433608,0.183778568297585,0.280273123245946,-0.188677549999998,"Non-significant",0.552418546854848,"SLC39A3","S39A3_HUMAN"
0.036134717499996,12.05574703125,1.53777001072645,0.166966104895248,0.260525231055543,-7.0027092489476,"HEXI1_HUMAN",15,1.46031565866576,0.184271283127053,0.28097370576663,0.036134717499996,"Non-significant",0.551334320574536,"HEXIM1","HEXI1_HUMAN"
-0.0321254750000008,16.3404154775,-1.27555214670721,0.241866721582522,0.345541456986285,-7.33134349817143,"ACOX1_HUMAN",43,-1.46015763994983,0.184313411681522,0.280987112870962,-0.0321254750000008,"Non-significant",0.551313598021512,"ACOX1","ACOX1_HUMAN"
0.127861976750001,9.000123500875,1.41821012548234,0.198078472135688,0.296607468756744,-7.15685052769721,"RGPS2_HUMAN",19,1.45908462733967,0.184599709321063,0.281372685328615,0.127861976750001,"Non-significant",0.550718064636984,"RALGPS2","RGPS2_HUMAN"
-0.0218737149999999,14.9490157375,-1.11639985665665,0.300246948566828,0.408585975051629,-7.5118895063008,"HSP74_HUMAN",66,-1.45811449423695,0.184858898277125,0.281716805926214,-0.0218737149999999,"Non-significant",0.550187244234285,"HSPA4","HSP74_HUMAN"
0.164440989499997,8.2131002545,1.47032940201516,0.183924448033697,0.280495598421573,-7.09047576731459,"HFE_HUMAN",7,1.45790673956456,0.18491444593382,0.281750517855417,0.164440989499997,"Non-significant",0.550135277051001,"HFE","HFE_HUMAN"
0.0568797587500018,9.549939036375,1.39202666827441,0.205549475575222,0.305277434218318,-7.18968895771798,"BRD8_HUMAN",25,1.45746490076911,0.185032630465321,0.281879638928645,0.0568797587500018,"Non-significant",0.549936293480281,"BRD8","BRD8_HUMAN"
0.0635652524999983,10.15984606625,1.39903024664064,0.203527023621733,0.30298998271063,-7.18093942528036,"PDP1_HUMAN",24,1.45718855885929,0.185106581552499,0.281941340062525,0.0635652524999983,"Non-significant",0.549841240394011,"PDP1","PDP1_HUMAN"
0.0533339975000011,11.05704820125,1.51430779368557,0.17269739441707,0.267192793234486,-7.03347389991971,"RAB24_HUMAN",13,1.45695851298154,0.185168163580206,0.281984182622864,0.0533339975000011,"Non-significant",0.549775251936907,"RAB24","RAB24_HUMAN"
-0.0460569849999963,14.202293515,-1.40195204843004,0.202688509883842,0.302036272408518,-7.17728182080685,"DCTN2_HUMAN",21,-1.45607941498924,0.18540366156626,0.282291810574784,-0.0460569849999963,"Non-significant",0.549301720768315,"DCTN2","DCTN2_HUMAN"
0.0754787920000002,8.333841443,1.40693104974852,0.201266670942684,0.300367699960319,-7.17103894977977,"SET1A_HUMAN",22,1.45582864115403,0.185470889259963,0.282343168786748,0.0754787920000002,"Non-significant",0.54922271543236,"SETD1A","SET1A_HUMAN"
0.0804967882500005,8.638433933375,1.60654598364117,0.151156022042828,0.241461703342673,-6.91118620385961,"DCP2_HUMAN",8,1.45566448011593,0.185514909473604,0.28234668832891,0.0804967882500005,"Non-significant",0.549217301778403,"DCP2","DCP2_HUMAN"
0.0413229474999994,11.61161625375,1.33372650516341,0.223084283535617,0.325665148430251,-7.26152419147644,"SNUT1_HUMAN",36,1.45557019920564,0.185540195355775,0.28234668832891,0.0413229474999994,"Non-significant",0.549217301778403,"SART1","SNUT1_HUMAN"
0.590202092999998,7.069624424,1.41618437619265,0.198647747828682,0.297301467764197,-7.15940350594298,"PIGQ_HUMAN",9,1.455410929735,0.185582917967588,0.282360724828302,0.590202092999998,"Non-significant",0.549195711928188,"PIGQ","PIGQ_HUMAN"
0.0652778147500008,9.875203966875,1.43595079279136,0.193154815762627,0.291304695305633,-7.13440561179446,"CHKB_HUMAN",16,1.45434054185024,0.185870267397124,0.282746883936178,0.0652778147500008,"Non-significant",0.548602172598017,"CHKB","CHKB_HUMAN"
0.0282208924999967,11.11627042375,1.20971021384081,0.264743676969724,0.370154898518533,-7.40797266578759,"ANKH1_HUMAN",65,1.45353528910635,0.186086701514003,0.283025046384253,0.0282208924999967,"Non-significant",0.54817512975785,"ANKHD1","ANKH1_HUMAN"
0.646705269999998,8.1133849025,1.41254520922198,0.199674085055531,0.298413628179623,-7.16398465448313,"PKHA2_HUMAN",13,1.45334464933045,0.186137974115319,0.283051954504425,0.646705269999998,"Non-significant",0.548133841918564,"PLEKHA2","PKHA2_HUMAN"
0.10084795975,8.072864413375,1.52446117049882,0.170195478964318,0.264000311407846,-7.02018995138837,"TCPW_HUMAN",8,1.45276123231719,0.186294962395079,0.283239581173903,0.10084795975,"Non-significant",0.547846056475696,"CCT6B","TCPW_HUMAN"
0.0374228949999971,12.9733191725,1.45733147548488,0.187366622995355,0.284356007423091,-7.10715128584456,"ALG2_HUMAN",17,1.45192999799488,0.18651883803483,0.283528816193973,0.0374228949999971,"Non-significant",0.547402795402294,"ALG2","ALG2_HUMAN"
0.943743347750001,8.104409039125,1.41626636661863,0.198624678636966,0.297301467764197,-7.15930021623008,"RM35_HUMAN",3,1.45161852026806,0.186602789741111,0.283605285742485,0.943743347750001,"Non-significant",0.547285679175142,"MRPL35","RM35_HUMAN"
0.0823557400000006,11.012289165,1.38401173317014,0.207885785964846,0.307793657104811,-7.19967098958036,"PRG4_HUMAN",47,1.45101314397426,0.186766051316027,0.283802243833206,0.0823557400000006,"Non-significant",0.546984175190992,"PRG4","PRG4_HUMAN"
-0.0432362574999985,14.75028395625,-1.63072494702406,0.145935039330798,0.234883797311304,-6.87855890446717,"GPX4_HUMAN",12,-1.45020384571262,0.186984506396024,0.284082985654666,-0.0432362574999985,"Non-significant",0.546554776335375,"GPX4","GPX4_HUMAN"
-0.0322971325000001,11.69312548625,-1.36843651810339,0.212492998917798,0.313075246963488,-7.21897313469979,"MA1A2_HUMAN",22,-1.44828212649385,0.187504150138989,0.284821135613902,-0.0322971325000001,"Non-significant",0.545427786313599,"MAN1A2","MA1A2_HUMAN"
-0.0957562874999951,11.20733249125,-2.11170776460946,0.0716547196659143,0.135939147437315,-6.1923557037024,"RNAS2_HUMAN",4,-1.44778545748449,0.187638660995111,0.284974103338341,-0.0957562874999951,"Non-significant",0.545194604160826,"RNASE2","RNAS2_HUMAN"
0.0182063575000004,15.35413539375,1.13559291709894,0.292641228361472,0.399994804084198,-7.49098367055044,"ODBA_HUMAN",31,1.44622640340734,0.188061450954275,0.285564757718174,0.0182063575000004,"Non-significant",0.544295390988774,"BCKDHA","ODBA_HUMAN"
0.170046568,9.4745310545,1.54762577907956,0.164610837085061,0.258188452882393,-6.98971475261721,"GEMI7_HUMAN",4,1.44604642021779,0.188110313947576,0.285567634170394,0.170046568,"Non-significant",0.544291016425732,"GEMIN7","GEMI7_HUMAN"
0.0357315580000019,10.037255406,1.335178738316,0.222632074905763,0.325291711794689,-7.25975698653555,"CYFP2_HUMAN",27,1.44596985555585,0.188131103636042,0.285567634170394,0.0357315580000019,"Non-significant",0.544291016425732,"CYFIP2","CYFP2_HUMAN"
0.743481159000002,7.5270745755,1.41937787916312,0.197750970834159,0.296274961457718,-7.1553779189672,"POP5_HUMAN",2,1.44555292551132,0.188244348968972,0.285688083806169,0.743481159000002,"Non-significant",0.544107873881007,"POP5","POP5_HUMAN"
0.0774722102500007,9.186136484125,1.39734722756006,0.204011419872369,0.303657470970192,-7.1830443050162,"SIN1_HUMAN",22,1.44542481547004,0.188279158016563,0.285689473073197,0.0774722102500007,"Non-significant",0.54410576196395,"MAPKAP1","SIN1_HUMAN"
-0.059195514999999,12.1657626625,-2.08389353288516,0.0746891538677431,0.140400285002499,-6.23350686858705,"UQCC2_HUMAN",7,-1.44500705509519,0.188392708316075,0.285810320085708,-0.059195514999999,"Non-significant",0.543922093685856,"UQCC2","UQCC2_HUMAN"
0.908627033249996,7.801862239875,1.40477406043133,0.201881545368055,0.301072106494575,-7.17374501301851,"INAR1_HUMAN",8,1.44470833279925,0.188473940522124,0.285882102692277,0.908627033249996,"Non-significant",0.543813032278529,"IFNAR1","INAR1_HUMAN"
1.4023557905,7.9851291775,1.40545374924261,0.201687612565871,0.300836115080115,-7.17289255985634,"CERS5_HUMAN",3,1.44392279568443,0.188687701923622,0.286154846979887,1.4023557905,"Non-significant",0.543398893478147,"CERS5","CERS5_HUMAN"
-0.0214681649999982,12.139694215,-1.14119011692824,0.290453102651771,0.397952727645201,-7.48484026463061,"MYPT1_HUMAN",42,-1.44376310295628,0.188731184062073,0.286169302115346,-0.0214681649999982,"Non-significant",0.543376955611026,"PPP1R12A","MYPT1_HUMAN"
-0.81917762725,7.203830838125,-1.41023886778971,0.200326971210216,0.29917718645126,-7.16688453801081,"DIK2B_HUMAN",3,-1.44351301275383,0.188799298082741,0.286221094161767,-0.81917762725,"Non-significant",0.543298362398509,"DIPK2B","DIK2B_HUMAN"
0.475062847250001,6.809743165625,1.4259492823086,0.195916977728786,0.294244281398175,-7.14707832745937,"ZC4H2_HUMAN",3,1.44334312965931,0.188845579528,0.286239775191784,0.475062847250001,"Non-significant",0.543270017864621,"ZC4H2","ZC4H2_HUMAN"
0.430654525749997,7.851068735125,1.41479156590215,0.19903999970745,0.297677103891785,-7.16115762311537,"TFEB_HUMAN",5,1.44212233387148,0.189178458886594,0.286678047767217,0.430654525749997,"Non-significant",0.542605561670098,"TFEB","TFEB_HUMAN"
0.492742180750001,7.871695697375,1.40170456652197,0.202759414551895,0.30206064073134,-7.17759179509824,"TRAF3_HUMAN",14,1.44203332380907,0.189202749997512,0.286678047767217,0.492742180750001,"Non-significant",0.542605561670098,"TRAF3","TRAF3_HUMAN"
0.0286200050000005,11.3356839425,1.69622816206898,0.132624195720053,0.218380415261639,-6.78907123540904,"TPC6B_HUMAN",14,1.44187435655675,0.189246139525887,0.28669225558298,0.0286200050000005,"Non-significant",0.542584038490572,"TRAPPC6B","TPC6B_HUMAN"
-0.321210862500003,14.06062388375,-1.48623668344422,0.179789457942001,0.275585623021117,-7.06996000770656,"MT1H_HUMAN",2,-1.44155552749344,0.189333189387537,0.286725185901348,-0.321210862500003,"Non-significant",0.542534157009698,"MT1H","MT1H_HUMAN"
-0.0228934275000015,16.93185877875,-1.25993520113349,0.247134744516154,0.350454031212427,-7.34975475266506,"IVD_HUMAN",26,-1.44140991244258,0.189372958476166,0.286725185901348,-0.0228934275000015,"Non-significant",0.542534157009698,"IVD","IVD_HUMAN"
-0.0353026425000031,16.44094586375,-1.52052261631661,0.171162038313562,0.265157252434197,-7.02534827157823,"HMGB1_HUMAN",15,-1.44132996568671,0.189394795978104,0.286725185901348,-0.0353026425000031,"Non-significant",0.542534157009698,"HMGB1","HMGB1_HUMAN"
0.596812486999999,6.7667473555,1.40399413388002,0.202104282548378,0.30135096366536,-7.17472289385731,"DXO_HUMAN",7,1.44129648120869,0.189403942946815,0.286725185901348,0.596812486999999,"Non-significant",0.542534157009698,"DXO","DXO_HUMAN"
-0.0566082000000065,18.010251045,-1.482810420578,0.180672926296753,0.276519333168716,-7.07438880368017,"PPIA_HUMAN",13,-1.44025896972687,0.189687554842164,0.287097242417332,-0.0566082000000065,"Non-significant",0.541970978902614,"PPIA","PPIA_HUMAN"
0.282171249999998,10.8582582475,1.51305535170535,0.173008321148325,0.267526534389879,-7.03510934419019,"DPM3_HUMAN",2,1.44014827606011,0.18971783607362,0.287097242417332,0.282171249999998,"Non-significant",0.541970978902614,"DPM3","DPM3_HUMAN"
0.0299897200000032,17.90839982,1.21894821497161,0.261427560753353,0.366285390556851,-7.39738047634046,"DHB4_HUMAN",66,1.43951706287906,0.189890592045582,0.287307090352218,0.0299897200000032,"Non-significant",0.541653656072632,"HSD17B4","DHB4_HUMAN"
0.143774509250001,8.883953571375,1.60677726152457,0.151105270862183,0.241453332340729,-6.91087519341614,"PYGO2_HUMAN",4,1.438411143843,0.190193606362242,0.287706310348188,0.143774509250001,"Non-significant",0.541050612494999,"PYGO2","PYGO2_HUMAN"
0.0450627775000001,10.68114507125,1.36120829217558,0.21466150333455,0.315611570252626,-7.2278875501842,"TPC12_HUMAN",25,1.43830498642521,0.190222715336392,0.287706310348188,0.0450627775000001,"Non-significant",0.541050612494999,"TRAPPC12","TPC12_HUMAN"
-0.082664012500004,17.74513983875,-1.42427539087674,0.196382693446351,0.294693804650039,-7.14919446363821,"H2B2F_HUMAN;H2B1H_HUMAN",14,-1.43798074917561,0.190311647534099,0.287789177801385,-0.082664012500004,"Non-significant",0.54092554156519,"H2BC18;H2BC9","H2B2F_HUMAN;H2B1H_HUMAN"
0.0440943242500005,9.386378407375,1.31196249250456,0.229957719758982,0.332529356638954,-7.28786876304299,"CBP_HUMAN",48,1.43494136747947,0.191147088165424,0.289000682716836,0.0440943242500005,"Non-significant",0.539101131292572,"CREBBP","CBP_HUMAN"
0.296601533750001,7.384980797625,1.43527453804505,0.19334047695899,0.291428269007033,-7.13526402888391,"GLT18_HUMAN",4,1.43468265447796,0.191218351092938,0.289056578436581,0.296601533750001,"Non-significant",0.539017142371909,"GALNT18","GLT18_HUMAN"
0.495820045749999,7.671033501625,1.39217951058701,0.205505149433994,0.305277434218318,-7.18949828131866,"CAMP2_HUMAN",24,1.43327597323557,0.19160623616699,0.28957901331715,0.495820045749999,"Non-significant",0.538232915992922,"CAMSAP2","CAMP2_HUMAN"
0.508919835000001,7.75850576175,1.39513149490313,0.204650696145747,0.304531312696286,-7.185813217182,"PI51C_HUMAN",9,1.43308507044895,0.191658930337858,0.28957901331715,0.508919835000001,"Non-significant",0.538232915992922,"PIP5K1C","PI51C_HUMAN"
0.437239051000001,6.50225001575,1.39291250685567,0.205292689098507,0.30513349963169,-7.1885836745497,"AMOT_HUMAN",15,1.43305576538329,0.191667020440904,0.28957901331715,0.437239051000001,"Non-significant",0.538232915992922,"AMOT","AMOT_HUMAN"
0.0425357824999981,11.97172808625,1.34741052412196,0.218854876229909,0.320543484229697,-7.24482656013231,"PRP4_HUMAN",26,1.43287006548478,0.191718292720193,0.289592229664125,0.0425357824999981,"Non-significant",0.53821309530385,"PRPF4","PRP4_HUMAN"
0.66472101225,7.271854519875,1.39250553796856,0.205410625771488,0.305254965554984,-7.18909151002406,"SRBP1_HUMAN",13,1.43277523129186,0.191744481404138,0.289592229664125,0.66472101225,"Non-significant",0.53821309530385,"SREBF1","SRBP1_HUMAN"
0.135217905000003,8.83471786975,1.43386184049195,0.193728838586501,0.291909256425745,-7.13705654175677,"CTU1_HUMAN",9,1.43230827839659,0.191873477781443,0.289735138699352,0.135217905000003,"Non-significant",0.537998830934301,"CTU1","CTU1_HUMAN"
0.113079545000003,15.72954321,1.63460686018274,0.145112611622135,0.234051703666853,-6.87329968688961,"GSTA2_HUMAN",5,1.43125181287541,0.192165611682208,0.290124295337512,0.113079545000003,"Non-significant",0.537415901362055,"GSTA2","GSTA2_HUMAN"
-0.0222899899999973,11.753564955,-1.22251537114767,0.260156471188782,0.364760359807532,-7.39327624949941,"YMEL1_HUMAN",28,-1.42973367777047,0.192586096439559,0.29066051594666,-0.0222899899999973,"Non-significant",0.536613959874325,"YME1L1","YMEL1_HUMAN"
0.412456154500001,7.0326960685,1.39943165169609,0.20341164436211,0.302871710003219,-7.18043719154613,"DPOLM_HUMAN",6,1.42963569616742,0.192613262822261,0.29066051594666,0.412456154500001,"Non-significant",0.536613959874325,"POLM","DPOLM_HUMAN"
0.131131887500002,9.0009149315,1.38350939003323,0.208032994673406,0.307903443740498,-7.20029551443575,"LZTR1_HUMAN",27,1.42959614089918,0.192624230878876,0.29066051594666,0.131131887500002,"Non-significant",0.536613959874325,"LZTR1","LZTR1_HUMAN"
-0.143869996000003,7.95249408475,-1.39503197737133,0.204679450226001,0.304531312696286,-7.18593752122298,"TTL_HUMAN",15,-1.42946508216484,0.192660575366514,0.290663323745185,-0.143869996000003,"Non-significant",0.536609764583087,"TTL","TTL_HUMAN"
0.616290569250001,7.814834594625,1.38771402457653,0.206803686585651,0.306542297879926,-7.1950641763056,"EPG5_HUMAN",38,1.42880956893134,0.192842449853183,0.290885649572741,0.616290569250001,"Non-significant",0.536277703521246,"EPG5","EPG5_HUMAN"
-0.0339272024999993,13.51517569875,-1.27011440141781,0.243690010851659,0.347284609035923,-7.33777050110027,"PTN11_HUMAN",40,-1.42823196707965,0.193002833526185,0.291075484664916,-0.0339272024999993,"Non-significant",0.535994370731213,"PTPN11","PTN11_HUMAN"
-0.0581963075000012,12.06382024375,-1.42672070675302,0.195702681348607,0.293990001976012,-7.14610262468509,"AAMP_HUMAN",15,-1.42771279245715,0.193147094378349,0.291240940700376,-0.0581963075000012,"Non-significant",0.535747574858723,"AAMP","AAMP_HUMAN"
-0.201220035249998,7.025969147625,-1.41158361646844,0.199946065309791,0.298767130738563,-7.16519404060009,"CNNM2_HUMAN",8,-1.42758096173854,0.193183740814221,0.291244097893592,-0.201220035249998,"Non-significant",0.535742866921176,"CNNM2","CNNM2_HUMAN"
0.0605883597500032,9.894112110125,1.34888392216334,0.218403690110298,0.320049496512466,-7.24302260873469,"RIPR1_HUMAN",37,1.42741722270742,0.193229265724331,0.29126063676509,0.0605883597500032,"Non-significant",0.535718205351224,"RIPOR1","RIPR1_HUMAN"
0.0941765309999987,9.09585559375,1.42359776038068,0.19657150673067,0.294725220792707,-7.15005073039483,"HDAC3_HUMAN",12,1.42692932172971,0.193364974772772,0.291373792929112,0.0941765309999987,"Non-significant",0.535549512614435,"HDAC3","HDAC3_HUMAN"
0.129758835000001,10.305787085,1.39165605997357,0.205656991651674,0.305351908161345,-7.19015125526896,"CE192_HUMAN",16,1.42689878167385,0.193373472255956,0.291373792929112,0.129758835000001,"Non-significant",0.535549512614435,"CEP192","CE192_HUMAN"
0.514382839000001,7.65517139425,1.3880125082051,0.206716663542367,0.306493360949623,-7.19469245975875,"PUS7L_HUMAN",10,1.42657013320884,0.193464936515252,0.29144944388508,0.514382839000001,"Non-significant",0.535436769021399,"PUS7L","PUS7L_HUMAN"
0.112408160999999,9.5283977985,1.46969174038626,0.184091978844971,0.280598786561349,-7.09129570583818,"TSR3_HUMAN",8,1.42646992378908,0.193492832836743,0.29144944388508,0.112408160999999,"Non-significant",0.535436769021399,"TSR3","TSR3_HUMAN"
0.0255346299999957,13.5505304325,1.1915119509155,0.271379527570353,0.377780022772999,-7.42868216817281,"TOP1_HUMAN",42,1.42619067609195,0.193570588656793,0.291514470571396,0.0255346299999957,"Non-significant",0.535339882300075,"TOP1","TOP1_HUMAN"
0.660768151250001,7.345970451875,1.39223231458937,0.205489837593354,0.305277434218318,-7.18943240359251,"TIRAP_HUMAN",4,1.42492501000577,0.193923356942185,0.291956251693278,0.660768151250001,"Non-significant",0.534682220714719,"TIRAP","TIRAP_HUMAN"
0.0477645375000026,11.61132967625,1.36710434968325,0.212891202588872,0.313544756891168,-7.22061815172203,"NUDC3_HUMAN",22,1.42488967722495,0.193933213101277,0.291956251693278,0.0477645375000026,"Non-significant",0.534682220714719,"NUDCD3","NUDC3_HUMAN"
-0.0998046425000023,12.87434184375,-1.60255150173806,0.152035060375112,0.242433508116122,-6.91655444747663,"CIRBP_HUMAN",6,-1.4246280950345,0.194006195830054,0.292013968687772,-0.0998046425000023,"Non-significant",0.534596373281313,"CIRBP","CIRBP_HUMAN"
0.0654394625000005,9.72402250775,1.42683442157466,0.195671109854836,0.293990001976012,-7.14595877253997,"CC85C_HUMAN",14,1.42441565983461,0.194065484180315,0.292051056267788,0.0654394625000005,"Non-significant",0.534541218698582,"CCDC85C","CC85C_HUMAN"
0.235513687000001,7.981463194,1.38763259689661,0.20682743248633,0.306542297879926,-7.19516557425775,"VEZF1_HUMAN",12,1.42243931367929,0.194617829311023,0.292830004152555,0.235513687000001,"Non-significant",0.533384426348998,"VEZF1","VEZF1_HUMAN"
0.0437326400000035,10.442172765,1.29810454130486,0.23442932154897,0.337429954708637,-7.30450491456206,"LIPA1_HUMAN",50,1.42115024437088,0.194978844243313,0.293320842071548,0.0437326400000035,"Non-significant",0.532657076893045,"PPFIA1","LIPA1_HUMAN"
1.430697082,10.5883700265,1.38159607960279,0.208594522337924,0.308680342132437,-7.20267298572443,"TOM5_HUMAN",5,1.42089894905692,0.195049290556397,0.293374459332597,1.430697082,"Non-significant",0.532577697765183,"TOMM5","TOM5_HUMAN"
-0.0267965824999976,16.01696717625,-1.26788002105546,0.244442607979751,0.347855023031504,-7.34040633738562,"HGD_HUMAN",27,-1.41966182195119,0.195396425860545,0.293844152288766,-0.0267965824999976,"Non-significant",0.531882947637997,"HGD","HGD_HUMAN"
-0.0955650805000019,8.63689339175,-1.46488107671283,0.185360307998509,0.281869391325894,-7.09747534475616,"B4GT3_HUMAN",9,-1.41898689669233,0.19558603852628,0.294076831740638,-0.0955650805000019,"Non-significant",0.531539189173778,"B4GALT3","B4GT3_HUMAN"
-0.788846016250001,7.226418614375,-1.38052636759011,0.208909049384937,0.309037272247392,-7.20400137468352,"KCRM_HUMAN",6,-1.41814174726601,0.195823702941201,0.294381664364435,-0.788846016250001,"Non-significant",0.531089243632548,"CKM","KCRM_HUMAN"
0.0496783257499995,9.769360065625,1.34176683939627,0.220590643360648,0.322693254579469,-7.25172550909031,"GLMN_HUMAN",27,1.41735391438156,0.196045479035372,0.29466250763002,0.0496783257499995,"Non-significant",0.530675119546226,"GLMN","GLMN_HUMAN"
-0.0542659724999996,11.56287741625,-1.60696511451405,0.151064060386189,0.241436512103983,-6.91062256301698,"DPH5_HUMAN",10,-1.41719012263726,0.196091614486665,0.294679304422909,-0.0542659724999996,"Non-significant",0.530650363948309,"DPH5","DPH5_HUMAN"
0.0418894299999995,13.94711554,1.32002760069095,0.227389471384425,0.330118128539324,-7.27813696771524,"RHG01_HUMAN",29,1.41622516392035,0.196363610410219,0.295035449580702,0.0418894299999995,"Non-significant",0.530125798827493,"ARHGAP1","RHG01_HUMAN"
0.0940406322499996,9.720727801375,1.62370948523558,0.147432364105805,0.236706170866253,-6.88804888126982,"FWCH2_HUMAN",6,1.41560228470428,0.196539360149041,0.295239646864968,0.0940406322499996,"Non-significant",0.529825322802507,"FLYWCH2","FWCH2_HUMAN"
0.0546958449999995,10.3869498975,1.41916451298697,0.197810774209703,0.296311891916401,-7.15564703753814,"MED15_HUMAN",15,1.41549526978501,0.196569569131119,0.295239646864968,0.0546958449999995,"Non-significant",0.529825322802507,"MED15","MED15_HUMAN"
0.9555585405,9.647991777,1.37975965651801,0.209134742575268,0.309262586871392,-7.20495312423665,"FITM2_HUMAN",3,1.41464459679369,0.196809849341832,0.295547874595101,0.9555585405,"Non-significant",0.529372159492013,"FITM2","FITM2_HUMAN"
-0.0277528750000027,13.49537277,-1.28850916263513,0.237569305362228,0.340730249259524,-7.3159598228809,"DBNL_HUMAN",25,-1.41428174939322,0.196912417671821,0.295649228456677,-0.0277528750000027,"Non-significant",0.529223250023391,"DBNL","DBNL_HUMAN"
0.0824100974999968,13.06725537875,1.72648730034817,0.126868607831106,0.21104706836558,-6.74722139709262,"SPP2A_HUMAN",6,1.4138194087097,0.197043178721176,0.295792867932465,0.0824100974999968,"Non-significant",0.529012301789148,"SPPL2A","SPP2A_HUMAN"
-0.0750370025000002,11.21700954375,-1.5793652557424,0.157231616130054,0.249070718353736,-6.94758900539379,"UBL4A_HUMAN",8,-1.41329778083812,0.197190799578717,0.295961760977388,-0.0750370025000002,"Non-significant",0.528764397283295,"UBL4A","UBL4A_HUMAN"
-0.0788550374999986,8.21281981475,-1.36265345283771,0.214226399284619,0.315133389104722,-7.22610748403511,"CC186_HUMAN",24,-1.41282864877873,0.197323647421671,0.296108425158851,-0.0788550374999986,"Non-significant",0.528549235474791,"CCDC186","CC186_HUMAN"
0.0330524449999974,12.0265491,1.27051302226683,0.243555953684374,0.347284609035923,-7.33729995055788,"XPOT_HUMAN",33,1.41259175461232,0.197390760611613,0.296156411747114,0.0330524449999974,"Non-significant",0.528478860503207,"XPOT","XPOT_HUMAN"
-0.0869379025000026,11.22493791625,-1.5759661128024,0.158007079246721,0.24992337605003,-6.95212043923034,"EMC10_HUMAN",7,-1.41239754680634,0.197445795579311,0.296186262847128,-0.0869379025000026,"Non-significant",0.528435087975643,"EMC10","EMC10_HUMAN"
1.21556591975,8.808213114625,1.37241534757021,0.211307570403127,0.311741168047282,-7.21405433153308,"CF047_HUMAN",6,1.41147134198487,0.197708451420015,0.296527497690269,1.21556591975,"Non-significant",0.52793502728649,"C6orf47","CF047_HUMAN"
0.248058319,7.426925659,1.37711082089282,0.209916124053742,0.310226989818902,-7.20823886910813,"NEDD1_HUMAN",11,1.41068725890824,0.197931044716587,0.296808535121173,0.248058319,"Non-significant",0.527523614502408,"NEDD1","NEDD1_HUMAN"
0.0450112850000011,11.828556655,1.34360295782822,0.22002461239836,0.322088825617537,-7.24948290045367,"ARI1_HUMAN",23,1.40815105175337,0.198652562043312,0.297789746511874,0.0450112850000011,"Non-significant",0.526090259941719,"ARIH1","ARI1_HUMAN"
0.110594509999999,10.1706281875,1.48260252480529,0.180726658728966,0.276519333168716,-7.07465735598498,"JMJD8_HUMAN",7,1.40813885293139,0.198656038039657,0.297789746511874,0.110594509999999,"Non-significant",0.526090259941719,"JMJD8","JMJD8_HUMAN"
-0.0365211975000026,14.18013965875,-1.36120068576339,0.214663795498672,0.315611570252626,-7.22789691638474,"HMOX2_HUMAN",20,-1.40759091965216,0.198812224290482,0.29797088167576,-0.0365211975000026,"Non-significant",0.525826173995599,"HMOX2","HMOX2_HUMAN"
0.790959120000002,8.0695198775,1.36927608197051,0.212242378300954,0.312760665506773,-7.21793592435165,"MID49_HUMAN",7,1.40738171859665,0.198871884766574,0.298007309635102,0.790959120000002,"Non-significant",0.5257730832551,"MIEF2","MID49_HUMAN"
-0.50723981875,6.831457018875,-1.3694267376498,0.212197433173731,0.312749278210177,-7.21774976256896,"KSR1_HUMAN",9,-1.40676817926561,0.199046946388352,0.298216621241987,-0.50723981875,"Non-significant",0.525468154603648,"KSR1","KSR1_HUMAN"
0.0844161512499966,8.784074187125,1.39960882802083,0.203360735518496,0.302849406304842,-7.18021548425955,"NPRL2_HUMAN",13,1.40640450102899,0.199150779019936,0.298319160540081,0.0844161512499966,"Non-significant",0.525318851734854,"NPRL2","NPRL2_HUMAN"
-0.050246480000002,11.5306442975,-1.31627333418848,0.228581865667127,0.331221685698507,-7.28267159898158,"TAOK3_HUMAN",35,-1.40553521415622,0.199399159670426,0.298638151539094,-0.050246480000002,"Non-significant",0.524854711197396,"TAOK3","TAOK3_HUMAN"
0.0437073724999983,12.09435749125,1.31485427832387,0.229033983337747,0.331641769773749,-7.2843835679859,"CHIP_HUMAN",29,1.40530292048037,0.199465578924014,0.298662575583478,0.0437073724999983,"Non-significant",0.524819193987301,"STUB1","CHIP_HUMAN"
1.0699641705,8.7671962975,1.36942635669765,0.212197546812671,0.312749278210177,-7.21775023331794,"YIPF2_HUMAN",3,1.40523034959215,0.199486332961796,0.298662575583478,1.0699641705,"Non-significant",0.524819193987301,"YIPF2","YIPF2_HUMAN"
-0.0966925619999994,9.795917511,-1.42406229619066,0.196442052178419,0.294693804650039,-7.14946375867118,"MED4_HUMAN",10,-1.40425575641163,0.19976523425617,0.298950286951875,-0.0966925619999994,"Non-significant",0.524401025379619,"MED4","MED4_HUMAN"
0.144279956750001,8.433089733125,1.37530699721376,0.210449707225318,0.310688141131508,-7.21047431871345,"NSE4A_HUMAN",13,1.40424234051647,0.199769075903637,0.298950286951875,0.144279956750001,"Non-significant",0.524401025379619,"NSMCE4A","NSE4A_HUMAN"
1.75772345225,11.030071198875,1.36415343754354,0.213775608472936,0.314634992809216,-7.22425871374211,"BLTP2_HUMAN",28,1.40418706326197,0.199784905255655,0.298950286951875,1.75772345225,"Non-significant",0.524401025379619,"BLTP2","BLTP2_HUMAN"
0.0373823650000009,12.231343865,1.31585437188542,0.228715268368767,0.331313023530352,-7.2831771583577,"NHLC2_HUMAN",25,1.40395902970846,0.19985021726467,0.298971831425681,0.0373823650000009,"Non-significant",0.524369728172823,"NHLRC2","NHLC2_HUMAN"
0.0702130785000001,9.922743916,1.36219771287044,0.214363528233011,0.315280087153386,-7.2266689584538,"SLU7_HUMAN",20,1.40388912739242,0.199870242031524,0.298971831425681,0.0702130785000001,"Non-significant",0.524369728172823,"SLU7","SLU7_HUMAN"
1.07528352725,8.563291788125,1.36699718686074,0.212923263547876,0.313544756891168,-7.22075044003229,"SNR48_HUMAN",3,1.40279553282743,0.200183751705561,0.299387658468093,1.07528352725,"Non-significant",0.523766106363299,"SNRNP48","SNR48_HUMAN"
0.072149991749999,8.722517371125,1.44587740145839,0.190447834841054,0.287840200802447,-7.12177944341184,"SPRY3_HUMAN",11,1.40251986791329,0.200262847066285,0.29942840526512,0.072149991749999,"Non-significant",0.523707002707926,"SPRYD3","SPRY3_HUMAN"
0.0905323027500007,8.794655084625,1.41366618822839,0.199357438894991,0.298098962647841,-7.1625742232225,"ALKB1_HUMAN",11,1.40245297677447,0.200282044001038,0.29942840526512,0.0905323027500007,"Non-significant",0.523707002707926,"ALKBH1","ALKB1_HUMAN"
0.686872601499999,7.88087326275,1.36582027790307,0.213275650453664,0.314008813567499,-7.22220288789849,"STRAB_HUMAN",6,1.40221283091934,0.200350976250053,0.299478343467228,0.686872601499999,"Non-significant",0.523634577791333,"STRADB","STRAB_HUMAN"
0.115174532499998,10.56087911125,1.57777018272553,0.157595069909412,0.249505793438474,-6.94971600300829,"RBMS1_HUMAN",5,1.40136490024995,0.200594536007573,0.29978924539146,0.115174532499998,"Non-significant",0.523183951043845,"RBMS1","RBMS1_HUMAN"
-0.0501689897500022,9.955584525625,-1.411150849069,0.200068578219474,0.298897207694425,-7.16573817630396,"LIAS_HUMAN",15,-1.40003532615971,0.200976967426579,0.300307544484778,-0.0501689897500022,"Non-significant",0.522433757088563,"LIAS","LIAS_HUMAN"
0.954843282500001,7.84849464875,1.36049985848774,0.214875079424565,0.315812039140307,-7.22875975187628,"DPOD3_HUMAN",8,1.39935897362589,0.201171755670034,0.300545325867195,0.954843282500001,"Non-significant",0.522090021865619,"POLD3","DPOD3_HUMAN"
-0.0434110149999984,11.864580035,-1.63215209991755,0.14563217724758,0.234552539923854,-6.87662606236157,"MIC25_HUMAN",11,-1.39826242415536,0.201487912494923,0.300964312319637,-0.0434110149999984,"Non-significant",0.521484999029192,"CHCHD6","MIC25_HUMAN"
-0.034574984999999,11.5006849775,-1.24257182761287,0.253106506713736,0.357148714707044,-7.37005475744587,"COG2_HUMAN",46,-1.3981226811835,0.201528234504628,0.30097120635002,-0.034574984999999,"Non-significant",0.521475050989042,"COG2","COG2_HUMAN"
0.260358092499999,12.98414051625,1.3764435165138,0.210113378034024,0.310406407148996,-7.20906604732543,"TIM8A_HUMAN",7,1.39796075146375,0.20157496723921,0.300987670302799,0.260358092499999,"Non-significant",0.521451294536164,"TIMM8A","TIM8A_HUMAN"
-0.110850095500002,9.744999528,-1.40017969125169,0.203196783737277,0.302658718876392,-7.17950103308735,"SPN1_HUMAN",10,-1.39596708916778,0.202151116736736,0.30179450282925,-0.110850095500002,"Non-significant",0.520288675139176,"SNUPN","SPN1_HUMAN"
0.599310398,7.6867165565,1.35792587684198,0.215652645098877,0.316789150494673,-7.23192650435639,"NCK5L_HUMAN",9,1.39577723559621,0.202206057985944,0.301820880024185,0.599310398,"Non-significant",0.520250718948724,"NCKAP5L","NCK5L_HUMAN"
0.119203568750002,9.837262392625,1.42479353552556,0.19623842806265,0.294584810354421,-7.14853957265334,"S23A1_HUMAN",8,1.3956585877252,0.202240399854858,0.301820880024185,0.119203568750002,"Non-significant",0.520250718948724,"SLC23A1","S23A1_HUMAN"
0.263608932499999,7.48348224175,1.36293794770067,0.214140835849978,0.315062507484634,-7.22575692861025,"ALKB8_HUMAN",10,1.39522151585929,0.202366951712743,0.301942208872908,0.263608932499999,"Non-significant",0.520076172173094,"ALKBH8","ALKB8_HUMAN"
0.0669779777500015,9.239768743375,1.74642756531974,0.123205831132785,0.206537960805592,-6.71947630111977,"SDHF3_HUMAN",7,1.39513040186311,0.202393342049108,0.301942208872908,0.0669779777500015,"Non-significant",0.520076172173094,"SDHAF3","SDHF3_HUMAN"
-0.0574345575000024,16.30390858625,-1.42808658872965,0.195323761888838,0.293682481084733,-7.14437432676894,"TCTP_HUMAN",13,-1.39468562396195,0.202522211293882,0.302080997875797,-0.0574345575000024,"Non-significant",0.519876592757963,"TPT1","TCTP_HUMAN"
0.0357360875000019,11.63172888875,1.24053978089617,0.253813335783787,0.357877652613172,-7.37241862806715,"TBC9B_HUMAN",52,1.39444452917425,0.202592095824895,0.302099786568808,0.0357360875000019,"Non-significant",0.519849581552346,"TBC1D9B","TBC9B_HUMAN"
0.055623293,9.0146945715,1.30305467455174,0.23282348902052,0.335809238356257,-7.29857489303236,"DOCK9_HUMAN",54,1.39434176289483,0.202621890433546,0.302099786568808,0.055623293,"Non-significant",0.519849581552346,"DOCK9","DOCK9_HUMAN"
0.0396430474999985,10.34618031875,1.26883634090439,0.244120251638471,0.347621508179907,-7.33927855310298,"TPC11_HUMAN",42,1.394271273878,0.202642329251399,0.302099786568808,0.0396430474999985,"Non-significant",0.519849581552346,"TRAPPC11","TPC11_HUMAN"
-0.159509180000001,12.9136562325,-2.50475611154864,0.0399207053640733,0.0865017032169085,-5.60081155990002,"IF1AY_HUMAN",1,-1.39412058638521,0.202686028288499,0.302111499990054,-0.159509180000001,"Non-significant",0.519832742826142,"EIF1AY","IF1AY_HUMAN"
0.030195234999999,14.7723047725,1.26863304797507,0.244188747174425,0.347621508179907,-7.33951834072891,"ARPC2_HUMAN",27,1.39373896911111,0.202796733456753,0.302223066885957,0.030195234999999,"Non-significant",0.519672391621825,"ARPC2","ARPC2_HUMAN"
0.0553364750000025,13.704678535,1.35707602526286,0.215909915533011,0.317111810076277,-7.23297129353922,"MGAT1_HUMAN",19,1.39354651203007,0.202852584378927,0.302252860832593,0.0553364750000025,"Non-significant",0.519629579837153,"MGAT1","MGAT1_HUMAN"
-0.0419907574999989,10.93242382875,-1.29495223314534,0.235456910747388,0.338512505358856,-7.3082739441233,"A16L1_HUMAN",31,-1.39328403610045,0.202928776490673,0.302292936784586,-0.0419907574999989,"Non-significant",0.519572000196697,"ATG16L1","A16L1_HUMAN"
-0.444829106499997,7.90417605625,-1.37789182546569,0.209685467878385,0.309968223210612,-7.20727045422087,"PLA1A_HUMAN",3,-1.3932067789822,0.202951207647879,0.302292936784586,-0.444829106499997,"Non-significant",0.519572000196697,"PLA1A","PLA1A_HUMAN"
-0.0326478475000016,10.91183936625,-1.26025094518222,0.247027272198634,0.350360571657796,-7.34938394007902,"OXR1_HUMAN",31,-1.39300151416819,0.203010815671955,0.302328297755991,-0.0326478475000016,"Non-significant",0.519521201204216,"OXR1","OXR1_HUMAN"
0.0331361325000028,12.01110398875,1.47677510932352,0.182238691908182,0.278378023576308,-7.08217685736248,"NEK7_HUMAN",15,1.39240684575269,0.203183591587063,0.302532148646414,0.0331361325000028,"Non-significant",0.519228468159031,"NEK7","NEK7_HUMAN"
0.12187457125,8.460518479375,1.53635328757555,0.167307188080084,0.260690082042009,-7.0045737204756,"GL1D1_HUMAN",5,1.3920867471717,0.20327664695829,0.302617247829641,0.12187457125,"Non-significant",0.51910632276436,"GLT1D1","GL1D1_HUMAN"
1.46917760325,7.232683360375,1.3512681348389,0.217675317439471,0.319259657333792,-7.24010102029599,"LEG7_HUMAN",11,1.39070765514171,0.203677988452116,0.303161180410187,1.46917760325,"Non-significant",0.518326410602649,"LGALS7","LEG7_HUMAN"
0.0502610225000026,10.76182961375,1.44735951149298,0.190046594112604,0.287388364150545,-7.11989017212366,"HSDL1_HUMAN",13,1.39003249704835,0.203874725381653,0.303400434364752,0.0502610225000026,"Non-significant",0.517983801788972,"HSDL1","HSDL1_HUMAN"
0.0699484359999989,10.083726047,1.33004551644498,0.224234088432434,0.326775437655081,-7.26599834866123,"ATP7B_HUMAN",29,1.38931244846905,0.204084726765039,0.303577761278759,0.0699484359999989,"Non-significant",0.517730046042918,"ATP7B","ATP7B_HUMAN"
0.0556993474999992,11.10855317125,1.33413845337357,0.222955926341459,0.325644689504792,-7.26102301429769,"NAA16_HUMAN",23,1.38918344112455,0.204122371647493,0.303577761278759,0.0556993474999992,"Non-significant",0.517730046042918,"NAA16","NAA16_HUMAN"
-0.0445282424999984,13.62011706875,-1.26964383119705,0.243848346046849,0.347312894361084,-7.33832586382007,"DNM1L_HUMAN",60,-1.3891301028533,0.204137937757106,0.303577761278759,-0.0445282424999984,"Non-significant",0.517730046042918,"DNM1L","DNM1L_HUMAN"
-0.0374572274999991,12.60479557625,-1.28084594602593,0.240102945029439,0.343370838760288,-7.32507002697025,"PAPS1_HUMAN",30,-1.38908539360751,0.204150986395101,0.303577761278759,-0.0374572274999991,"Non-significant",0.517730046042918,"PAPSS1","PAPS1_HUMAN"
0.652337074,7.0005589725,1.35092337189979,0.217780510184711,0.319302821420583,-7.24052367867416,"TPC14_HUMAN",9,1.38890132565294,0.204204715338635,0.303577761278759,0.652337074,"Non-significant",0.517730046042918,"TRAPPC14","TPC14_HUMAN"
-0.0518238575000023,12.58116424125,-1.3357424538266,0.222456755857824,0.325140973664921,-7.2590706962553,"BSDC1_HUMAN",22,-1.3888832980165,0.204209978224055,0.303577761278759,-0.0518238575000023,"Non-significant",0.517730046042918,"BSDC1","BSDC1_HUMAN"
0.206352947499999,12.68646633625,1.37058143131837,0.211853231277028,0.312405683420936,-7.21632253623404,"TIM8B_HUMAN",8,1.38860799973252,0.204290362011997,0.303643706824038,0.206352947499999,"Non-significant",0.517635715430323,"TIMM8B","TIM8B_HUMAN"
0.0395522124999985,11.77768468625,1.3010180947417,0.233483005365179,0.336468921114358,-7.30101630624465,"NEMO_HUMAN",26,1.38719748703559,0.204702650063795,0.304202862727032,0.0395522124999985,"Non-significant",0.516836703298459,"IKBKG","NEMO_HUMAN"
0.130071162999998,9.29827070225,1.38906777408653,0.206409259792202,0.306145284319632,-7.19337791538983,"RPF1_HUMAN",9,1.38698822865825,0.204763877657107,0.304240212369427,0.130071162999998,"Non-significant",0.51678338444489,"RPF1","RPF1_HUMAN"
0.0945570450000055,13.1469193675,1.36329898912225,0.214032293829417,0.314957787131312,-7.22531199031469,"SORCN_HUMAN",14,1.3843065865436,0.205549929717012,0.305204761259598,0.0945570450000055,"Non-significant",0.515408695577441,"SRI","SORCN_HUMAN"
0.746467232750001,6.977299988375,1.34604781187184,0.219272893598869,0.3210999340071,-7.24649394813203,"PP13G_HUMAN",9,1.38428234410559,0.20555704778167,0.305204761259598,0.746467232750001,"Non-significant",0.515408695577441,"PPP1R3G","PP13G_HUMAN"
-0.0715334399999978,15.0040394075,-1.49817179751708,0.176742420978194,0.27200326208238,-7.05449062477835,"SPCS3_HUMAN",9,-1.38423677246145,0.205570429112174,0.305204761259598,-0.0715334399999978,"Non-significant",0.515408695577441,"SPCS3","SPCS3_HUMAN"
-0.0305709849999971,17.3203287125,-1.23420667053515,0.256026996572758,0.360275718549545,-7.3797698360278,"HPPD_HUMAN",33,-1.38417126128588,0.20558966668017,0.305204761259598,-0.0305709849999971,"Non-significant",0.515408695577441,"HPD","HPPD_HUMAN"
0.120879889999998,13.7077862025,1.43362770458108,0.193793271719644,0.291917561999252,-7.13735353257971,"SGMR1_HUMAN",7,1.38415617884521,0.205594095910784,0.305204761259598,0.120879889999998,"Non-significant",0.515408695577441,"SIGMAR1","SGMR1_HUMAN"
0.0524504174999993,13.63339984375,2.23157838610059,0.0599235791160146,0.11870642734874,-6.01366293505824,"LSM2_HUMAN",7,1.38315910447198,0.20588709019624,0.305585892457141,0.0524504174999993,"Non-significant",0.514866699080113,"LSM2","LSM2_HUMAN"
0.1942856325,14.89874398625,1.40341166309272,0.202270771112539,0.301545866591367,-7.17545300102881,"UFM1_HUMAN",5,1.38023983887016,0.206747030863481,0.306808225906387,0.1942856325,"Non-significant",0.513133000597042,"UFM1","UFM1_HUMAN"
0.0569090877499967,9.995577335125,1.3770498971714,0.209934126222211,0.310226989818902,-7.20831439870163,"TYW5_HUMAN",15,1.37898346549117,0.207118092465405,0.307304770531755,0.0569090877499967,"Non-significant",0.512430697799152,"TYW5","TYW5_HUMAN"
0.0578508374999966,11.78849506375,1.30931586553309,0.230805971155047,0.33346992301438,-7.2910543702439,"HUTH_HUMAN",30,1.37797630091699,0.207415972380253,0.307688110359093,0.0578508374999966,"Non-significant",0.511889285374907,"HAL","HUTH_HUMAN"
0.1011075975,11.01190852875,1.52708870567143,0.169553427744947,0.263246609405444,-7.01674488655068,"RM55_HUMAN",6,1.37786314155444,0.207449463894973,0.307688110359093,0.1011075975,"Non-significant",0.511889285374907,"MRPL55","RM55_HUMAN"
0.0488941650000001,10.2091754675,1.37358328723183,0.210960708650684,0.311307390269015,-7.21260889026204,"P4R3B_HUMAN",16,1.37740881316523,0.207583978023041,0.307825147243417,0.0488941650000001,"Non-significant",0.51169590411812,"PPP4R3B","P4R3B_HUMAN"
0.0799388899999975,13.4915516375,1.45467312974476,0.188077716446818,0.285178462300815,-7.11055189942165,"DAP1_HUMAN",9,1.37722869194281,0.207637328063077,0.307825147243417,0.0799388899999975,"Non-significant",0.51169590411812,"DAP","DAP1_HUMAN"
0.0545551800000013,12.65207064,1.54335369820915,0.165627990287388,0.259070010599836,-6.99535245409693,"ALR_HUMAN",10,1.37718113408127,0.207651416209048,0.307825147243417,0.0545551800000013,"Non-significant",0.51169590411812,"GFER","ALR_HUMAN"
-0.256818294249999,8.403784036625,-1.35105484801418,0.217740389447222,0.319299537691481,-7.24036250451623,"RB27B_HUMAN",8,-1.37684551078281,0.207750862226705,0.307918413523632,-0.256818294249999,"Non-significant",0.511564339506696,"RAB27B","RB27B_HUMAN"
0.0359795074999987,11.42255818875,1.2612258331691,0.246695693469387,0.350125947171824,-7.3482386496096,"NUP88_HUMAN",31,1.37572928740766,0.208081901500891,0.308354843134848,0.0359795074999987,"Non-significant",0.510949225994864,"NUP88","NUP88_HUMAN"
0.0513944625000029,12.53251147125,1.87631796339397,0.101704631409949,0.178041191724705,-6.53578879231326,"SRSF5_HUMAN",8,1.37526619734508,0.208219375736581,0.308504327312998,0.0513944625000029,"Non-significant",0.510738739847997,"SRSF5","SRSF5_HUMAN"
0.0646398075000043,15.51019513625,1.34790194397205,0.218704302361873,0.320378617415403,-7.24422502185901,"HDHD3_HUMAN",17,1.3742111324529,0.208532881703396,0.308914527219318,0.0646398075000043,"Non-significant",0.510161667798137,"HDHD3","HDHD3_HUMAN"
0.0815033912500027,8.610549449875,1.33877363018289,0.221516104276214,0.323990845556864,-7.25537743509867,"SBP2L_HUMAN",18,1.37345404824759,0.208758098591528,0.309170672793938,0.0815033912500027,"Non-significant",0.509801708957552,"SECISBP2L","SBP2L_HUMAN"
0.361395239999998,7.06799572725,1.43359012321094,0.193803615725212,0.291917561999252,-7.13740120034658,"ZN341_HUMAN",1,1.37338331309432,0.208779151683841,0.309170672793938,0.361395239999998,"Non-significant",0.509801708957552,"ZNF341","ZN341_HUMAN"
0.127433061499998,9.48608338825,1.35619061916969,0.216178235450836,0.317395287687702,-7.23405938145103,"SGF29_HUMAN",11,1.37179330418199,0.209252879771612,0.309781866785903,0.127433061499998,"Non-significant",0.508944007446098,"SGF29","SGF29_HUMAN"
0.603866338500001,7.1448060275,1.33298604138634,0.223315163436187,0.325830623611498,-7.26242480710604,"RUBIC_HUMAN",15,1.37175136686176,0.209265387291367,0.309781866785903,0.603866338500001,"Non-significant",0.508944007446098,"RUBCN","RUBIC_HUMAN"
0.705593466749999,8.510748684375,1.33660415498681,0.222188994105225,0.324862277764604,-7.25802128953464,"FHL3_HUMAN",5,1.37130810066909,0.209397628319689,0.309860156869149,0.705593466749999,"Non-significant",0.508834263593924,"FHL3","FHL3_HUMAN"
0.0405917174999999,13.56871890875,1.2677792782836,0.244476587547589,0.347855023031504,-7.34052511158763,"UMPS_HUMAN",33,1.37124079864891,0.209417713124971,0.309860156869149,0.0405917174999999,"Non-significant",0.508834263593924,"UMPS","UMPS_HUMAN"
0.161142587750001,8.285312294875,1.35135364353484,0.217649234241695,0.319259657333792,-7.23999618192757,"NEUR3_HUMAN",10,1.37120446165779,0.209428557798498,0.309860156869149,0.161142587750001,"Non-significant",0.508834263593924,"NEU3","NEUR3_HUMAN"
-0.0171961774999989,14.21431112375,-0.999783340126951,0.349940891531286,0.459232722204143,-7.63334939249255,"HS105_HUMAN",48,-1.37091147156752,0.209516017784588,0.30993515512571,-0.0171961774999989,"Non-significant",0.508729160091187,"HSPH1","HS105_HUMAN"
0.158250810000002,16.434960365,1.35833974500844,0.215527454687388,0.316660434993898,-7.23141756389397,"SAA2_HUMAN",9,1.3706926745874,0.209581351298382,0.309977401314979,0.158250810000002,"Non-significant",0.508669966946222,"SAA2","SAA2_HUMAN"
0.100061654999999,11.683211445,1.80511322916053,0.113000827925542,0.193807773982776,-6.63709316463394,"MSL1_HUMAN",4,1.37007520154986,0.209765826723446,0.310195816395075,0.100061654999999,"Non-significant",0.508364063804121,"MSL1","MSL1_HUMAN"
-0.12911355525,7.539174378125,-1.32509761512057,0.225787757014443,0.32830170844829,-7.27200063115418,"CE350_HUMAN",29,-1.36974464788986,0.209864640713633,0.310287503345942,-0.12911355525,"Non-significant",0.50823571502875,"CEP350","CE350_HUMAN"
-0.7380009895,6.93986767525,-1.33094344573958,0.223953133512731,0.326591862003254,-7.26490762415254,"SCRN1_HUMAN",10,-1.36905213152385,0.210071789629825,0.310502199357629,-0.7380009895,"Non-significant",0.507935319270013,"SCRN1","SCRN1_HUMAN"
0.963914275250001,8.175853550375,1.33053545278279,0.224080753233519,0.326721444214726,-7.26540327273634,"CDK8_HUMAN",10,1.36901291277544,0.210083526270798,0.310502199357629,0.963914275250001,"Non-significant",0.507935319270013,"CDK8","CDK8_HUMAN"
0.0384795675000014,11.53436887625,1.24747670441813,0.251407271447553,0.355198104430343,-7.3643386617487,"SMRC2_HUMAN",39,1.36824547232039,0.210313306387943,0.310734680737646,0.0384795675000014,"Non-significant",0.507610272936046,"SMARCC2","SMRC2_HUMAN"
0.157808899499999,7.89449185125,1.35596579655696,0.216246413867752,0.317440094477757,-7.23433560224347,"FBXW2_HUMAN",9,1.36824131616515,0.210314551383115,0.310734680737646,0.157808899499999,"Non-significant",0.507610272936046,"FBXW2","FBXW2_HUMAN"
0.650983214499999,6.88939994575,1.35687660317185,0.215970324360188,0.317145272479446,-7.2332164027608,"TM268_HUMAN",1,1.36780848168522,0.210444244114006,0.310871807507353,0.650983214499999,"Non-significant",0.507418661678773,"TMEM268","TM268_HUMAN"
0.0812015525000014,10.66562342875,1.3364512555875,0.222236484960311,0.32487536103546,-7.25820752490296,"GABPA_HUMAN",17,1.36743352874241,0.210556649835011,0.310983354031769,0.0812015525000014,"Non-significant",0.50726285677903,"GABPA","GABPA_HUMAN"
0.153250217250001,8.619629144875,1.32852659399969,0.224710045823882,0.327242739504061,-7.26784238787392,"ABL1_HUMAN",19,1.36707595387316,0.210663894616941,0.311061496969451,0.153250217250001,"Non-significant",0.507153742310004,"ABL1","ABL1_HUMAN"
0.0992150325000001,10.14093947625,2.34278266367175,0.0507738209609299,0.104003046629326,-5.84632449955875,"RL22L_HUMAN",3,1.36701105183701,0.210683365310072,0.311061496969451,0.0992150325000001,"Non-significant",0.507153742310004,"RPL22L1","RL22L_HUMAN"
-0.0439589024999982,14.90674269125,-1.25899819360669,0.247453916134474,0.350670655530848,-7.35085483387103,"EIF3B_HUMAN",43,-1.36572663098735,0.211069016082959,0.31157631113192,-0.0439589024999982,"Non-significant",0.506435568765107,"EIF3B","EIF3B_HUMAN"
0.0324459049999994,14.6153461925,1.40913569103666,0.200639932343388,0.299591495079258,-7.16827067255253,"NNRE_HUMAN",16,1.36557888188779,0.211113417581431,0.311587287129029,0.0324459049999994,"Non-significant",0.506420270005707,"NAXE","NNRE_HUMAN"
0.549611926250001,6.897362172625,1.32971538276019,0.224337461768152,0.32686957048293,-7.26639925388289,"DTX4_HUMAN",7,1.36483387355772,0.211337431214097,0.311863306670802,0.549611926250001,"Non-significant",0.506035720619071,"DTX4","DTX4_HUMAN"
0.105574488499999,7.42701476825,1.32021881235046,0.227328885339503,0.330087024035603,-7.27790580008929,"PMS1_HUMAN",21,1.36097820665167,0.212500088823045,0.313440878003854,0.105574488499999,"Non-significant",0.503844364811262,"PMS1","PMS1_HUMAN"
0.0517146575000034,13.67466866875,1.29865411034145,0.234250569723347,0.337290408643336,-7.30384724607922,"PGES2_HUMAN",25,1.36095075232679,0.212508387472073,0.313440878003854,0.0517146575000034,"Non-significant",0.503844364811262,"PTGES2","PGES2_HUMAN"
0.101749654999997,14.847075105,1.38813154706926,0.206681966736383,0.306493360949623,-7.19454420187768,"G6PT1_HUMAN",9,1.36091879714293,0.212518046955988,0.313440878003854,0.101749654999997,"Non-significant",0.503844364811262,"SLC37A4","G6PT1_HUMAN"
0.0293288225000019,13.40077257125,1.23785772335067,0.254748827775499,0.358836542332834,-7.37553482272078,"HUTU_HUMAN",27,1.3607956956048,0.212555261934599,0.313440920721962,0.0293288225000019,"Non-significant",0.50384430562231,"UROC1","HUTU_HUMAN"
-0.0572156899999943,11.02276516,-1.68849640649937,0.13413386705916,0.220392663828784,-6.79971426257589,"NUDT4_HUMAN",8,-1.35913598453515,0.213057565297024,0.314126677958478,-0.0572156899999943,"Non-significant",0.502895178538925,"NUDT4","NUDT4_HUMAN"
-0.065582752000001,9.388180256,-1.41282820451549,0.199594104373818,0.298346995170583,-7.16362864545341,"TRM61_HUMAN",11,-1.35868173073433,0.213195222881123,0.314249048266495,-0.065582752000001,"Non-significant",0.502726028942673,"TRMT61A","TRM61_HUMAN"
-0.176219582499999,7.63351458325,-1.3264804976361,0.225352584049436,0.327838614247962,-7.27032442458584,"GRB7_HUMAN",13,-1.35849367814528,0.213252233193744,0.314249048266495,-0.176219582499999,"Non-significant",0.502726028942673,"GRB7","GRB7_HUMAN"
0.111691832499998,8.142598927,1.31013009283809,0.230544720908488,0.33320669625131,-7.29007474738016,"NCOR2_HUMAN",36,1.35849309805952,0.213252409073953,0.314249048266495,0.111691832499998,"Non-significant",0.502726028942673,"NCOR2","NCOR2_HUMAN"
-0.0454278000000023,12.7337000375,-1.63499660753926,0.145030278179363,0.233968682152894,-6.87277134128771,"MESH1_HUMAN",10,-1.35830395161934,0.213309764419415,0.314278623368511,-0.0454278000000023,"Non-significant",0.502685157858722,"HDDC3","MESH1_HUMAN"
-0.0391066049999989,14.52871454,-1.43078483227354,0.194577146844349,0.292821062444387,-7.14095744115919,"UCHL3_HUMAN",14,-1.35709541904588,0.213676547621028,0.314764002079281,-0.0391066049999989,"Non-significant",0.50201494147265,"UCHL3","UCHL3_HUMAN"
-0.68546104425,6.652242064375,-1.32266213851084,0.226555942715616,0.329248282956884,-7.27495011919121,"TACD2_HUMAN",5,-1.35683780741706,0.21375480226107,0.314824257951872,-0.68546104425,"Non-significant",0.501931811609184,"TACSTD2","TACD2_HUMAN"
0.0508265475000016,11.82762241375,1.6579542233145,0.140256715158772,0.228228542871292,-6.84154939180777,"COX11_HUMAN",9,1.35559094467147,0.21413391383824,0.315327526160468,0.0508265475000016,"Non-significant",0.501238116350704,"COX11","COX11_HUMAN"
-0.285271167499999,14.87726473875,-1.34325326953319,0.220132314914575,0.322148994302457,-7.24991014603054,"DEF1_HUMAN",5,-1.35544742539519,0.214177588706617,0.315336750254686,-0.285271167499999,"Non-significant",0.50122541237057,"DEFA1","DEF1_HUMAN"
0.503820181,7.805049777,1.32219771576598,0.226702686172477,0.32940474775863,-7.27551218506092,"TDG_HUMAN",6,1.35481857068172,0.214369049057579,0.315563519822971,0.503820181,"Non-significant",0.5009132084262,"TDG","TDG_HUMAN"
-0.139323711499999,7.65983092775,-1.3210850567473,0.227054588522138,0.329785654134631,-7.27685828832974,"PHAG1_HUMAN",15,-1.35395929517263,0.214630903527762,0.315893816279991,-0.139323711499999,"Non-significant",0.500458875461621,"PAG1","PHAG1_HUMAN"
-0.0768380175000001,12.62406968875,-1.43530372110614,0.193332461651588,0.291428269007033,-7.1352269894174,"TMM70_HUMAN",9,-1.35330577253391,0.21483024317663,0.316132004143822,-0.0768380175000001,"Non-significant",0.500131535417995,"TMEM70","TMM70_HUMAN"
-0.0860924725000025,11.16105771125,-1.30090286567335,0.233520368788587,0.336468921114358,-7.30115437017433,"LRP5_HUMAN",30,-1.35220766023825,0.215165555230461,0.316527985369002,-0.0860924725000025,"Non-significant",0.499587886423779,"LRP5","LRP5_HUMAN"
0.0717532634999962,8.18583691125,1.30499723294816,0.232195920882586,0.335133461835499,-7.29624399662103,"MDEAS_HUMAN",23,1.35217858321176,0.215174440166613,0.316527985369002,0.0717532634999962,"Non-significant",0.499587886423779,"MIDEAS","MDEAS_HUMAN"
0.0227839924999991,11.26560247125,1.10765896964879,0.303763632702332,0.412372952173934,-7.52132737283536,"L2GL2_HUMAN",43,1.35028097800374,0.215754972145241,0.317326585275211,0.0227839924999991,"Non-significant",0.498493541657351,"LLGL2","L2GL2_HUMAN"
0.0481801049999966,12.8358514325,1.49537844895531,0.177451338317354,0.272894970019518,-7.05811697273275,"S13A5_HUMAN",11,1.34879934505729,0.216209191035242,0.317939161067002,0.0481801049999966,"Non-significant",0.497655976055517,"SLC13A5","S13A5_HUMAN"
0.0840375422499982,8.163058400125,2.14342516761716,0.0683439029327888,0.131319539364241,-6.14527632705301,"FOSL2_HUMAN",4,1.34833915085815,0.216350439911613,0.318091375896561,0.0840375422499982,"Non-significant",0.497448105338745,"FOSL2","FOSL2_HUMAN"
-0.366885423499999,8.61068713675,-1.31787164747492,0.228073562993348,0.330712551603462,-7.28074202162054,"S10AE_HUMAN",7,-1.34809670494771,0.216424886805517,0.318145338486868,-0.366885423499999,"Non-significant",0.497374435728909,"S100A14","S10AE_HUMAN"
-0.123507262499995,13.56986033875,-2.24992771922868,0.0583063482423387,0.116157931773735,-5.98614173142875,"PLP2_HUMAN",2,-1.34693940548891,0.216780560416464,0.318475450047257,-0.123507262499995,"Non-significant",0.496924040000335,"PLP2","PLP2_HUMAN"
0.112234353750001,9.130208373125,1.36029933874076,0.214935565274652,0.315845864661792,-7.22900657701263,"NSE1_HUMAN",9,1.34686827393547,0.216802437852656,0.318475450047257,0.112234353750001,"Non-significant",0.496924040000335,"NSMCE1","NSE1_HUMAN"
0.0238077625000024,12.76382625125,1.15109324446056,0.286614545395649,0.394366478283402,-7.47391960398608,"TBK1_HUMAN",33,1.34684369089063,0.216809999133666,0.318475450047257,0.0238077625000024,"Non-significant",0.496924040000335,"TBK1","TBK1_HUMAN"
0.0424077525000044,12.21658241625,1.29001795937014,0.237073180574498,0.340250270570823,-7.31416213347487,"CDC27_HUMAN",22,1.34675488729594,0.216837315350118,0.318475450047257,0.0424077525000044,"Non-significant",0.496924040000335,"CDC27","CDC27_HUMAN"
0.0829808710000002,9.01551806925,1.29827492370073,0.234373890694428,0.33741033726103,-7.30430103662355,"PHF14_HUMAN",26,1.34675146385717,0.216838368468527,0.318475450047257,0.0829808710000002,"Non-significant",0.496924040000335,"PHF14","PHF14_HUMAN"
0.0348439224999986,15.54248237625,1.23970264502959,0.25410501253739,0.358228993256006,-7.37339173713325,"ODP2_HUMAN",29,1.34612195676161,0.217032092884372,0.318704444411563,0.0348439224999986,"Non-significant",0.496611880141082,"DLAT","ODP2_HUMAN"
0.150281668000003,9.173764348,1.31211829552768,0.229907868722793,0.332514314595817,-7.28768110817059,"SP130_HUMAN",15,1.34565077429598,0.217177192690868,0.318861967808975,0.150281668000003,"Non-significant",0.496397278046783,"SAP130","SP130_HUMAN"
0.133946894999998,13.7310376175,1.50453143964531,0.175137997964671,0.26992835707519,-7.04622131222282,"RUXGL_HUMAN;RUXG_HUMAN",4,1.34521567082587,0.217311256719414,0.319003236309289,0.133946894999998,"Non-significant",0.496204910973739,"SNRPGP15;SNRPG","RUXGL_HUMAN;RUXG_HUMAN"
0.182071685999999,8.0920393465,1.3723444861086,0.211328631417982,0.311741168047282,-7.21414200654079,"S40A1_HUMAN",5,1.34449695310548,0.217532865064364,0.319272944389261,0.182071685999999,"Non-significant",0.495837882588942,"SLC40A1","S40A1_HUMAN"
0.803103089250001,7.872765958375,1.32331833298455,0.22634874593235,0.32900389368232,-7.27415575793567,"ELOV6_HUMAN",1,1.34432922992393,0.217584608759235,0.319293291648954,0.803103089250001,"Non-significant",0.495810205890392,"ELOVL6","ELOV6_HUMAN"
-0.0198621750000019,14.90621376,-1.09660970234895,0.308256684406073,0.417195824158443,-7.53318242699481,"SYNC_HUMAN",33,-1.34416364240119,0.217635704053456,0.31931268049897,-0.0198621750000019,"Non-significant",0.495783834478466,"NARS1","SYNC_HUMAN"
0.041083574,9.62191665175,1.26055849523517,0.246922627284001,0.350271091446793,-7.34902269368449,"BRAP_HUMAN",27,1.34197639574776,0.218311598442689,0.320202399601717,0.041083574,"Non-significant",0.494575417794984,"BRAP","BRAP_HUMAN"
0.378502964749999,7.227737009375,1.33397973428341,0.223005373323623,0.325660480205269,-7.26121612335808,"UBE2W_HUMAN",3,1.34189434770259,0.218336987953476,0.320202399601717,0.378502964749999,"Non-significant",0.494575417794984,"UBE2W","UBE2W_HUMAN"
0.0388574550000005,10.508389235,1.28973789311433,0.23716520490821,0.340324397713875,-7.31449592374745,"NELFB_HUMAN",21,1.34183265788662,0.218356079358247,0.320202399601717,0.0388574550000005,"Non-significant",0.494575417794984,"NELFB","NELFB_HUMAN"
0.504643917249998,7.012132048625,1.31920403878702,0.227650579952712,0.330320957293184,-7.27913238973395,"GATD1_HUMAN",3,1.34064869939889,0.218722764160676,0.320653245184393,0.504643917249998,"Non-significant",0.493964360429284,"GATAD1","GATD1_HUMAN"
0.95302069175,6.844514787125,1.30697071057632,0.231559862195438,0.33439031058519,-7.29387381067227,"TM164_HUMAN",3,1.34052974176133,0.218759636093572,0.320653245184393,0.95302069175,"Non-significant",0.493964360429284,"TMEM164","TM164_HUMAN"
0.477842092249999,8.451106667375,1.32099778977187,0.22708220863654,0.329785654134631,-7.27696383543002,"CBLN1_HUMAN",3,1.34047163045954,0.218777650143012,0.320653245184393,0.477842092249999,"Non-significant",0.493964360429284,"CBLN1","CBLN1_HUMAN"
-0.0632541182499979,7.921084642375,-1.48641268618773,0.17974418100646,0.275566333521909,-7.06973236008832,"CCD91_HUMAN",9,-1.34008405454782,0.2188978284967,0.320773608553318,-0.0632541182499979,"Non-significant",0.493801370223133,"CCDC91","CCD91_HUMAN"
0.238014459999999,7.69476556775,1.30433684208458,0.232409104265775,0.335383725364873,-7.29703664670275,"ZKSC1_HUMAN",14,1.33991660829943,0.218949767394069,0.320793949133427,0.238014459999999,"Non-significant",0.493773832042322,"ZKSCAN1","ZKSC1_HUMAN"
-0.0893058782499985,9.025100946375,-1.66392490932191,0.139039526996813,0.226422753681634,-6.8333974652185,"CCYL1_HUMAN",5,-1.33962832604797,0.219039212499739,0.320822660207627,-0.0893058782499985,"Non-significant",0.493734964404168,"CCNYL1","CCYL1_HUMAN"
0.0551681525000021,11.89200020125,1.32677411507514,0.225260280871845,0.327808807962629,-7.26996839146216,"RRAGA_HUMAN",16,1.33960810727492,0.21904548694921,0.320822660207627,0.0551681525000021,"Non-significant",0.493734964404168,"RRAGA","RRAGA_HUMAN"
0.819067716749999,7.063088774875,1.30098520910834,0.233493668118842,0.336468921114358,-7.30105570957064,"MYPT2_HUMAN",16,1.33902005358597,0.219228044491177,0.321034257647,0.819067716749999,"Non-significant",0.493448621448043,"PPP1R12B","MYPT2_HUMAN"
0.2869458225,14.08414197125,1.30791909156241,0.231254732309443,0.334061034899108,-7.29273400260092,"ATOX1_HUMAN",9,1.3386502923141,0.219342901952493,0.321146659815453,0.2869458225,"Non-significant",0.49329659063964,"ATOX1","ATOX1_HUMAN"
0.0578207974999998,11.81201362625,1.82053619166378,0.110456079923192,0.190501398176892,-6.61527088362311,"TIM23_HUMAN",7,1.33758208272833,0.219675008161829,0.321577048245234,0.0578207974999998,"Non-significant",0.492714955496194,"TIMM23","TIM23_HUMAN"
-0.0418944350000015,11.04641342,-1.67138764719525,0.137532081587669,0.224836678763083,-6.82319020477525,"LST8_HUMAN",10,-1.33628854673389,0.220077750563674,0.322110671905054,-0.0418944350000015,"Non-significant",0.491994886255446,"MLST8","LST8_HUMAN"
-0.537131309500002,6.90451455125,-1.299866651608,0.233856596840457,0.33683821851815,-7.30239559045217,"NIBA1_HUMAN",9,-1.3358351455645,0.220219068072184,0.322261549441048,-0.537131309500002,"Non-significant",0.491791509137835,"NIBAN1","NIBA1_HUMAN"
-0.0310864474999999,12.34596180875,-1.19717476218548,0.269299876977983,0.375691602622877,-7.42226032446784,"ELP3_HUMAN",34,-1.3353448038397,0.220371987638215,0.32239088081422,-0.0310864474999999,"Non-significant",0.491617251197205,"ELP3","ELP3_HUMAN"
-0.0826132300000015,11.1516815425,-1.48753881005719,0.179454728286304,0.275272776110146,-7.06827545811061,"CS025_HUMAN",7,-1.33530648108324,0.220383942964947,0.32239088081422,-0.0826132300000015,"Non-significant",0.491617251197205,"C19orf25","CS025_HUMAN"
0.0832324029999985,9.97123241425,1.29798695871557,0.234467581531438,0.337429954708637,-7.30464560309693,"DPOG2_HUMAN",19,1.33476037826119,0.220554368412852,0.322535303846317,0.0832324029999985,"Non-significant",0.491422741721735,"POLG2","DPOG2_HUMAN"
0.0898678274999973,10.53413259875,1.30599188074864,0.23187515382586,0.334766008640624,-7.2950496803042,"MLIP_HUMAN",16,1.33474490354561,0.220559199355816,0.322535303846317,0.0898678274999973,"Non-significant",0.491422741721735,"MLIP","MLIP_HUMAN"
0.180486199999999,11.68405056,1.33024175188168,0.224172661733268,0.326742411507819,-7.26576001728845,"UB2G2_HUMAN",7,1.33450198004347,0.22063504793002,0.322590254813901,0.180486199999999,"Non-significant",0.491348756427758,"UBE2G2","UB2G2_HUMAN"
0.0529985424999992,11.92843651875,1.28863919940504,0.237526511317421,0.34072684885884,-7.31580493933571,"D2HDH_HUMAN",21,1.33402380124021,0.220784416689757,0.322752661858821,0.0529985424999992,"Non-significant",0.491130167261913,"D2HGDH","D2HDH_HUMAN"
-0.100608110500001,9.78485286225,-1.32160226948863,0.226890949888674,0.329621478216414,-7.27623264615382,"CYH1_HUMAN",12,-1.33316625120943,0.221052508585603,0.323088537344902,-0.100608110500001,"Non-significant",0.490678449769929,"CYTH1","CYH1_HUMAN"
0.231328010250001,8.948354005875,1.3794352820484,0.209230291926795,0.309349610708815,-7.20535569109549,"MSRB1_HUMAN",3,1.33295747137688,0.221117821021257,0.323127966953567,0.231328010250001,"Non-significant",0.490625451861722,"MSRB1","MSRB1_HUMAN"
0.0730488302500021,9.131916880625,1.28317060468228,0.239331916007772,0.342500631583957,-7.32231001442085,"MPP7_HUMAN",25,1.33234440457987,0.221309702608292,0.323342050640262,0.0730488302500021,"Non-significant",0.490337811709308,"MPP7","MPP7_HUMAN"
0.724051356249997,8.286359846625,1.2949404207457,0.235460768646218,0.338512505358856,-7.30828805682558,"SDCG8_HUMAN",11,1.3322443221155,0.221341040715899,0.323342050640262,0.724051356249997,"Non-significant",0.490337811709308,"SDCCAG8","SDCG8_HUMAN"
-0.0476400850000012,14.4196285,-1.6781877150267,0.136171853887015,0.223138658212109,-6.8138718835353,"MIX23_HUMAN",9,-1.33189819174357,0.221449451603725,0.323444364506636,-0.0476400850000012,"Non-significant",0.490200411334414,"MIX23","MIX23_HUMAN"
0.072801590000001,10.1601688875,1.33197000247592,0.223632307756856,0.326236885095629,-7.26366011030722,"OGFD2_HUMAN",13,1.33164484594087,0.2215288306672,0.323504247001703,0.072801590000001,"Non-significant",0.490120013488952,"OGFOD2","OGFD2_HUMAN"
0.0333812249999976,13.414141775,1.27514587754592,0.242002539398804,0.345618333546682,-7.33182427606746,"KTHY_HUMAN",21,1.33133022545963,0.221627442704995,0.323577314311315,0.0333812249999976,"Non-significant",0.490021933953376,"DTYMK","KTHY_HUMAN"
-0.029938937499999,13.91206562375,-1.3242515865851,0.22605434999221,0.328632651963494,-7.27302558865826,"HNRH3_HUMAN",18,-1.33124027576171,0.221655642761126,0.323577314311315,-0.029938937499999,"Non-significant",0.490021933953376,"HNRNPH3","HNRH3_HUMAN"
0.192557453750002,8.132756650625,1.37436736299626,0.210728130558865,0.311018632898034,-7.21163811647522,"CKS1_HUMAN",4,1.33000784550426,0.222042333138739,0.324044878663441,0.192557453750002,"Non-significant",0.489394837922551,"CKS1B","CKS1_HUMAN"
-0.0375394825000033,13.54813695125,-1.3114514344067,0.230121304637652,0.332651771015395,-7.2884842043116,"CSK21_HUMAN",18,-1.32997444862667,0.222052819926449,0.324044878663441,-0.0375394825000033,"Non-significant",0.489394837922551,"CSNK2A1","CSK21_HUMAN"
0.27225983125,7.378398001125,1.29385541958685,0.235815359650827,0.33896447245853,-7.30958400619599,"RBL2_HUMAN",14,1.32980411967235,0.22210631072719,0.324066832805866,0.27225983125,"Non-significant",0.489365415331523,"RBL2","RBL2_HUMAN"
0.167969227000002,8.73697114,1.46584135904513,0.185106502983606,0.281693514660649,-7.09624266493103,"CLIC5_HUMAN",3,1.32924337317843,0.222282488442923,0.324267756158774,0.167969227000002,"Non-significant",0.489096233622781,"CLIC5","CLIC5_HUMAN"
-0.037637710000002,12.9665884975,-1.21686262880867,0.262173141391651,0.367207944298807,-7.39977642080875,"GOLI4_HUMAN",36,-1.32831274907732,0.222575142078334,0.324638496725779,-0.037637710000002,"Non-significant",0.48859998135438,"GOLIM4","GOLI4_HUMAN"
0.06239914875,9.196038126875,1.32794735073917,0.22489178434012,0.327450829193794,-7.26854527932888,"GORAB_HUMAN",14,1.32756300584863,0.222811155827486,0.324926510807937,0.06239914875,"Non-significant",0.488214853050551,"GORAB","GORAB_HUMAN"
0.0944142349999986,11.175063135,1.42452515960447,0.196313139319093,0.29464448919527,-7.14887879371328,"BNI3L_HUMAN",7,1.32693830224783,0.223007972877607,0.325141139943785,0.0944142349999986,"Non-significant",0.487928075966247,"BNIP3L","BNI3L_HUMAN"
0.94784557775,7.783472001375,1.29613655716698,0.235070390190171,0.338124286503916,-7.30685858382352,"CF136_HUMAN",2,1.32685102779418,0.223035481214256,0.325141139943785,0.94784557775,"Non-significant",0.487928075966247,"C6orf136","CF136_HUMAN"
-1.12516844275,6.930944621625,-1.28725875273922,0.237981143835168,0.341088770853023,-7.31744865705152,"PIGA_HUMAN",5,-1.3234236116276,0.224118096719453,0.326572437708573,-1.12516844275,"Non-significant",0.486020471945321,"PIGA","PIGA_HUMAN"
0.0304126724999989,14.10142731875,1.47210027413718,0.183459913166237,0.279989789621258,-7.08819768777211,"ZNT1_HUMAN",14,1.32338139330723,0.224131460381951,0.326572437708573,0.0304126724999989,"Non-significant",0.486020471945321,"SLC30A1","ZNT1_HUMAN"
-0.0472433549999991,15.6551452875,-1.35392887857847,0.216864977522662,0.31829268597223,-7.2368369580642,"SKP1_HUMAN",14,-1.32335674678638,0.224139262236348,0.326572437708573,-0.0472433549999991,"Non-significant",0.486020471945321,"SKP1","SKP1_HUMAN"
0.479382276250001,7.682114601125,1.29170721150907,0.236518776855682,0.33971175382776,-7.31214788169637,"WRP73_HUMAN",6,1.32325245871676,0.224172277207474,0.326572437708573,0.479382276250001,"Non-significant",0.486020471945321,"WRAP73","WRP73_HUMAN"
-0.0349922174999975,13.82707357375,-1.26805093860517,0.244384968374874,0.347842096999631,-7.34020481450758,"HEMO_HUMAN",21,-1.32201660882582,0.224563835245737,0.32708632577956,-0.0349922174999975,"Non-significant",0.485337611676349,"HPX","HEMO_HUMAN"
-1.29222977175,9.204125344875,-1.28499835854784,0.238727192184051,0.341985198883877,-7.32013776468403,"SERC5_HUMAN",5,-1.3214853867163,0.224732324916289,0.327246506357759,-1.29222977175,"Non-significant",0.485124981225323,"SERINC5","SERC5_HUMAN"
0.0405716900000002,13.2134222975,1.24517537786521,0.252203327568595,0.356263088331773,-7.36702241187149,"OXSR1_HUMAN",26,1.32142509002753,0.224751456318077,0.327246506357759,0.0405716900000002,"Non-significant",0.485124981225323,"OXSR1","OXSR1_HUMAN"
-0.117618084500004,8.606734991,-1.3271442653287,0.225143965290051,0.327704797691217,-7.26951948858634,"ZBT7B_HUMAN",9,-1.32063290600047,0.225002936917266,0.327556088994064,-0.117618084500004,"Non-significant",0.484714322985381,"ZBTB7B","ZBT7B_HUMAN"
0.167410135500003,8.50768554225,1.45431727722802,0.188173088913805,0.285220457913049,-7.11100685751904,"YLAT2_HUMAN",3,1.32013506630624,0.225161101199842,0.32772973959825,0.167410135500003,"Non-significant",0.484484147090674,"SLC7A6","YLAT2_HUMAN"
0.0671398650000032,10.69380486,1.31357517797176,0.229442174792178,0.331954701565958,-7.28592572534442,"DAXX_HUMAN",14,1.31899852179292,0.225522541521041,0.328199154433849,0.0671398650000032,"Non-significant",0.483862542189649,"DAXX","DAXX_HUMAN"
0.0951943397500017,9.688678503125,1.46810732229525,0.184508843626524,0.281081699426706,-7.0933322063576,"POP7_HUMAN",6,1.31815303219514,0.22579174529963,0.32853420009159,0.0951943397500017,"Non-significant",0.483419414116545,"POP7","POP7_HUMAN"
0.142841338999999,8.73497247675,1.30216948941086,0.233109945160069,0.33615566063165,-7.29963632579121,"PKHA3_HUMAN",10,1.3179216750891,0.225865457541458,0.328584732760951,0.142841338999999,"Non-significant",0.483352619329772,"PLEKHA3","PKHA3_HUMAN"
0.0385887600000014,11.2309523825,1.18139247232049,0.275129246774445,0.381487813959829,-7.44010718524499,"UBP24_HUMAN",101,1.31737470798599,0.226039808019601,0.328781629300641,0.0385887600000014,"Non-significant",0.483092456692358,"USP24","UBP24_HUMAN"
0.0334684850000002,15.1202362775,1.20318570406664,0.267106977367343,0.373064575348689,-7.41542149979033,"NDUS2_HUMAN",31,1.31661759745963,0.226281334568633,0.32907615063475,0.0334684850000002,"Non-significant",0.482703591491845,"NDUFS2","NDUS2_HUMAN"
-0.056993245000001,13.83915889,-1.39354820315055,0.205108588794407,0.304936117121997,-7.18779025159457,"WBP2_HUMAN",11,-1.31624243231202,0.226401098587857,0.329193524236164,-0.056993245000001,"Non-significant",0.482548716643735,"WBP2","WBP2_HUMAN"
0.0236980899999963,15.283245205,1.36947807108334,0.212182120777244,0.312749278210177,-7.2176863282801,"HOGA1_HUMAN",17,1.31538836666303,0.226673945399158,0.329533405617369,0.0236980899999963,"Non-significant",0.482100553331235,"HOGA1","HOGA1_HUMAN"
-0.0292229674999973,12.04127764625,-1.12396978618451,0.297228165997343,0.405131987579496,-7.50367382094824,"SPT6H_HUMAN",82,-1.31510898940403,0.226763258897374,0.329606399249174,-0.0292229674999973,"Non-significant",0.482004365143532,"SUPT6H","SPT6H_HUMAN"
0.0524771224999991,10.14175355375,1.24981066641727,0.25060210886406,0.35447645168907,-7.36161359901629,"ATG9A_HUMAN",28,1.31469629030394,0.226895249117189,0.329741388760136,0.0524771224999991,"Non-significant",0.481826537291189,"ATG9A","ATG9A_HUMAN"
0.177447319999999,12.1487257475,1.53191458406797,0.168379956954593,0.261858792835842,-7.01040963460125,"ATP6_HUMAN",2,1.31432775386735,0.227013170965219,0.32985589003031,0.177447319999999,"Non-significant",0.48167575658937,"MT-ATP6","ATP6_HUMAN"
0.0485515599999999,10.446394445,1.44280759870626,0.191281316222181,0.288840955649725,-7.12568919617909,"PIHD1_HUMAN",11,1.31414356296148,0.227072126892774,0.329884687621371,0.0485515599999999,"Non-significant",0.481637842793185,"PIH1D1","PIHD1_HUMAN"
-0.720012426249999,7.547202587125,-1.2811231793495,0.240010882029866,0.343297424848081,-7.32474103916484,"FGRL1_HUMAN",4,-1.31334046387713,0.227329337094701,0.33020144448927,-0.720012426249999,"Non-significant",0.481221031217541,"FGFRL1","FGRL1_HUMAN"
0.16660249275,7.780849039625,1.27643468556685,0.241571909573215,0.34523730515304,-7.33029877160917,"AMPD3_HUMAN",17,1.3121537668843,0.227709861262057,0.330697177907973,0.16660249275,"Non-significant",0.480569511237565,"AMPD3","AMPD3_HUMAN"
0.0712172987499979,9.969692348875,1.2835925239432,0.23919220463064,0.342416965494509,-7.32180874344292,"SEM4G_HUMAN",17,1.31179564091998,0.2278248047358,0.330807110959184,0.0712172987499979,"Non-significant",0.480425163517489,"SEMA4G","SEM4G_HUMAN"
0.116149187,9.6395875215,1.28394034297473,0.239077082990581,0.342368456086919,-7.32139543138272,"CC038_HUMAN",14,1.31100006532669,0.228080329604262,0.331121098559133,0.116149187,"Non-significant",0.480013145747856,"C3orf38","CC038_HUMAN"
-0.0602872374999972,14.12393462625,-1.31281648070797,0.229684591022941,0.332248398443859,-7.28684002075697,"SCRB1_HUMAN",14,-1.31069034764812,0.228179872005417,0.331121127692735,-0.0602872374999972,"Non-significant",0.480013107536573,"SCARB1","SCRB1_HUMAN"
0.309628959999998,12.2970910075,1.2758918620448,0.241753203214349,0.345437828427488,-7.33094140584734,"S10A9_HUMAN",12,1.31065110459379,0.228192487276487,0.331121127692735,0.309628959999998,"Non-significant",0.480013107536573,"S100A9","S10A9_HUMAN"
0.123274564499997,8.23804199675,1.32592992314526,0.225525754335689,0.327977326310477,-7.27099190870123,"R3HC1_HUMAN",8,1.31063333321173,0.22819820035201,0.331121127692735,0.123274564499997,"Non-significant",0.480013107536573,"R3HCC1","R3HC1_HUMAN"
0.123752474749999,7.684656798875,1.28542976134916,0.238584651604732,0.341895618561082,-7.31962476875914,"LRIF1_HUMAN",13,1.31050685148723,0.228238864757917,0.331123130988723,0.123752474749999,"Non-significant",0.480010480045638,"LRIF1","LRIF1_HUMAN"
0.0234081724999964,14.08420097625,1.12220238944636,0.297930758563438,0.405958351750925,-7.50559547133175,"RAGP1_HUMAN",33,1.30982150393782,0.228459315084554,0.331385917543918,0.0234081724999964,"Non-significant",0.47966595114576,"RANGAP1","RAGP1_HUMAN"
0.0999112127500013,9.295076608625,1.31582848855359,0.228723512151277,0.331313023530352,-7.28320838840026,"GKAP1_HUMAN",10,1.30835055816869,0.228933079791369,0.33201598925696,0.0999112127500013,"Non-significant",0.478841000998197,"GKAP1","GKAP1_HUMAN"
0.0369846775000013,10.56122887125,1.19791515809557,0.269028956268709,0.375375777584663,-7.42141918567332,"PP4R1_HUMAN",36,1.30792547135445,0.229070149410126,0.332157627623938,0.0369846775000013,"Non-significant",0.478655770026735,"PPP4R1","PP4R1_HUMAN"
-1.60871493825,10.918642103375,-1.27124197893333,0.243310967049547,0.347075332756919,-7.3364392148747,"COL11_HUMAN",5,-1.30777323540668,0.229119255147904,0.332171689308855,-1.60871493825,"Non-significant",0.478637384831288,"COLEC11","COL11_HUMAN"
0.0417597249999968,12.621804355,1.28499498162117,0.238728308249227,0.341985198883877,-7.32014177987905,"DDAH2_HUMAN",18,1.30744762760762,0.2292243146088,0.332266852594596,0.0417597249999968,"Non-significant",0.47851298238455,"DDAH2","DDAH2_HUMAN"
-0.0331602100000019,18.0655245775,-1.19436718565407,0.270329280250419,0.376691271818612,-7.42544676519847,"ECH1_HUMAN",31,-1.30729125759608,0.229274783091572,0.332282865660051,-0.0331602100000019,"Non-significant",0.478492052766266,"ECH1","ECH1_HUMAN"
0.30331325525,7.727108478625,1.31401785042085,0.229300836143406,0.3318295700539,-7.28539211770408,"GP157_HUMAN",3,1.3068963012338,0.229402297858087,0.332410515496959,0.30331325525,"Non-significant",0.478325246169306,"GPR157","GP157_HUMAN"
-0.0450959224999998,12.13907337125,-1.28063562273553,0.240172808926463,0.34341248624956,-7.32531958404235,"CSK22_HUMAN",18,-1.3052296215248,0.229941068646025,0.333133940807381,-0.0450959224999998,"Non-significant",0.47738111767077,"CSNK2A2","CSK22_HUMAN"
0.694244623250002,8.479046225625,1.26870022141196,0.244166112593367,0.347621508179907,-7.33943911115621,"AP5M1_HUMAN",9,1.30470620577536,0.230110491699787,0.333322105952484,0.694244623250002,"Non-significant",0.477135882934666,"AP5M1","AP5M1_HUMAN"
0.0782251372500014,10.010536908625,1.56711364456029,0.160043205881377,0.252197454173514,-6.96389946637945,"GEMI8_HUMAN",6,1.30395453325492,0.230353985756721,0.33361748212086,0.0782251372500014,"Non-significant",0.476751199671916,"GEMIN8","GEMI8_HUMAN"
0.0256626600000036,15.085267425,1.07356435137186,0.317800043725548,0.426414608176161,-7.55763450303537,"EIF3A_HUMAN",118,1.30307861742778,0.230638005292315,0.333971439032627,0.0256626600000036,"Non-significant",0.476290672113277,"EIF3A","EIF3A_HUMAN"
-0.0597283839999978,9.0924533605,-1.25452384230979,0.248982859814829,0.352540992000537,-7.35610068042525,"GGYF1_HUMAN",23,-1.30277818843913,0.230735489789562,0.334055211857819,-0.0597283839999978,"Non-significant",0.476181748087997,"GIGYF1","GGYF1_HUMAN"
-0.0232040874999999,11.96417272125,-1.03980641221818,0.332203709498974,0.441037181818688,-7.59277120079579,"HECD1_HUMAN",127,-1.301952130424,0.231003714656677,0.334340708184672,-0.0232040874999999,"Non-significant",0.475810741972673,"HECTD1","HECD1_HUMAN"
0.088007450000001,8.809391737,1.26222151546135,0.246357434424315,0.349822576610942,-7.3470683482623,"PARG_HUMAN",21,1.30180907675154,0.23105019196902,0.334340708184672,0.088007450000001,"Non-significant",0.475810741972673,"PARG","PARG_HUMAN"
0.0211713350000018,13.322273375,1.07724196073897,0.31626142238635,0.425094487210101,-7.55375745945894,"SF3A1_HUMAN",36,1.30180449183314,0.231051681714998,0.334340708184672,0.0211713350000018,"Non-significant",0.475810741972673,"SF3A1","SF3A1_HUMAN"
-0.619586586749999,8.185855090625,-1.2699803531543,0.243735105798738,0.347284609035923,-7.33792871690797,"STK35_HUMAN",4,-1.30019689424856,0.231574534695671,0.335039779085103,-0.619586586749999,"Non-significant",0.474903626361543,"STK35","STK35_HUMAN"
0.515756726500001,8.267170608,1.26530780411781,0.245311457953554,0.348925123032485,-7.34343706798103,"ASND1_HUMAN",8,1.29956183473097,0.231781359597143,0.335195469004288,0.515756726500001,"Non-significant",0.47470186056603,"ASNSD1","ASND1_HUMAN"
-0.0810651799999977,14.197508575,-2.06276441429297,0.0770791747279001,0.143770826240644,-6.26467810225538,"UB2D3_HUMAN",4,-1.29950736487576,0.231799106590091,0.335195469004288,-0.0810651799999977,"Non-significant",0.47470186056603,"UBE2D3","UB2D3_HUMAN"
0.046891927499999,12.85546910625,1.28332217139552,0.239281719203928,0.342486943652557,-7.32212995394317,"NICA_HUMAN",17,1.29950018474261,0.231801446058369,0.335195469004288,0.046891927499999,"Non-significant",0.47470186056603,"NCSTN","NICA_HUMAN"
0.0453217049999992,14.5894845725,1.23929899777704,0.254245753756253,0.358281796239714,-7.37386079565753,"M2OM_HUMAN",24,1.29929782094146,0.231867389595153,0.335233315076766,0.0453217049999992,"Non-significant",0.474652828242697,"SLC25A11","M2OM_HUMAN"
0.542266607250001,7.833288073625,1.26667362946063,0.244849777794918,0.348327219752467,-7.34182826174468,"PDCD7_HUMAN",6,1.29914220507173,0.231918110478559,0.335249143067017,0.542266607250001,"Non-significant",0.474632323578501,"PDCD7","PDCD7_HUMAN"
0.0602424149999994,10.153253435,1.53019526022078,0.168797178182607,0.262459216915919,-7.01266786874274,"DTBP1_HUMAN",8,1.29882917748033,0.232020166341601,0.335339160166899,0.0602424149999994,"Non-significant",0.474515727658762,"DTNBP1","DTBP1_HUMAN"
-0.583861231749999,7.425069630125,-1.29025620189908,0.236994922905469,0.340250270570823,-7.31387815427055,"RGPD1_HUMAN;RGPD2_HUMAN",1,-1.29736429270916,0.232498271155422,0.335972557443691,-0.583861231749999,"Non-significant",0.473696194745585,"RGPD1;RGPD2","RGPD1_HUMAN;RGPD2_HUMAN"
-0.0277922149999981,11.7645467525,-1.18588473135821,0.273459370704895,0.379685232546477,-7.43504344808401,"VPS36_HUMAN",26,-1.2971830595964,0.232557480036328,0.336000514094311,-0.0277922149999981,"Non-significant",0.47366005812161,"VPS36","VPS36_HUMAN"
0.134903788500001,8.0135431885,1.26982527062153,0.243787285759349,0.347284609035923,-7.338111746072,"KLDC3_HUMAN",13,1.29680015643236,0.232682616960323,0.336119572533353,0.134903788500001,"Non-significant",0.473506197450965,"KLHDC3","KLDC3_HUMAN"
-0.0767214300000028,10.69244349,-1.4054992869694,0.201674625388661,0.300836115080115,-7.17283543891099,"RAMAC_HUMAN",8,-1.29668691172652,0.232719637596945,0.336119572533353,-0.0767214300000028,"Non-significant",0.473506197450965,"RAMAC","RAMAC_HUMAN"
0.070692545,12.1225245,1.43631363688254,0.193055265106011,0.291206662415634,-7.1339449364255,"MOB1B_HUMAN",8,1.29612192398593,0.232904412058384,0.336328814329299,0.070692545,"Non-significant",0.473235923740533,"MOB1B","MOB1B_HUMAN"
0.0216202725000016,16.72278189625,1.09225268665267,0.310043089684326,0.419142454362339,-7.53783391573507,"ARLY_HUMAN",33,1.29548497276336,0.233112871991403,0.336567038689047,0.0216202725000016,"Non-significant",0.472928418414852,"ASL","ARLY_HUMAN"
0.0564367769999983,9.76755034925,1.57623491194099,0.157945628632124,0.249919974420907,-6.95176227247877,"NRF1_HUMAN",8,1.29529227281507,0.233175969810821,0.336567038689047,0.0564367769999983,"Non-significant",0.472928418414852,"NRF1","NRF1_HUMAN"
0.0453011975000024,10.63693225375,1.22888947972819,0.257898156675685,0.362303927103224,-7.38592292965655,"TAB1_HUMAN",26,1.2952519681348,0.233189169052561,0.336567038689047,0.0453011975000024,"Non-significant",0.472928418414852,"TAB1","TAB1_HUMAN"
-0.664446353749999,7.328536033625,-1.25917546149761,0.247393506653062,0.350643999929151,-7.35064675488336,"SOX13_HUMAN",8,-1.29440485486297,0.233466735099695,0.336889371572657,-0.664446353749999,"Non-significant",0.472512690236327,"SOX13","SOX13_HUMAN"
-0.0493478725000003,13.40599226875,-1.22597706796778,0.258927947266894,0.363508272403839,-7.38928585499774,"2ABA_HUMAN",29,-1.29432647337958,0.233492431928753,0.336889371572657,-0.0493478725000003,"Non-significant",0.472512690236327,"PPP2R2A","2ABA_HUMAN"
0.0285522900000004,11.5240165,1.1502749067236,0.286930152523551,0.394605034364662,-7.47482448992649,"RHG17_HUMAN",34,1.29370974509542,0.233694706393552,0.337123511927307,0.0285522900000004,"Non-significant",0.472210957522918,"ARHGAP17","RHG17_HUMAN"
0.6834766865,7.2060934305,1.25947208230226,0.24729245213716,0.350583911295275,-7.35029853636656,"ABRX1_HUMAN",6,1.29350567794783,0.23376166927386,0.337162407650473,0.6834766865,"Non-significant",0.472160853561173,"ABRAXAS1","ABRX1_HUMAN"
0.0462787149999997,11.389971615,1.28905061571301,0.237391161248172,0.3405906550061,-7.31531484745699,"QTRT2_HUMAN",16,1.29319825886176,0.233862577157072,0.33725024172061,0.0462787149999997,"Non-significant",0.472047730379885,"QTRT2","QTRT2_HUMAN"
0.0275085000000033,11.3605955825,1.12953938757062,0.295022915042385,0.402536918686143,-7.49760428796043,"ANO6_HUMAN",39,1.29291785984722,0.233954648367,0.33732530466737,0.0275085000000033,"Non-significant",0.471951078718311,"ANO6","ANO6_HUMAN"
-0.4484407905,6.8475192785,-1.30696401643918,0.231562017188961,0.33439031058519,-7.29388185418877,"CRCT1_HUMAN",1,-1.29249288425124,0.234094251462401,0.337468863618364,-0.4484407905,"Non-significant",0.471766290929337,"CRCT1","CRCT1_HUMAN"
0.570384502500005,10.55577969625,1.25874290485425,0.247540935731179,0.350689527275331,-7.35115446177264,"IGLL5_HUMAN",6,1.29150494898862,0.234419059970612,0.337879318825631,0.570384502500005,"Non-significant",0.471238390038605,"IGLL5","IGLL5_HUMAN"
0.0500638474999953,10.88675201125,1.22574041939978,0.259011775425527,0.363565404673066,-7.38955888127824,"TCAF2_HUMAN",28,1.29100511327668,0.234583540074764,0.33805858425204,0.0500638474999953,"Non-significant",0.471008031637467,"TCAF2","TCAF2_HUMAN"
-0.583203911750001,6.629266560125,-1.26504138086072,0.245401601774607,0.348935577152187,-7.34375075966401,"ANGL6_HUMAN",3,-1.29068716468626,0.234688218157357,0.338151622367242,-0.583203911750001,"Non-significant",0.47088852459691,"ANGPTL6","ANGL6_HUMAN"
0.0823729037500023,8.147165656125,1.42403060082664,0.196450882468688,0.294693804650039,-7.14950381126192,"DTWD2_HUMAN",7,1.29043837957799,0.234770153384121,0.338211865129851,0.0823729037500023,"Non-significant",0.470811160576147,"DTWD2","DTWD2_HUMAN"
0.5204120875,6.231398523,1.29006804658439,0.237056726129367,0.340250270570823,-7.31410243346597,"RL3L_HUMAN",1,1.28957884703102,0.235053420957972,0.338530879449705,0.5204120875,"Non-significant",0.470401710544705,"RPL3L","RL3L_HUMAN"
0.211933370000001,14.6418367625,1.27459907315462,0.242185442051131,0.345762379920221,-7.33247121064276,"NTF2_HUMAN",7,1.28952273671044,0.235071922816363,0.338530879449705,0.211933370000001,"Non-significant",0.470401710544705,"NUTF2","NTF2_HUMAN"
1.06476461925,8.535239875375,1.25359083121345,0.249302694077121,0.352875299475407,-7.35719306227837,"CS047_HUMAN",6,1.2891706035462,0.235188063843908,0.338632563037748,1.06476461925,"Non-significant",0.470271282294305,"C19orf47","CS047_HUMAN"
0.0596215725000011,13.34356653625,1.26480499439467,0.245481606402389,0.348990463883578,-7.34402905036067,"CAF17_HUMAN",17,1.28906507141721,0.23522288012647,0.338632563037748,0.0596215725000011,"Non-significant",0.470271282294305,"IBA57","CAF17_HUMAN"
0.0373501749999985,11.2021505825,1.2315027147309,0.256977099144278,0.361190590076224,-7.38290103408396,"ANXA9_HUMAN",22,1.28890232561211,0.235276580490781,0.338652031584152,0.0373501749999985,"Non-significant",0.470246314703595,"ANXA9","ANXA9_HUMAN"
0.0908527375000041,10.30213856625,1.25871501696041,0.247550443384532,0.350689527275331,-7.35118719095335,"HABP4_HUMAN",16,1.28725720072109,0.235820001115483,0.339339586665861,0.0908527375000041,"Non-significant",0.469365473488706,"HABP4","HABP4_HUMAN"
0.0173344599999954,11.9939026825,0.971383368073568,0.362965794695897,0.472427221045664,-7.66141249055825,"GOGA5_HUMAN",46,1.28721252726172,0.235834772652582,0.339339586665861,0.0173344599999954,"Non-significant",0.469365473488706,"GOLGA5","GOGA5_HUMAN"
0.3846759795,8.0318853855,1.25035194288164,0.250415694689801,0.354331692217615,-7.36098115387738,"IFFO1_HUMAN",12,1.28539635878075,0.236435967713627,0.340146573111139,0.3846759795,"Non-significant",0.468333900086096,"IFFO1","IFFO1_HUMAN"
-0.0842199324999999,13.80201911875,-1.40701878404504,0.201241696519172,0.300367699960319,-7.17092883236959,"SYJ2B_HUMAN",7,-1.28460871092587,0.236697103837816,0.34046414475238,-0.0842199324999999,"Non-significant",0.467928618130379,"SYNJ2BP","SYJ2B_HUMAN"
0.131171584000001,7.9289931655,1.36510566256466,0.213489868728003,0.314269316016126,-7.22308445137145,"PRTN3_HUMAN",5,1.2837879280739,0.236969487004953,0.340797782966174,0.131171584000001,"Non-significant",0.467503239165574,"PRTN3","PRTN3_HUMAN"
-0.016591782499999,12.16364920125,-0.950344429884185,0.372851199486128,0.482388758322114,-7.68180119492804,"DSG2_HUMAN",47,-1.28350211379786,0.237064399368159,0.340836409153928,-0.016591782499999,"Non-significant",0.467454018805415,"DSG2","DSG2_HUMAN"
-0.0501458649999993,10.26336634,-1.26439474783668,0.245620506611991,0.349070182133279,-7.34451194293856,"ASM3A_HUMAN",17,-1.28346352119798,0.237077217566672,0.340836409153928,-0.0501458649999993,"Non-significant",0.467454018805415,"SMPDL3A","ASM3A_HUMAN"
-0.0881352422500026,8.053149104125,-1.26333489641167,0.245979659206093,0.349462758713663,-7.34575901102774,"TGFA1_HUMAN",14,-1.28300153274027,0.237230708888022,0.340998916305788,-0.0881352422500026,"Non-significant",0.467247001192735,"TGFBRAP1","TGFA1_HUMAN"
0.0586667050000038,11.3087239275,1.31932961109091,0.227610750706539,0.330320957293184,-7.27898063756607,"B3GA3_HUMAN",12,1.2827658163946,0.237309056037443,0.341053373118433,0.0586667050000038,"Non-significant",0.467177650811098,"B3GAT3","B3GA3_HUMAN"
-0.0375247025000007,16.73395085375,-1.27695472199512,0.241398335784398,0.345047748402017,-7.32968295303624,"LASP1_HUMAN",17,-1.28182488486267,0.237622021475641,0.341432420593603,-0.0375247025000007,"Non-significant",0.466695242985796,"LASP1","LASP1_HUMAN"
0.0334997149999978,11.0486950875,1.15775079678051,0.284057546650953,0.391356825877882,-7.46654152441507,"SWP70_HUMAN",39,1.28172935482235,0.237653815591727,0.341432420593603,0.0334997149999978,"Non-significant",0.466695242985796,"SWAP70","SWP70_HUMAN"
-0.0292387024999972,11.49969577625,-1.10152022974023,0.30625329493163,0.415284591856292,-7.52792421200733,"MRCKB_HUMAN",81,-1.2808593582033,0.237943532862636,0.341790395108923,-0.0292387024999972,"Non-significant",0.466240145856957,"CDC42BPB","MRCKB_HUMAN"
-0.0642244825000038,11.07945263375,-1.23664825371322,0.255171641559744,0.359237766587688,-7.37693863698041,"RABEK_HUMAN",22,-1.28008202774225,0.238202645697816,0.342104293846804,-0.0642244825000038,"Non-significant",0.465841474829056,"RABEPK","RABEK_HUMAN"
0.1055045125,8.83164238925,1.55146232408515,0.163702264711344,0.256906793753848,-6.98464518915051,"PP2BC_HUMAN",4,1.27957412838066,0.238372076929805,0.342289307741283,0.1055045125,"Non-significant",0.465606666919635,"PPP3CC","PP2BC_HUMAN"
-0.901913523499999,7.718707025,-1.24394004775843,0.252631525395149,0.356748387930258,-7.36846170661356,"WSDU1_HUMAN",7,-1.27923585535153,0.238484979042712,0.342393099702099,-0.901913523499999,"Non-significant",0.465474996306505,"WDSUB1","WSDU1_HUMAN"
0.662745237250002,8.805810809125,1.24830666562975,0.251120702489906,0.354852707676013,-7.36336999943892,"STR3N_HUMAN",4,1.27907433739821,0.238538903374027,0.342412196277193,0.662745237250002,"Non-significant",0.465450774714653,"STARD3NL","STR3N_HUMAN"
0.0343391900000025,14.4782289275,1.27979768808592,0.240451322210798,0.343752407550003,-7.32631357195349,"PPGB_HUMAN",17,1.27845246542968,0.23874661822145,0.342652008341325,0.0343391900000025,"Non-significant",0.465146718365777,"CTSA","PPGB_HUMAN"
-0.0566492050000011,11.90862155,-1.53958075040606,0.1665310862996,0.260087022659597,-7.00032497441884,"IPP2_HUMAN",8,-1.27753315627478,0.239053963533216,0.343034705247102,-0.0566492050000011,"Non-significant",0.464661939622413,"PPP1R2","IPP2_HUMAN"
-0.682007551249999,6.780650734875,-1.24399478916234,0.252612537524077,0.356748387930258,-7.36839794638818,"ITM2C_HUMAN",5,-1.2765971543596,0.23936723525399,0.343405696107925,-0.682007551249999,"Non-significant",0.464192505425179,"ITM2C","ITM2C_HUMAN"
-0.122618436749999,9.460406660875,-1.37538922511551,0.210425357679658,0.310688141131508,-7.21037245209659,"BL1S6_HUMAN",5,-1.27651728936208,0.239393981531637,0.343405696107925,-0.122618436749999,"Non-significant",0.464192505425179,"BLOC1S6","BL1S6_HUMAN"
0.113970518249999,8.842840790625,1.31474604222869,0.229068499658651,0.331641769773749,-7.28451409922245,"CIB1_HUMAN",7,1.27350880659971,0.240403355053335,0.344794942954664,0.113970518249999,"Non-significant",0.46243911251957,"CIB1","CIB1_HUMAN"
0.449488163,8.156911373,1.23655534433644,0.255204145963587,0.359237766587688,-7.37704643879408,"ARG28_HUMAN",26,1.27311866398002,0.240534515961832,0.3449243679895,0.449488163,"Non-significant",0.462276122798339,"ARHGEF28","ARG28_HUMAN"
0.195090770999999,7.60817146325,1.25502132023014,0.248812468334997,0.352358920630996,-7.35551801408886,"RGS14_HUMAN",8,1.27275695577155,0.240656171880656,0.345040121242056,0.195090770999999,"Non-significant",0.462130402257343,"RGS14","RGS14_HUMAN"
-0.136015653249999,7.773470759375,-1.24285337877564,0.253008703569546,0.357101534224331,-7.3697270332499,"CB39L_HUMAN",14,-1.27226712705224,0.240821002785174,0.345217726611605,-0.136015653249999,"Non-significant",0.461906911763485,"CAB39L","CB39L_HUMAN"
0.0548865825,10.81996071375,1.38975322437331,0.206209801639494,0.305903276666543,-7.19252374210815,"BAD_HUMAN",10,1.27194786693986,0.240928487717491,0.345313079913405,0.0548865825,"Non-significant",0.461786970950779,"BAD","BAD_HUMAN"
0.150690556000001,7.259016633,1.23059293768636,0.257297441919345,0.36158054983964,-7.38395355734561,"VP13B_HUMAN",38,1.27139993017897,0.241113055895426,0.345518862315972,0.150690556000001,"Non-significant",0.461528238952191,"VPS13B","VP13B_HUMAN"
0.345179200500001,7.28655928375,1.2374209006218,0.254901466396248,0.358969423834967,-7.37604193923523,"CMKMT_HUMAN",11,1.27114595473898,0.241198646224668,0.34558276203089,0.345179200500001,"Non-significant",0.461447928639827,"CAMKMT","CMKMT_HUMAN"
-0.0784697499999965,12.7023844725,-1.28465004080876,0.238842333891335,0.342090404820742,-7.32055188272124,"BID_HUMAN",11,-1.26999049785578,0.241588363573876,0.346082310768898,-0.0784697499999965,"Non-significant",0.460820598139521,"BID","BID_HUMAN"
-0.0586574075000001,9.8370479345,-1.30318415163013,0.232781614253145,0.335806302676666,-7.29841959870304,"UBL7_HUMAN",12,-1.2687104943435,0.242020712227013,0.346582106539795,-0.0586574075000001,"Non-significant",0.460193862948209,"UBL7","UBL7_HUMAN"
0.0598793049999919,16.3734374025,1.28223409421335,0.239642276054782,0.342828368103489,-7.32342228857112,"MYH11_HUMAN",13,1.26870456157403,0.242022717674403,0.346582106539795,0.0598793049999919,"Non-significant",0.460193862948209,"MYH11","MYH11_HUMAN"
0.0892508030000005,9.141563058,1.261508482428,0.246599629921997,0.350048548435923,-7.34790649012082,"MED27_HUMAN",12,1.26859247870546,0.24206060756908,0.346582106539795,0.0892508030000005,"Non-significant",0.460193862948209,"MED27","MED27_HUMAN"
0.30640399475,7.103564202875,1.24966288248259,0.250653025768491,0.354488985604465,-7.361786244051,"TFDP2_HUMAN",5,1.26718643525604,0.242536351652559,0.347204298247184,0.30640399475,"Non-significant",0.459414907074234,"TFDP2","TFDP2_HUMAN"
0.0336303725000011,12.28148341125,1.31818779154049,0.227973137726824,0.330680705196937,-7.28036018481791,"FA50A_HUMAN",15,1.26616868183984,0.242881209648998,0.347624279634718,0.0336303725000011,"Non-significant",0.458889898094677,"FAM50A","FA50A_HUMAN"
-0.131170992499998,11.07514202625,-1.5061007899873,0.174744119154492,0.269509676897774,-7.044177914641,"C1D_HUMAN",3,-1.2660658354312,0.242916081483268,0.347624279634718,-0.131170992499998,"Non-significant",0.458889898094677,"C1D","C1D_HUMAN"
0.13927531225,9.263426423125,1.37598756993834,0.210248248969091,0.310527858868139,-7.20963109618497,"VHL_HUMAN",4,1.26595563907662,0.242953450151634,0.347624279634718,0.13927531225,"Non-significant",0.458889898094677,"VHL","VHL_HUMAN"
-1.337126614,10.163545428,-1.23016907165314,0.257446805206704,0.36173014187153,-7.38444375606157,"CE290_HUMAN",7,-1.26572201494406,0.243032690508295,0.347678640240057,-1.337126614,"Non-significant",0.458821989531934,"CEP290","CE290_HUMAN"
-0.134244680499997,8.19552767275,-1.30371337100907,0.232610524687689,0.335616931289376,-7.29778475600876,"FXL12_HUMAN",6,-1.26540883823255,0.24313894777323,0.347771625790015,-0.134244680499997,"Non-significant",0.458705854379051,"FBXL12","FXL12_HUMAN"
0.0684378144999993,9.8694297075,1.31909258267165,0.227685936869546,0.330320957293184,-7.27926707533798,"MMAD_HUMAN",10,1.26422421253402,0.243541233821348,0.348266850538204,0.0684378144999993,"Non-significant",0.458087861497777,"MMADHC","MMAD_HUMAN"
-0.54148697825,6.852825522375,-1.23232809106882,0.256686766712964,0.361023319977235,-7.38194571642062,"DPOL_HBVD3",6,-1.26414600643912,0.24356781159363,0.348266850538204,-0.54148697825,"Non-significant",0.458087861497777,"P","DPOL_HBVD3"
0.0584101677500009,9.574316978375,1.29594305504129,0.235133504868015,0.338157364363163,-7.30708988892683,"CBPB2_HUMAN",12,1.26184007898716,0.244352568993632,0.349329681826209,0.0584101677500009,"Non-significant",0.456764511683643,"CPB2","CBPB2_HUMAN"
0.04909301,10.48946202,1.18146206747344,0.275103312082239,0.381487813959829,-7.44002883530557,"RELCH_HUMAN",43,1.26127258237569,0.244546028356816,0.349546968461862,0.04909301,"Non-significant",0.456494460051907,"RELCH","RELCH_HUMAN"
0.0894052979999955,8.9756599665,1.22726519857589,0.258472053636651,0.362989160297123,-7.38779910894081,"GBP7_HUMAN",18,1.26031826875526,0.24487164575047,0.349953052226299,0.0894052979999955,"Non-significant",0.455990214297277,"GBP7","GBP7_HUMAN"
0.679824830000001,11.4830503475,1.22597944552555,0.25892710517947,0.363508272403839,-7.38928311178615,"S10A7_HUMAN",7,1.25994157916703,0.245000275386248,0.350077525212864,0.679824830000001,"Non-significant",0.45583576981007,"S100A7","S10A7_HUMAN"
0.126939773500002,8.83669471725,1.51926082953563,0.1714727497362,0.265541761441563,-7.02699938809433,"NEPR1_HUMAN",3,1.25911738250231,0.245281916343549,0.350420554721996,0.126939773500002,"Non-significant",0.455410427217074,"CNEP1R1","NEPR1_HUMAN"
0.707952499500001,8.712186098,1.22525669113527,0.259183198050758,0.363684897015122,-7.39011686130301,"MD2BP_HUMAN",6,1.25869721390863,0.245425599910283,0.350566409361766,0.707952499500001,"Non-significant",0.455229699559153,"MAD2L1BP","MD2BP_HUMAN"
0.0772392747499975,9.492188572875,1.20993766004256,0.264661609285079,0.370145953620021,-7.4077125166875,"DNLI4_HUMAN",28,1.25702532969343,0.245998033469228,0.351324538141668,0.0772392747499975,"Non-significant",0.454291515999736,"LIG4","DNLI4_HUMAN"
0.0210490275000019,14.90362834875,1.07696807170186,0.316375805088763,0.425120216535616,-7.55404653110053,"OLA1_HUMAN",30,1.25682709738436,0.246065980673269,0.351362044908518,0.0210490275000019,"Non-significant",0.454245153987751,"OLA1","OLA1_HUMAN"
0.1299257275,10.72949457125,1.49506269291485,0.177531635276455,0.27296865263503,-7.05852666676492,"RT06_HUMAN",3,1.25587227213359,0.246393484099718,0.351758746141075,0.1299257275,"Non-significant",0.453755095446636,"MRPS6","RT06_HUMAN"
-0.0387096399999987,13.42167592,-1.15903901943252,0.28356495139694,0.390805914866711,-7.46511051396066,"CAN2_HUMAN",37,-1.25577385323989,0.246427262541589,0.351758746141075,-0.0387096399999987,"Non-significant",0.453755095446636,"CAPN2","CAN2_HUMAN"
-0.0348861224999979,13.11128914375,-1.27269438336292,0.242823474180954,0.34649721751672,-7.33472331858673,"CC90B_HUMAN",16,-1.25451364878011,0.246860124382974,0.352316963837468,-0.0348861224999979,"Non-significant",0.453066445312553,"CCDC90B","CC90B_HUMAN"
-0.062850000000001,13.3535130025,-1.71728458142431,0.128593597707866,0.213075572062042,-6.75998195120913,"TX1B3_HUMAN",6,-1.25415128822914,0.246984708762313,0.352428250923588,-0.062850000000001,"Non-significant",0.452929285480039,"TAX1BP3","TX1B3_HUMAN"
0.0252017949999992,11.1319258225,1.08312433533985,0.313812782226863,0.422720664089623,-7.54753622955029,"MRE11_HUMAN",39,1.25404365888259,0.247021723390267,0.352428250923588,0.0252017949999992,"Non-significant",0.452929285480039,"MRE11","MRE11_HUMAN"
0.1467716695,8.544000745,1.27536914754302,0.241927891030159,0.34557027512171,-7.33156007086027,"IMP2L_HUMAN",6,1.25180431181226,0.247792916618853,0.353468690841142,0.1467716695,"Non-significant",0.451649048619881,"IMMP2L","IMP2L_HUMAN"
0.0553481574999974,13.36244475875,1.20140088253846,0.267756545831134,0.373847925262652,-7.41745452089761,"SPB8_HUMAN",24,1.25093417859207,0.248093123462287,0.353837045289951,0.0553481574999974,"Non-significant",0.451196700191774,"SERPINB8","SPB8_HUMAN"
0.0414228450000014,10.1283686175,1.4221499969537,0.196975450485598,0.295270509006421,-7.15187938826016,"YTHD1_HUMAN",11,1.25069943941827,0.248174163950983,0.353858082770836,0.0414228450000014,"Non-significant",0.451170879858973,"YTHDF1","YTHD1_HUMAN"
0.0632855900000013,10.517953515,1.19080509185204,0.271640058558173,0.377996199753475,-7.42948234388645,"EXOC6_HUMAN",38,1.2505813582612,0.248214938296785,0.353858082770836,0.0632855900000013,"Non-significant",0.451170879858973,"EXOC6","EXOC6_HUMAN"
0.114322662249998,8.637890815625,1.2316219609524,0.256935136216425,0.361190590076224,-7.38276304032393,"MTHSD_HUMAN",12,1.25052669172657,0.248233816991809,0.353858082770836,0.114322662249998,"Non-significant",0.451170879858973,"MTHFSD","MTHSD_HUMAN"
-0.0368132625000008,14.67084073875,-1.91560937248554,0.0959468644573319,0.170152770989028,-6.47931274702645,"CBX3_HUMAN",9,-1.24998864514978,0.248419692145625,0.353994796010887,-0.0368132625000008,"Non-significant",0.451003122382031,"CBX3","CBX3_HUMAN"
0.0714924324999995,11.13087332125,1.27333951363167,0.24260720764261,0.346305868453778,-7.33396075357181,"UNG_HUMAN",11,1.24993856071744,0.248437000431802,0.353994796010887,0.0714924324999995,"Non-significant",0.451003122382031,"UNG","UNG_HUMAN"
-0.0185782874999987,11.27894246625,-0.96561695584336,0.365655151909635,0.474827803951058,-7.66703491594062,"RAI14_HUMAN",54,-1.24988441321273,0.248455713987473,0.353994796010887,-0.0185782874999987,"Non-significant",0.451003122382031,"RAI14","RAI14_HUMAN"
0.0588588700000034,11.2759044175,1.83405747077469,0.108270449656222,0.187356111712645,-6.59608334128344,"CHMP3_HUMAN",6,1.24943120694053,0.248612390185491,0.354146236331036,0.0588588700000034,"Non-significant",0.450817369280947,"CHMP3","CHMP3_HUMAN"
0.0497772649999995,11.1202236425,1.26455213043899,0.245567212483147,0.349053294101255,-7.34432670295596,"MKRN2_HUMAN",14,1.24922212913711,0.24868469774841,0.354146236331036,0.0497772649999995,"Non-significant",0.450817369280947,"MKRN2","MKRN2_HUMAN"
0.113306045749997,8.903509378375,1.28736303135698,0.237946774879372,0.341088770853023,-7.31732452939337,"S26A6_HUMAN",7,1.2491267562281,0.248717687447841,0.354146236331036,0.113306045749997,"Non-significant",0.450817369280947,"SLC26A6","S26A6_HUMAN"
0.0311779975000039,14.45335149625,1.42191012191532,0.197042449989464,0.295318423001634,-7.15218227187584,"CLPP_HUMAN",13,1.24909097518392,0.248730065141741,0.354146236331036,0.0311779975000039,"Non-significant",0.450817369280947,"CLPP","CLPP_HUMAN"
0.106883287500001,8.2944368125,1.21349283547274,0.263381597947391,0.368594303353571,-7.403641972261,"CBLB_HUMAN",19,1.24843805154591,0.248956021459576,0.354380983500747,0.106883287500001,"Non-significant",0.450529590911043,"CBLB","CBLB_HUMAN"
-0.0422086750000013,11.9568259725,-1.40899585240828,0.200679634297799,0.299597704126134,-7.16844633506226,"DCNL1_HUMAN",11,-1.24837161448579,0.248979022931715,0.354380983500747,-0.0422086750000013,"Non-significant",0.450529590911043,"DCUN1D1","DCNL1_HUMAN"
0.191334008,9.98399794125,1.38752514194389,0.206858772136792,0.306542297879926,-7.19529937746564,"UBB_HUMAN;UBC_HUMAN",2,1.24783037895346,0.249166473259796,0.354587912055853,0.191334008,"Non-significant",0.450276073633357,"UBB;UBC","UBB_HUMAN;UBC_HUMAN"
0.0836935049999994,10.7282109275,1.28820782050116,0.237668500114849,0.34081452661927,-7.31631870648622,"NKTR_HUMAN",9,1.24725812491259,0.249364795824929,0.35473540791667,0.0836935049999994,"Non-significant",0.450095460258395,"NKTR","NKTR_HUMAN"
-0.0611181250000019,14.54262781,-1.74768769477466,0.1229777641454,0.206366628306107,-6.71771860748574,"COA3_HUMAN",6,-1.24719843818336,0.249385488746743,0.35473540791667,-0.0611181250000019,"Non-significant",0.450095460258395,"COA3","COA3_HUMAN"
0.0421693325000003,12.02062833375,1.18459769390449,0.273936927222321,0.380172241160073,-7.43649553604265,"VPS4A_HUMAN",25,1.24716704552417,0.24939637291662,0.35473540791667,0.0421693325000003,"Non-significant",0.450095460258395,"VPS4A","VPS4A_HUMAN"
-1.06729948575,9.124599397625,-1.21559630418753,0.262626715329947,0.367721027162146,-7.40122987235655,"CCGL_HUMAN",2,-1.24648523012904,0.249632864360395,0.355011880157545,-1.06729948575,"Non-significant",0.449757113422269,"TMEM37","CCGL_HUMAN"
-0.0865597725000029,8.54276156425,-1.50839951782564,0.174168632622032,0.268926067845962,-7.04118282477475,"GP180_HUMAN",5,-1.24505713617213,0.250128818961532,0.355639971101572,-0.0865597725000029,"Non-significant",0.448989433716188,"GPR180","GP180_HUMAN"
0.0266768925000012,11.26943838375,1.18630709357763,0.273302804023632,0.379579722378513,-7.43456669096968,"FBX22_HUMAN",21,1.24497058798402,0.250158902439343,0.355639971101572,0.0266768925000012,"Non-significant",0.448989433716188,"FBXO22","FBX22_HUMAN"
-0.470693588250003,7.939279556375,-1.21429642554086,0.263092994301426,0.368312713663298,-7.40272080030393,"EFNB1_HUMAN",6,-1.24444405378284,0.250341987295016,0.355840237927435,-0.470693588250003,"Non-significant",0.448744944049226,"EFNB1","EFNB1_HUMAN"
0.0218949299999984,16.468292475,1.01845976408876,0.341574331016385,0.450286211469676,-7.61456193358301,"ACON_HUMAN",52,1.24405375743553,0.250477772740196,0.355973216393039,0.0218949299999984,"Non-significant",0.448582677336944,"ACO2","ACON_HUMAN"
2.381995559,13.248325168,1.20966437657389,0.264760218669858,0.370154898518533,-7.40802508976179,"SPAT1_HUMAN",1,1.24356332154374,0.250648484978538,0.356155778807164,2.381995559,"Non-significant",0.448360004615207,"SPATA1","SPAT1_HUMAN"
-0.353333950000001,7.5331612825,-1.20992550685679,0.264665993886329,0.370145953620021,-7.40772641811203,"NADL2_HUMAN",11,-1.24311983499471,0.25080293927367,0.356315182055918,-0.353333950000001,"Non-significant",0.448165672617724,"NAALADL2","NADL2_HUMAN"
0.101263999999997,9.48093771925,1.20101628672007,0.267896688892226,0.373919720263714,-7.41789233646432,"AP4B1_HUMAN",28,1.24280025493939,0.250914289962108,0.356413304700137,0.101263999999997,"Non-significant",0.448046092373648,"AP4B1","AP4B1_HUMAN"
-0.315107825,14.62521267,-1.26243398366438,0.24628530476765,0.349779079003626,-7.34681854210478,"MT1G_HUMAN",2,-1.24202173925826,0.251185720864173,0.356738743245849,-0.315107825,"Non-significant",0.447649721992831,"MT1G","MT1G_HUMAN"
0.477600336000001,7.9427160025,1.20813382519281,0.265313060833264,0.37086630012663,-7.40977482369909,"KBTB2_HUMAN",7,1.23971482629903,0.251991481031651,0.357822808897539,0.477600336000001,"Non-significant",0.446331979412531,"KBTBD2","KBTB2_HUMAN"
-0.0295329100000004,13.24881363,-1.17519666993161,0.277446277704074,0.384230233959099,-7.44706990489866,"ABI1_HUMAN",22,-1.23959281787257,0.252034156664093,0.357823127256466,-0.0295329100000004,"Non-significant",0.446331593016078,"ABI1","ABI1_HUMAN"
0.0437772299999999,12.3456877475,1.45096174103123,0.18907454837515,0.286277953701121,-7.11529393484739,"ERI3_HUMAN",10,1.23866292211513,0.252359611631823,0.358224851203206,0.0437772299999999,"Non-significant",0.445844289045198,"ERI3","ERI3_HUMAN"
0.0566799625000023,11.07077705875,1.20125673482329,0.267809064693079,0.373859325322617,-7.41761862645821,"DCP1A_HUMAN",20,1.23832090080066,0.25247940476539,0.358334551737241,0.0566799625000023,"Non-significant",0.445711313783776,"DCP1A","DCP1A_HUMAN"
0.542833328249998,6.995847463625,1.21393014368395,0.263224508816604,0.368435633479766,-7.40314072661922,"AP1S2_HUMAN",3,1.23785849598978,0.252641438249522,0.358504155388084,0.542833328249998,"Non-significant",0.445505806100347,"AP1S2","AP1S2_HUMAN"
0.029464722500002,12.31104755625,1.24928684993196,0.250782622249332,0.354553291335058,-7.36222547593535,"HSC20_HUMAN",17,1.2374324369723,0.252790812963211,0.358655741872902,0.029464722500002,"Non-significant",0.445322211967103,"HSCB","HSC20_HUMAN"
-0.0553243200000022,11.1943458325,-1.19346565302512,0.270660525615769,0.377090507506665,-7.42646889411072,"DEMA_HUMAN",22,-1.2371673135449,0.252883801700685,0.358727291237811,-0.0553243200000022,"Non-significant",0.445235581832202,"DMTN","DEMA_HUMAN"
-0.0428426274999989,11.98920524125,-1.15992694618512,0.283225833399283,0.390530107921242,-7.46412353469105,"F261_HUMAN",32,-1.23688196762997,0.252983915327232,0.358808921806031,-0.0428426274999989,"Non-significant",0.445136766734537,"PFKFB1","F261_HUMAN"
0.156975269249999,8.797450065625,1.30195303494808,0.233180038643595,0.33615566063165,-7.29989581037468,"HMGN4_HUMAN",4,1.23506153430173,0.253623398324096,0.359655387697478,0.156975269249999,"Non-significant",0.444113429510952,"HMGN4","HMGN4_HUMAN"
0.059765340000002,10.7149117,1.23246405483959,0.256638967048363,0.361016330649308,-7.38178830756,"PCMD1_HUMAN",14,1.23424559369649,0.253910462612028,0.359973880205893,0.059765340000002,"Non-significant",0.443729010604905,"PCMTD1","PCMD1_HUMAN"
-0.0536832775000011,11.99973416125,-1.19010914113301,0.271896772900197,0.378159178139503,-7.43026986053033,"FPGT_HUMAN",22,-1.23418040948055,0.253933407486563,0.359973880205893,-0.0536832775000011,"Non-significant",0.443729010604905,"FPGT","FPGT_HUMAN"
-0.0404493824999967,11.54956877125,-1.30590977954787,0.23190161637829,0.334766008640624,-7.29514828395005,"C1RL_HUMAN",13,-1.23383426677384,0.254055279037374,0.360086084917778,-0.0404493824999967,"Non-significant",0.443593661078561,"C1RL","C1RL_HUMAN"
-0.0380225175,14.93134593875,-1.77566056163512,0.118017230827196,0.200162561762031,-6.67857118377708,"SRP09_HUMAN",9,-1.23260541920593,0.254488333932371,0.360639234484862,-0.0380225175,"Non-significant",0.44292702749333,"SRP9","SRP09_HUMAN"
0.0884909599999997,10.16883707,1.26174292668087,0.246519973963222,0.349994418146539,-7.34763094351928,"PITC1_HUMAN",9,1.23174252564734,0.254792793879003,0.361009994890926,0.0884909599999997,"Non-significant",0.442480774089114,"PITPNC1","PITC1_HUMAN"
-0.0900554675000027,10.36809277625,-1.31396934931014,0.229316318135481,0.3318295700539,-7.28545058743274,"RP25L_HUMAN",7,-1.23120438743805,0.254982823041587,0.361218523599587,-0.0900554675000027,"Non-significant",0.442229986789284,"RPP25L","RP25L_HUMAN"
0.11631155025,8.317014217375,1.18798621851806,0.272681103000355,0.37896603745919,-7.43267018879149,"SMC6_HUMAN",37,1.22981415644779,0.255474296122202,0.361853947574195,0.11631155025,"Non-significant",0.441466685162182,"SMC6","SMC6_HUMAN"
0.0312139975000001,14.30315887875,1.13757802709077,0.291863644938072,0.399434756158955,-7.48880724083399,"NMT1_HUMAN",27,1.22877195801732,0.25584325354765,0.362315655939709,0.0312139975000001,"Non-significant",0.440912899359553,"NMT1","NMT1_HUMAN"
-0.193122268000001,7.32809263475,-1.19095845801638,0.271583513809181,0.377996199753475,-7.42930875794998,"WDR19_HUMAN",28,-1.22763176820037,0.256247412977379,0.362811528167339,-0.193122268000001,"Non-significant",0.440318921887798,"WDR19","WDR19_HUMAN"
-0.1491982975,11.10109412625,-1.51047072904868,0.173651581073301,0.26827514238762,-7.03848214853488,"MT1A_HUMAN",2,-1.22754133315089,0.256279492075968,0.362811528167339,-0.1491982975,"Non-significant",0.440318921887798,"MT1A","MT1A_HUMAN"
0.0550284407500001,10.022005319625,1.29130707345483,0.236649999054457,0.339816497790463,-7.31262515166471,"FHL1_HUMAN",11,1.22735011153838,0.256347333233641,0.362846628350355,0.0550284407500001,"Non-significant",0.440276908122302,"FHL1","FHL1_HUMAN"
-0.627493738749998,7.237735331125,-1.19463784818365,0.270229898285519,0.376615048387672,-7.42513979603759,"KPCD3_HUMAN",5,-1.22561547574018,0.25696343044688,0.363657615049824,-0.627493738749998,"Non-significant",0.439307313799981,"PRKD3","KPCD3_HUMAN"
0.106718778499999,8.87331044675,1.35323383896138,0.217076399125159,0.318492074538897,-7.23768996397939,"PPM1K_HUMAN",5,1.22453308825377,0.257348493723507,0.364141422460205,0.106718778499999,"Non-significant",0.438729915620669,"PPM1K","PPM1K_HUMAN"
-0.0327472674999925,16.15476226625,-1.1141467641973,0.301150248806666,0.409286592581649,-7.51432725992278,"CBS_HUMAN",36,-1.22441087286512,0.257392002611543,0.364141858008173,-0.0327472674999925,"Non-significant",0.438729396163243,"CBS","CBS_HUMAN"
0.108036040250003,9.827719926125,1.29676835859055,0.234864416959443,0.337943354481248,-7.30610320327515,"VMA22_HUMAN",6,1.2234110447301,0.257748174290108,0.364584554638584,0.108036040250003,"Non-significant",0.438201733863484,"VMA22","VMA22_HUMAN"
-0.0158510200000013,13.536538125,-0.956483186236002,0.369945980952414,0.479439525437868,-7.67588780212888,"DD19A_HUMAN",33,-1.22319230855347,0.257826150247139,0.364633661146498,-0.0158510200000013,"Non-significant",0.438143241947119,"DDX19A","DD19A_HUMAN"
0.0237460125000002,11.58484959625,1.13281708627384,0.293731385603252,0.40107919151949,-7.49402259682095,"SIR2_HUMAN",23,1.22261612019236,0.258031646636972,0.364863068193765,0.0237460125000002,"Non-significant",0.437870094134346,"SIRT2","SIR2_HUMAN"
0.0314469349999982,12.9961030475,1.16287261118082,0.282103219477433,0.389300595444546,-7.46084556796276,"DRG2_HUMAN",22,1.22242244549159,0.258100751066306,0.364891586441146,0.0314469349999982,"Non-significant",0.437836150349545,"DRG2","DRG2_HUMAN"
0.142901897249999,8.452483177125,1.18722446354395,0.272962998801598,0.379295271496648,-7.43353078267439,"FBLI1_HUMAN",20,1.22231696191373,0.258138394821278,0.364891586441146,0.142901897249999,"Non-significant",0.437836150349545,"FBLIM1","FBLI1_HUMAN"
0.0198247424999991,15.05600988875,1.14820976032788,0.287727885998998,0.395379581200775,-7.47710607806047,"CLYBL_HUMAN",21,1.2219055157381,0.25828527083031,0.365037985886768,0.0198247424999991,"Non-significant",0.437661940467797,"CLYBL","CLYBL_HUMAN"
0.191414713499998,7.35371059175,1.18706587888394,0.273021715339721,0.379314329750867,-7.43370989735044,"EH1L1_HUMAN",19,1.22168842448139,0.258362795138208,0.365086337002507,0.191414713499998,"Non-significant",0.437604419790477,"EHBP1L1","EH1L1_HUMAN"
0.0438025000000017,14.0919600725,1.53611298048413,0.167365106383602,0.260690082042009,-7.00488988949538,"NDUB6_HUMAN",9,1.22134885934747,0.258484094447748,0.365196518957436,0.0438025000000017,"Non-significant",0.43747337080034,"NDUFB6","NDUB6_HUMAN"
0.127026319750001,8.484014868625,1.22556769058819,0.259072975715969,0.36359076129036,-7.38975814029269,"APLF_HUMAN",8,1.22074424089517,0.258700193815496,0.365440578795176,0.127026319750001,"Non-significant",0.437183229921775,"APLF","APLF_HUMAN"
0.0571055450000006,14.7941060075,1.80505545740212,0.113010464957331,0.193807773982776,-6.63717477714126,"CD81_HUMAN",6,1.21976881688656,0.25904914267202,0.365872188938079,0.0571055450000006,"Non-significant",0.436670601308054,"CD81","CD81_HUMAN"
-0.0461258875000006,10.46776771625,-1.48373312647108,0.180434619375752,0.276323293371768,-7.07319664438598,"NHEJ1_HUMAN",9,-1.21936167492436,0.259194910191361,0.366016736137205,-0.0461258875000006,"Non-significant",0.436499056010344,"NHEJ1","NHEJ1_HUMAN"
-0.0858464242500023,8.878813982125,-1.23375495551335,0.25618551081471,0.360438603014053,-7.38029323536932,"ANR54_HUMAN",10,-1.21899207170984,0.259327297174794,0.366142343029538,-0.0858464242500023,"Non-significant",0.436350043637715,"ANKRD54","ANR54_HUMAN"
0.117459059250001,8.162479758125,1.2705504260069,0.243543377955218,0.347284609035923,-7.33725579265666,"C1QB_HUMAN",6,1.21710050312029,0.260005716307226,0.367038717593972,0.117459059250001,"Non-significant",0.43528812116885,"C1QB","C1QB_HUMAN"
-0.0550951949999998,13.577352285,-1.36773008873839,0.21270407881793,0.313331471575731,-7.21984557999502,"CSK2B_HUMAN",9,-1.21675913092478,0.260128308575323,0.367150286835465,-0.0550951949999998,"Non-significant",0.435156128164295,"CSNK2B","CSK2B_HUMAN"
-0.0711052417500007,9.764984011625,-1.23575783137836,0.255483300666919,0.359570669781509,-7.377971569027,"FKBP7_HUMAN",11,-1.21568491973023,0.260514389916936,0.367601973124842,-0.0711052417500007,"Non-significant",0.434622166178931,"FKBP7","FKBP7_HUMAN"
-0.0261073074999985,11.67002677875,-1.38380421869865,0.207946585707238,0.307829605009889,-7.19992899236419,"CPN2_HUMAN",14,-1.21562607145994,0.260535554330028,0.367601973124842,-0.0261073074999985,"Non-significant",0.434622166178931,"CPN2","CPN2_HUMAN"
0.104109527500002,14.13481533375,1.22474755506598,0.259363728074891,0.363817085029665,-7.39070399371369,"LYPA2_HUMAN",9,1.21528646077815,0.260657721218332,0.367712791991518,0.104109527500002,"Non-significant",0.43449126163319,"LYPLA2","LYPA2_HUMAN"
-0.59076654875,6.243138849625,-1.1865855034992,0.273199640292419,0.37949897297706,-7.43425236302816,"SENP2_HUMAN",4,-1.21507680330521,0.26073316437516,0.367757671104121,-0.59076654875,"Non-significant",0.434438259502014,"SENP2","SENP2_HUMAN"
0.0322499275000006,16.79968667125,1.17455611162724,0.277686747592074,0.384464782433245,-7.44778833958545,"HNRPC_HUMAN",20,1.21433150809975,0.261001498904425,0.368074558183938,0.0322499275000006,"Non-significant",0.434064200543515,"HNRNPC","HNRPC_HUMAN"
-0.0201394550000007,13.21597588,-1.03778243621768,0.333083419561362,0.441692674962197,-7.59485164865734,"TOIP1_HUMAN",30,-1.21358005072885,0.261272285160432,0.36835270161861,-0.0201394550000007,"Non-significant",0.433736140540326,"TOR1AIP1","TOIP1_HUMAN"
-0.0531699624999984,12.22170221875,-1.38011461884793,0.209030227226698,0.309162271502691,-7.20451253321643,"CHM2B_HUMAN",9,-1.21354164310029,0.261286131566932,0.36835270161861,-0.0531699624999984,"Non-significant",0.433736140540326,"CHMP2B","CHM2B_HUMAN"
0.78645098225,6.828930556625,1.179637197217,0.275784024281456,0.38233281918888,-7.44208223770457,"SORT_HUMAN",8,1.21323339285972,0.261397281600358,0.368447773680505,0.78645098225,"Non-significant",0.433624063326813,"SORT1","SORT_HUMAN"
0.0918242930000002,9.33661854275,1.55379313687367,0.163152528915352,0.256234892160891,-6.9815622356531,"RSRC1_HUMAN",4,1.2130498996187,0.261463464997749,0.36847944264605,0.0918242930000002,"Non-significant",0.433586736283687,"RSRC1","RSRC1_HUMAN"
0.155619621249999,9.832587242375,1.33161988528282,0.223741683495328,0.326339963693048,-7.26408565227736,"NFYB_HUMAN",3,1.21277720588776,0.261561847543741,0.368556471572416,0.155619621249999,"Non-significant",0.433495958515211,"NFYB","NFYB_HUMAN"
-0.0904119024999996,10.70927584125,-1.57094278367247,0.159159531274395,0.251180619567848,-6.95880841132439,"UBE2A_HUMAN",4,-1.2125150703804,0.261656449973854,0.368602323236515,-0.0904119024999996,"Non-significant",0.43344193182552,"UBE2A","UBE2A_HUMAN"
-0.634795784749999,7.110965669125,-1.19004327466577,0.271921079452311,0.378159178139503,-7.43034437704513,"MOT5_HUMAN",2,-1.21244470620804,0.261681848647207,0.368602323236515,-0.634795784749999,"Non-significant",0.43344193182552,"SLC16A4","MOT5_HUMAN"
-0.0521564482500025,9.118073701875,-1.65766529821983,0.140315867899178,0.228280727759539,-6.84194353799648,"CC28A_HUMAN",7,-1.21230052815786,0.261733897618922,0.368614038935655,-0.0521564482500025,"Non-significant",0.433428128378529,"CCDC28A","CC28A_HUMAN"
-0.0311262625000044,13.94385087625,-1.58581128439187,0.155770685774634,0.247319725386104,-6.9389827987558,"PSMD9_HUMAN",11,-1.21176384771602,0.261927717677924,0.368825381274177,-0.0311262625000044,"Non-significant",0.433179199961061,"PSMD9","PSMD9_HUMAN"
0.0295164575000015,11.24116504125,1.09071493401744,0.310675565184646,0.419684561355706,-7.5394724405902,"PAPOA_HUMAN",35,1.2112461143102,0.262114808403982,0.369027178893798,0.0295164575000015,"Non-significant",0.432941646824896,"PAPOLA","PAPOA_HUMAN"
0.362526417000001,7.0595493315,1.19289249085237,0.270871295815476,0.377259443560582,-7.42711845885313,"PCDGG_HUMAN",4,1.21108254390475,0.262173940159415,0.369048787842971,0.362526417000001,"Non-significant",0.432916216793812,"PCDHGB4","PCDGG_HUMAN"
-0.0653390885,9.89116692525,-1.26391827229069,0.245781914744323,0.349240687690475,-7.34507266736421,"CNPY4_HUMAN",10,-1.21076178347184,0.262289929384068,0.369150411550895,-0.0653390885,"Non-significant",0.432796643063856,"CNPY4","CNPY4_HUMAN"
0.0353739275000002,11.98510873375,1.27283237982509,0.242777199850536,0.346489843809714,-7.33456022277346,"FA8A1_HUMAN",14,1.21027417381457,0.262466334330284,0.36933701704006,0.0353739275000002,"Non-significant",0.432577162723841,"FAM8A1","FA8A1_HUMAN"
0.161523699999999,7.5798315405,1.18454918406797,0.273954940420724,0.380172241160073,-7.43655024608064,"CCD92_HUMAN",11,1.20912370895665,0.262882935244567,0.36986150244975,0.161523699999999,"Non-significant",0.431960870478968,"CCDC92","CCD92_HUMAN"
0.0443310750000006,10.0883588775,1.67926905965453,0.135956718304532,0.22295314758539,-6.81238856610582,"ASHWN_HUMAN",8,1.20824489637322,0.263201537452537,0.370224409913889,0.0443310750000006,"Non-significant",0.431534950409104,"C2orf49","ASHWN_HUMAN"
0.183819055000001,12.846128345,1.19156381702893,0.271360419204286,0.377780022772999,-7.42862344239086,"FRDA_HUMAN",8,1.20813065977342,0.263242976056753,0.370224409913889,0.183819055000001,"Non-significant",0.431534950409104,"FXN","FRDA_HUMAN"
-0.0380482724999993,12.44144344125,-2.12161579003243,0.0706036643695892,0.134520408447393,-6.17766589212663,"PTPS_HUMAN",8,-1.20804888240579,0.263272643614172,0.370224409913889,-0.0380482724999993,"Non-significant",0.431534950409104,"PTS","PTPS_HUMAN"
-0.0597746374999986,9.7132047415,-1.14803546865527,0.287795295505131,0.395407749928728,-7.47729850745479,"APAF_HUMAN",40,-1.20774503802425,0.263382898006882,0.370263010221119,-0.0597746374999986,"Non-significant",0.4314896723936,"APAF1","APAF_HUMAN"
0.0350673224999998,14.99286186625,1.11453706782428,0.30099361208511,0.409252589281126,-7.51390521580221,"ERF3B_HUMAN",33,1.20773112498469,0.26338794747726,0.370263010221119,0.0350673224999998,"Non-significant",0.4314896723936,"GSPT2","ERF3B_HUMAN"
-0.0735669132500014,8.281877517625,-1.23910766080561,0.254312491031226,0.358281796239714,-7.37408310437238,"PROZ_HUMAN",10,-1.20669091267165,0.263765700743776,0.370724138249659,-0.0735669132500014,"Non-significant",0.430949135666312,"PROZ","PROZ_HUMAN"
0.0206391825000001,15.03945863375,0.997963914473726,0.350764365576922,0.459955326298674,-7.63516563096595,"GSH1_HUMAN",41,1.20658569249559,0.263803936554924,0.370724138249659,0.0206391825000001,"Non-significant",0.430949135666312,"GCLC","GSH1_HUMAN"
0.0250017645000007,9.4731150865,1.05301864449992,0.326506025583107,0.435393021616834,-7.57911709723098,"SIK3_HUMAN",37,1.20641477754374,0.263866054924427,0.370749621096516,0.0250017645000007,"Non-significant",0.430919284145235,"SIK3","SIK3_HUMAN"
0.0155177100000028,15.6446280475,0.954151594419944,0.371047401448929,0.480497549057156,-7.67813727156185,"ALAT1_HUMAN",31,1.20616147591741,0.263958138783326,0.370797937445296,0.0155177100000028,"Non-significant",0.430862690273544,"GPT","ALAT1_HUMAN"
0.12205326575,7.429074347125,1.17412640704583,0.277848158500632,0.384614467999913,-7.44827013720586,"SMYD4_HUMAN",17,1.20607818534834,0.263988423610063,0.370797937445296,0.12205326575,"Non-significant",0.430862690273544,"SMYD4","SMYD4_HUMAN"
0.0620477199999971,10.3312956075,1.16726294259151,0.280436861860026,0.387327190851182,-7.4559494399196,"EDC3_HUMAN",21,1.20559653489531,0.264163610563167,0.370941769615219,0.0620477199999971,"Non-significant",0.430694260518723,"EDC3","EDC3_HUMAN"
0.048302415000002,12.2434016475,1.15013990809233,0.28698224472045,0.394612290497336,-7.47497372359073,"EI2BD_HUMAN",26,1.2055546761668,0.264178840075947,0.370941769615219,0.048302415000002,"Non-significant",0.430694260518723,"EIF2B4","EI2BD_HUMAN"
0.0328254700000006,11.598903895,1.70052521692415,0.131792102905796,0.217274953217934,-6.78314721633632,"GCH1_HUMAN",10,1.20539379874896,0.26423737910019,0.370962169959277,0.0328254700000006,"Non-significant",0.430670376680444,"GCH1","GCH1_HUMAN"
-0.0578131650000007,11.547258855,-1.32908565906725,0.22453475948705,0.327043975758829,-7.26716380618559,"BL1S1_HUMAN",9,-1.20427680065044,0.264644122526798,0.371471325358597,-0.0578131650000007,"Non-significant",0.43007470470062,"BLOC1S1","BL1S1_HUMAN"
-0.785743593999999,9.216316998,-1.16973426963326,0.279502454810451,0.386470831954936,-7.45318787639787,"IF2B1_HUMAN",16,-1.20394448249106,0.264765233182762,0.371579445637279,-0.785743593999999,"Non-significant",0.42994831753415,"IGF2BP1","IF2B1_HUMAN"
-0.0322892649999975,12.71270287,-1.22501231936219,0.259269834420488,0.363745911173484,-7.39039868915205,"RISC_HUMAN",16,-1.20345283191054,0.264944495724229,0.371769128426757,-0.0322892649999975,"Non-significant",0.429726676722707,"SCPEP1","RISC_HUMAN"
0.123397827499997,8.00581252575,1.18585913076042,0.273468863066753,0.379685232546477,-7.43507234204791,"RIPL1_HUMAN",11,1.20332022854498,0.264992861994304,0.371775105484353,0.123397827499997,"Non-significant",0.429719694480055,"RILPL1","RIPL1_HUMAN"
0.64587652675,7.825357615875,1.16942237986643,0.279620237726026,0.38648721727961,-7.45353661386651,"WDR83_HUMAN",9,1.20263106993177,0.265244346550937,0.372045850918617,0.64587652675,"Non-significant",0.429403534381897,"WDR83","WDR83_HUMAN"
-0.0425999167499995,9.619478106375,-1.15121810254953,0.286566416689885,0.394366478283402,-7.47378150185625,"RBM33_HUMAN",23,-1.20254951373158,0.265274120775998,0.372045850918617,-0.0425999167499995,"Non-significant",0.429403534381897,"RBM33","RBM33_HUMAN"
0.88561475275,8.172064125625,1.17171119411714,0.278756839427209,0.385629640494329,-7.4509759229811,"RM34_HUMAN",3,1.20209168411197,0.265441314999591,0.372218406942531,0.88561475275,"Non-significant",0.429202153945966,"MRPL34","RM34_HUMAN"
0.34679699,8.15944814675,1.17402537540024,0.277886120550417,0.384614467999913,-7.44838339957027,"NDK6_HUMAN",7,1.20178288101768,0.265554135831484,0.372291825920626,0.34679699,"Non-significant",0.429116499093286,"NME6","NDK6_HUMAN"
0.128263235249999,8.522637248125,1.17919503957834,0.275949168323499,0.382498855418316,-7.44257944535783,"SEN54_HUMAN",12,1.2017066073508,0.265582008454233,0.372291825920626,0.128263235249999,"Non-significant",0.429116499093286,"TSEN54","SEN54_HUMAN"
-0.0660827150000021,14.5122567425,-1.32749096796918,0.225035065256838,0.327602860975801,-7.26909895325657,"MCEE_HUMAN",8,-1.20104583440905,0.265823575861337,0.372568493670637,-0.0660827150000021,"Non-significant",0.428793874086918,"MCEE","MCEE_HUMAN"
0.129935979999999,8.542456031,1.2627581488211,0.246175290476465,0.349681753189438,-7.34643735848005,"EF2KT_HUMAN",5,1.20029785220023,0.266097245602388,0.372890055391942,0.129935979999999,"Non-significant",0.428419198687484,"EEF2KMT","EF2KT_HUMAN"
0.0634155324999988,10.10768199125,1.56743942613117,0.159967847833691,0.252125839452165,-6.96346655787867,"TUSC2_HUMAN",6,1.20014137448443,0.266154526823995,0.372908328889537,0.0634155324999988,"Non-significant",0.428397916584064,"TUSC2","TUSC2_HUMAN"
-0.070092439499998,8.97694885725,-1.19494014095668,0.270118938410896,0.376584937457069,-7.42479689885068,"CRLF3_HUMAN",13,-1.19912996186775,0.266525017815914,0.373365360673149,-0.070092439499998,"Non-significant",0.427865976602077,"CRLF3","CRLF3_HUMAN"
0.0866770742500016,8.510736942375,1.15870821251059,0.283691379222917,0.390916239246358,-7.46547809177192,"HAUS6_HUMAN",25,1.19869118914082,0.266685877882761,0.373528624904253,0.0866770742500016,"Non-significant",0.427676110952711,"HAUS6","HAUS6_HUMAN"
0.0873999594999972,8.21234035475,1.17810772201753,0.276355626565015,0.382936310425203,-7.44380160212904,"LIMK2_HUMAN",14,1.19828919438042,0.266833325337155,0.373640648649202,0.0873999594999972,"Non-significant",0.42754588264606,"LIMK2","LIMK2_HUMAN"
0.066320895999997,8.35616636275,1.39056047562298,0.205975119429595,0.305662725646489,-7.19151747583414,"S7A6O_HUMAN",7,1.19823143955539,0.266854514754798,0.373640648649202,0.066320895999997,"Non-significant",0.42754588264606,"SLC7A6OS","S7A6O_HUMAN"
0.0780751700000017,12.64373672,1.16409321723566,0.281639116669635,0.388787440944703,-7.4594856018735,"HTRA2_HUMAN",19,1.19717239408033,0.267243310855586,0.374055166934108,0.0780751700000017,"Non-significant",0.4270643418417,"HTRA2","HTRA2_HUMAN"
0.0203640450000009,14.8158811325,1.09421809163079,0.309236230910411,0.418252918861338,-7.53573731300074,"SBDS_HUMAN",23,1.19704875768988,0.267288730773324,0.374055166934108,0.0203640450000009,"Non-significant",0.4270643418417,"SBDS","SBDS_HUMAN"
-0.936986923249998,6.714150667125,-1.16410241835668,0.281635620588284,0.388787440944703,-7.45947534653918,"AGR2_HUMAN",6,-1.19701805974321,0.267300009174739,0.374055166934108,-0.936986923249998,"Non-significant",0.4270643418417,"AGR2","AGR2_HUMAN"
0.401584148250001,8.172970771875,1.16933865923771,0.279651861215843,0.38648721727961,-7.45363021477386,"FETUB_HUMAN",6,1.19694167985539,0.267328072797611,0.374055166934108,0.401584148250001,"Non-significant",0.4270643418417,"FETUB","FETUB_HUMAN"
-0.10857105,12.796746255,-1.25942197912853,0.247309519108045,0.350583911295275,-7.3503573587459,"GILT_HUMAN",6,-1.19450232659348,0.268225629361772,0.375248768446535,-0.10857105,"Non-significant",0.425680724421805,"IFI30","GILT_HUMAN"
0.119606972000003,8.424977541,1.17356470427442,0.27805926958642,0.384790934714158,-7.44889975507034,"GFOD1_HUMAN",12,1.19432739031922,0.268290092757586,0.375276666421123,0.119606972000003,"Non-significant",0.425648437877305,"GFOD1","GFOD1_HUMAN"
0.201839685500001,7.59158289425,1.2927442992811,0.236178963608347,0.3393713747451,-7.31091045337091,"RAB3A_HUMAN",2,1.1940856161402,0.268379206809238,0.37533903006389,0.201839685500001,"Non-significant",0.425576272623863,"RAB3A","RAB3A_HUMAN"
-0.0357956900000005,11.7582089925,-1.25014636335376,0.250486481833589,0.354372365789749,-7.36122138042911,"NOSIP_HUMAN",14,-1.19378500351689,0.268490041952436,0.375422134681068,-0.0357956900000005,"Non-significant",0.425480125197748,"NOSIP","NOSIP_HUMAN"
-0.0331995500000026,15.8729346975,-1.13255186242027,0.293835721064697,0.401156671988068,-7.49431268789982,"VAPA_HUMAN",23,-1.19368286741519,0.268527707912227,0.375422134681068,-0.0331995500000026,"Non-significant",0.425480125197748,"VAPA","VAPA_HUMAN"
-0.916936040000003,7.75257951025,-1.15993942528519,0.28322106975425,0.390530107921242,-7.46410965980354,"P2R3C_HUMAN",6,-1.19269273972598,0.268893076103012,0.375870603395073,-0.916936040000003,"Non-significant",0.424961638857974,"PPP2R3C","P2R3C_HUMAN"
-1.199878931,7.601316452,-1.16335424248251,0.281920016594719,0.389111481885851,-7.46030906371708,"IL8_HUMAN",1,-1.19198199965156,0.269155600834301,0.376175188100202,-1.199878931,"Non-significant",0.424609853194286,"CXCL8","IL8_HUMAN"
-0.0377471475000029,11.65564310625,-1.18271935764397,0.274635132036938,0.38099070571747,-7.43861284770933,"STAM1_HUMAN",17,-1.19167854388349,0.269267752335171,0.376269543175258,-0.0377471475000029,"Non-significant",0.424500933862545,"STAM","STAM1_HUMAN"
0.0252203949999945,16.1997430325,1.01963845372622,0.341051581113248,0.449808132874913,-7.61336749972877,"G6PE_HUMAN",55,1.19144985931209,0.269352295372735,0.376325293833381,0.0252203949999945,"Non-significant",0.424436590600969,"H6PD","G6PE_HUMAN"
0.0854334832499983,9.263651370875,1.19169444030837,0.271312300323367,0.377780022772999,-7.42847553565904,"CRTC2_HUMAN",11,1.19082290501514,0.269584188528718,0.376586861966947,0.0854334832499983,"Non-significant",0.42413483534109,"CRTC2","CRTC2_HUMAN"
0.0541958825000002,19.17250228125,1.28373580750928,0.239144774662349,0.34240722025292,-7.32163848860539,"CYB5_HUMAN",10,1.19058476569417,0.269672312994241,0.376647543699827,0.0541958825000002,"Non-significant",0.424064860465803,"CYB5A","CYB5_HUMAN"
0.063210962500003,10.95821142125,1.32953843024754,0.22439288722296,0.326893820670987,-7.26661411537398,"COMD7_HUMAN",8,1.18993949609249,0.269911217531694,0.376918762851996,0.063210962500003,"Non-significant",0.423752243021962,"COMMD7","COMD7_HUMAN"
-0.0710289475000021,14.05298745625,-1.20648156122321,0.265910953468989,0.371578817438679,-7.41166205474387,"MCA3_HUMAN",11,-1.18919124195695,0.270188470227532,0.377243434743725,-0.0710289475000021,"Non-significant",0.42337830961568,"EEF1E1","MCA3_HUMAN"
-0.0370423800000026,13.74826324,-1.31800549699516,0.228031040117071,0.330707783404472,-7.28058036583281,"RASK_HUMAN",12,-1.18880454297892,0.270331847164592,0.377371809679788,-0.0370423800000026,"Non-significant",0.423230545500665,"KRAS","RASK_HUMAN"
0.0894715812500007,10.085089325625,1.23211545746231,0.256761535661074,0.361023759065661,-7.38219186534255,"NUP58_HUMAN",8,1.18869578902602,0.2703721813568,0.377371809679788,0.0894715812500007,"Non-significant",0.423230545500665,"NUP58","NUP58_HUMAN"
-0.0412027849999994,12.7132474175,-1.13711575911928,0.292044567701301,0.399552615022604,-7.48931429675075,"EPN1_HUMAN",23,-1.18858108791949,0.270414726594604,0.377371809679788,-0.0412027849999994,"Non-significant",0.423230545500665,"EPN1","EPN1_HUMAN"
-0.0885441324999974,12.13611066375,-1.93174131950392,0.093675744000403,0.167251185380088,-6.45601525978172,"RWDD1_HUMAN",3,-1.18770142704959,0.270741196754943,0.377753202930336,-0.0885441324999974,"Non-significant",0.422791844635334,"RWDD1","RWDD1_HUMAN"
0.0613412857500002,8.142150878875,1.13599917291733,0.292481956842249,0.399994804084198,-7.4905384757471,"SMC2_HUMAN",31,1.18760324679516,0.270777654775785,0.377753202930336,0.0613412857500002,"Non-significant",0.422791844635334,"SMC2","SMC2_HUMAN"
-0.0664491649999981,10.335593225,-1.18534789223984,0.273658481011832,0.379885924975088,-7.43564926063013,"ASC_HUMAN",13,-1.18671893849879,0.2711062145905,0.378148979444536,-0.0664491649999981,"Non-significant",0.422337067348277,"PYCARD","ASC_HUMAN"
0.0325715524999968,10.69763815375,1.08359252375674,0.31361854549423,0.42262041886025,-7.54704002419246,"PUS7_HUMAN",35,1.18506850122362,0.271720306395346,0.378942829683383,0.0325715524999968,"Non-significant",0.421426306195179,"PUS7","PUS7_HUMAN"
-0.0525450700000043,11.3627147675,-1.17026144094154,0.279303465842402,0.386322434129571,-7.45259827968882,"XRCC1_HUMAN",16,-1.18477587729927,0.2718293051995,0.379032127961387,-0.0525450700000043,"Non-significant",0.421323976298476,"XRCC1","XRCC1_HUMAN"
-0.0379636287500009,9.623048901375,-1.22762655126763,0.25834428595828,0.362870186026052,-7.38738185664635,"SEPT4_HUMAN",14,-1.18411209487618,0.272076689802246,0.379314326553611,-0.0379636287500009,"Non-significant",0.421000753854878,"SEPTIN4","SEPT4_HUMAN"
-0.158684253750003,9.348800659375,-1.38432834192899,0.207793052897601,0.30774230161827,-7.19927730676092,"SVIP_HUMAN",2,-1.18389258599833,0.272158539294402,0.37936569004672,-0.158684253750003,"Non-significant",0.420941949401948,"SVIP","SVIP_HUMAN"
0.137229442499999,9.1912515165,1.26986595501487,0.243773595929458,0.347284609035923,-7.33806373151993,"USF1_HUMAN",4,1.18300691755486,0.272488989856218,0.379763507853515,0.137229442499999,"Non-significant",0.420486769718207,"USF1","USF1_HUMAN"
-0.0383720400000023,11.7423801425,-1.1439090768854,0.289395024816746,0.396829455698772,-7.48184842488255,"FIP1_HUMAN",20,-1.1809249376453,0.273267098568244,0.380725312163587,-0.0383720400000023,"Non-significant",0.419388248566417,"FIP1L1","FIP1_HUMAN"
0.0484559524999995,12.46534931625,1.49221767044372,0.178256612785187,0.273883519716795,-7.06221604044635,"RAB13_HUMAN",8,1.18091867093542,0.273269443420299,0.380725312163587,0.0484559524999995,"Non-significant",0.419388248566417,"RAB13","RAB13_HUMAN"
-0.662142157499999,6.802527964,-1.14681791195745,0.28826656317569,0.395807031261599,-7.47864220777879,"SAC2_HUMAN",13,-1.18012942907024,0.273564891384683,0.381073949674681,-0.662142157499999,"Non-significant",0.418990738709404,"INPP5F","SAC2_HUMAN"
-0.0353407825000005,10.82374453625,-1.16156283348044,0.282601930330019,0.38986115724251,-7.46230380346285,"TBCC_HUMAN",18,-1.17995726141943,0.273629376290485,0.381100795233394,-0.0353407825000005,"Non-significant",0.418960144995572,"TBCC","TBCC_HUMAN"
0.12267899525,8.436322093125,1.14107629566097,0.290497465084936,0.397952727645201,-7.48496540175197,"VPS8_HUMAN",31,1.17909159829565,0.273953797868535,0.381489602219376,0.12267899525,"Non-significant",0.418517294564377,"VPS8","VPS8_HUMAN"
0.8930547235,8.418058276,1.14565186837997,0.288718486525495,0.396095072090397,-7.47992813585032,"CIR1_HUMAN",8,1.1785394318584,0.274160896910097,0.381714932285301,0.8930547235,"Non-significant",0.418260850576803,"CIR1","CIR1_HUMAN"
0.0289528369999985,9.59737670425,1.05348414684767,0.326306699859286,0.435196071695241,-7.57863372066627,"CRBG1_HUMAN",40,1.17834443673533,0.274234063830748,0.381753744678675,0.0289528369999985,"Non-significant",0.418216694192147,"CRYBG1","CRBG1_HUMAN"
0.0198831574999971,16.85876560125,0.978335212042183,0.359743680685641,0.469175225823808,-7.65460011907695,"SSDH_HUMAN",38,1.17793473180468,0.27438784751273,0.381904750113078,0.0198831574999971,"Non-significant",0.418044939859024,"ALDH5A1","SSDH_HUMAN"
0.131605387500001,12.27422010875,1.53544075625017,0.167527221824895,0.260773213806471,-7.00577419393967,"Q9HB66_HUMAN",2,1.1772213801427,0.274655775207949,0.38219375983845,0.131605387500001,"Non-significant",0.417716408044614,"MKKS","Q9HB66_HUMAN"
0.0865299699999937,9.334023595,1.20280207517447,0.267246483864285,0.373197583249182,-7.41585864572082,"ATF2_HUMAN",9,1.17714046871794,0.274686178324989,0.38219375983845,0.0865299699999937,"Non-significant",0.417716408044614,"ATF2","ATF2_HUMAN"
0.7207208875,8.260166824,1.14679937952255,0.288273741240356,0.395807031261599,-7.47866265264843,"MED30_HUMAN",4,1.17659319222146,0.274891894638822,0.382416864154254,0.7207208875,"Non-significant",0.417462964074698,"MED30","MED30_HUMAN"
-0.0603785525000013,10.78209972375,-1.15194768641995,0.286285318991368,0.394168401466553,-7.47297432306929,"KAT1_HUMAN",17,-1.17624992212981,0.275020991505658,0.382533323003497,-0.0603785525000013,"Non-significant",0.417330726873284,"KYAT1","KAT1_HUMAN"
-0.0260975375000037,10.52279698875,-1.07320288126914,0.317951596293499,0.426482177778152,-7.55801505834921,"FRK_HUMAN",27,-1.17560652067828,0.275263096093917,0.382806902652306,-0.0260975375000037,"Non-significant",0.417020239764631,"FRK","FRK_HUMAN"
-0.0689301524999983,16.56175065125,-1.3332012545639,0.223248037552753,0.325789076961938,-7.26216307741766,"ACO13_HUMAN",7,-1.17531452709619,0.275373027789979,0.382896610234533,-0.0689301524999983,"Non-significant",0.416918478423673,"ACOT13","ACO13_HUMAN"
0.0319886175000015,11.22568511875,1.04946038940854,0.328032839553944,0.4369758823193,-7.58280681004661,"DIP2B_HUMAN",63,1.17477960260636,0.275574513467659,0.383088975355785,0.0319886175000015,"Non-significant",0.41670034608803,"DIP2B","DIP2B_HUMAN"
1.1186203955,10.42732810975,1.14711477263088,0.288151601807466,0.395768266520307,-7.47831468182403,"A0AAG2TUN3_HUMAN;A0AAG2TVJ1_HUMAN;GG6L6_HUMAN;GG6LV_HUMAN;GG6LX_HUMAN;GG6LY_HUMAN;GG6LZ_HUMAN;GG6L1_HUMAN;GG6L2_HUMAN",1,1.17470593298358,0.275602271509963,0.383088975355785,1.1186203955,"Non-significant",0.41670034608803,"GOLGA6L26;GOLGA6L2;GOLGA6L6;GOLGA6L22;GOLGA6L24;GOLGA6L25;GOLGA6L26;GOLGA6L1;GOLGA6L2","A0AAG2TUN3_HUMAN;A0AAG2TVJ1_HUMAN;GG6L6_HUMAN;GG6LV_HUMAN;GG6LX_HUMAN;GG6LY_HUMAN;GG6LZ_HUMAN;GG6L1_HUMAN;GG6L2_HUMAN"
-0.0684599875000025,9.45425724975,-1.33037677267118,0.224130405290567,0.326737320337979,-7.26559601984595,"MEGF9_HUMAN",7,-1.17134412403958,0.276871419861314,0.384789645179063,-0.0684599875000025,"Non-significant",0.414776623489999,"MEGF9","MEGF9_HUMAN"
0.398538231999999,7.8008787035,1.14905775547663,0.287400098394002,0.395057963040288,-7.47616954881263,"CF418_HUMAN",4,1.17027633906542,0.277275533388734,0.385287746609568,0.398538231999999,"Non-significant",0.414214802729719,"CFAP418","CF418_HUMAN"
0.714542507750001,7.613611757875,1.14003774894665,0.290902500789209,0.398378095719292,-7.48610679911093,"ZN740_HUMAN",4,1.16963538684679,0.277518340607743,0.385480359623943,0.714542507750001,"Non-significant",0.413997744524144,"ZNF740","ZN740_HUMAN"
0.0172309900000034,14.97752881,0.877598235146045,0.408591862386621,0.517742153947209,-7.74958654625377,"VINC_HUMAN",91,1.16963333833396,0.277519116910714,0.385480359623943,0.0172309900000034,"Non-significant",0.413997744524144,"VCL","VINC_HUMAN"
0.205961942500003,7.492127061,1.14585434276935,0.288639971818255,0.396056581863545,-7.47970490922744,"R3HD1_HUMAN",9,1.16954829394782,0.277551346845143,0.385480359623943,0.205961942500003,"Non-significant",0.413997744524144,"R3HDM1","R3HD1_HUMAN"
0.0326695449999974,11.3619225025,1.07683385158069,0.316431870749135,0.425120216535616,-7.55418817214195,"NGLY1_HUMAN",32,1.16910123058409,0.277720824498146,0.38565219599586,0.0326695449999974,"Non-significant",0.413804191317745,"NGLY1","NGLY1_HUMAN"
0.0494434824999992,11.78170454625,1.24299904862977,0.252958114454491,0.35708992576401,-7.36955745543471,"CRYAB_HUMAN",11,1.16878290456817,0.27784155078816,0.385756289176972,0.0494434824999992,"Non-significant",0.413686984687784,"CRYAB","CRYAB_HUMAN"
-0.789384603750002,6.535612702375,-1.13556416287683,0.292652504067772,0.399994804084198,-7.49101517662656,"ASM3B_HUMAN",13,-1.16864622661278,0.277893399618186,0.385764734087894,-0.789384603750002,"Non-significant",0.413677477291089,"SMPDL3B","ASM3B_HUMAN"
-0.0433349575000008,15.67264151625,-1.24096458276751,0.253665434008108,0.35772895152323,-7.37192466463782,"NDUA8_HUMAN",12,-1.16809263418206,0.278103486360482,0.385992801997778,-0.0433349575000008,"Non-significant",0.41342079398574,"NDUFA8","NDUA8_HUMAN"
0.7938349245,7.2240047455,1.14140247863632,0.290370348421528,0.397952727645201,-7.48460676729659,"NBDY_HUMAN",2,1.1677782740202,0.278222843174238,0.386094887243275,0.7938349245,"Non-significant",0.413305949364645,"NBDY","NBDY_HUMAN"
-1.1035770195,9.62179500025,-1.13985044119577,0.290975600520904,0.39841347251311,-7.48631257990879,"UB2D2_HUMAN",1,-1.16718057242126,0.278449895534167,0.386346310175337,-1.1035770195,"Non-significant",0.41302323115583,"UBE2D2","UB2D2_HUMAN"
-0.214668393000003,7.908820331,-1.14540692750424,0.28881349216596,0.396160931727726,-7.48019814508096,"RNZ1_HUMAN",8,-1.16694060912986,0.278541094548374,0.386346310175337,-0.214668393000003,"Non-significant",0.41302323115583,"ELAC1","RNZ1_HUMAN"
0.396370410750001,6.481322050125,1.14584538989043,0.288643443159064,0.396056581863545,-7.47971478029034,"REN3A_HUMAN",4,1.16693947270914,0.278541526507951,0.386346310175337,0.396370410750001,"Non-significant",0.41302323115583,"UPF3A","REN3A_HUMAN"
0.038145544999999,11.27878213,1.14598487689917,0.288589363116824,0.396056581863545,-7.47956098181023,"SEH1_HUMAN",18,1.16663379732842,0.278657735311495,0.386443904399571,0.038145544999999,"Non-significant",0.412913538686965,"SEH1L","SEH1_HUMAN"
0.0353739250000018,12.6216355575,1.15919038533053,0.283507117871884,0.390790105730517,-7.46494229902405,"MRT4_HUMAN",17,1.16568709574413,0.279017895856739,0.386879724325786,0.0353739250000018,"Non-significant",0.412424030279187,"MRTO4","MRT4_HUMAN"
1.154236555,8.575827241,1.13289440263189,0.293700976100945,0.40107919151949,-7.49393802242613,"KLH24_HUMAN",5,1.16508958029589,0.279245409480783,0.387068389674005,1.154236555,"Non-significant",0.412212294324802,"KLHL24","KLH24_HUMAN"
0.765440941,6.85904788975,1.13178202215695,0.294138737379219,0.401505330748087,-7.4951544399639,"P3C2G_HUMAN",32,1.16508854586505,0.279245803488863,0.387068389674005,0.765440941,"Non-significant",0.412212294324802,"PIK3C2G","P3C2G_HUMAN"
0.503701090750001,7.405134499125,1.14891016635453,0.287457126028365,0.395071924880661,-7.47633258106921,"SRF_HUMAN",2,1.16487236880662,0.27932815394899,0.387118876954298,0.503701090750001,"Non-significant",0.412155650801424,"SRF","SRF_HUMAN"
0.0210022949999988,14.1553633225,1.01356961358228,0.343749795474426,0.452546973342839,-7.61950636666415,"SNTB1_HUMAN",30,1.16464703139104,0.279414015151424,0.387174212347748,0.0210022949999988,"Non-significant",0.412093576487699,"SNTB1","SNTB1_HUMAN"
0.072065352500001,13.43479561875,1.29646526747231,0.234963208090874,0.338027800136197,-7.30646560690469,"GAR1_HUMAN",7,1.1640335788944,0.279647871021455,0.387434566870454,0.072065352500001,"Non-significant",0.41180163418123,"GAR1","GAR1_HUMAN"
0.0514504910000007,9.96361911275,1.15741658195516,0.284185460220417,0.391469070795538,-7.46691260589865,"T2EA_HUMAN",15,1.16327310816705,0.279937994816268,0.38777277868633,0.0514504910000007,"Non-significant",0.411422681284277,"GTF2E1","T2EA_HUMAN"
-0.0194323075000042,13.89471375875,-0.942162278228926,0.376750219896188,0.485718507724835,-7.68963696548618,"NSF_HUMAN",48,-1.16207394289227,0.280395984133855,0.388343370072998,-0.0194323075000042,"Non-significant",0.410784104865802,"NSF","NSF_HUMAN"
0.0447275650000023,11.29636085,1.09345394477153,0.309549735357798,0.41854262421092,-7.53655278916222,"CPSF3_HUMAN",34,1.16076227251102,0.28089764449994,0.388974247657302,0.0447275650000023,"Non-significant",0.4100791505266,"CPSF3","CPSF3_HUMAN"
0.161434293000003,8.3887578845,1.13626806977959,0.292376575570377,0.399941927212384,-7.49024374469385,"3BP5L_HUMAN",11,1.16060052521408,0.280959557111058,0.388996075376003,0.161434293000003,"Non-significant",0.410054780296769,"SH3BP5L","3BP5L_HUMAN"
0.104423045999999,9.40223121625,1.13908218683395,0.291275581153073,0.398758492286405,-7.48715635741487,"UBIP1_HUMAN",13,1.1601720749576,0.281123610597887,0.389104272020059,0.104423045999999,"Non-significant",0.409934001001569,"UBP1","UBIP1_HUMAN"
0.036249165000001,11.3796403425,1.08837841608434,0.3116385579996,0.420624724640293,-7.54195891391081,"PYRG2_HUMAN",28,1.16015531583088,0.281130029256395,0.389104272020059,0.036249165000001,"Non-significant",0.409934001001569,"CTPS2","PYRG2_HUMAN"
-0.0482141949999981,11.865982415,-1.34322133488682,0.220142152946038,0.322148994302457,-7.24994916014262,"ALG13_HUMAN",9,-1.15756728050895,0.282122673764553,0.390370688951318,-0.0482141949999981,"Non-significant",0.408522798855224,"ALG13","ALG13_HUMAN"
0.0756785870000005,7.705722809,1.19970952054827,0.268373321050516,0.374522967406423,-7.41937923429532,"FKBPL_HUMAN",9,1.15752829592202,0.282137648249072,0.390370688951318,0.0756785870000005,"Non-significant",0.408522798855224,"FKBPL","FKBPL_HUMAN"
0.114332202500002,13.66502213625,1.70850160081172,0.130260567396081,0.21549878755281,-6.77213395581975,"HLAH_HUMAN",2,1.15548737546168,0.2829225003613,0.391392377407746,0.114332202500002,"Non-significant",0.407387636731135,"HLA-H","HLAH_HUMAN"
0.0739347900000009,10.73963797,1.34551258337516,0.219437267945634,0.321284823955836,-7.24714856808449,"BET1L_HUMAN",6,1.15509333547511,0.283074236907635,0.391538028043067,0.0739347900000009,"Non-significant",0.407226050803458,"BET1L","BET1L_HUMAN"
0.650298118499999,7.50512957575,1.12061283616755,0.298563807787284,0.406705066468851,-7.50732194548421,"CBPC1_HUMAN",15,1.1533079446917,0.283762586901236,0.392425733386468,0.650298118499999,"Non-significant",0.406242521421279,"AGTPBP1","CBPC1_HUMAN"
0.0178093949999987,10.7184140675,0.924613353564874,0.385215983969539,0.493612880644458,-7.70626425109197,"TARA_HUMAN",41,1.15182748699225,0.284334407386699,0.393152020974818,0.0178093949999987,"Non-significant",0.405439487526764,"TRIOBP","TARA_HUMAN"
-0.0183868400000016,10.2729578025,-0.951683111278022,0.37221619101987,0.481641122828751,-7.68051417511629,"MD1L1_HUMAN",35,-1.15155218621064,0.284440844792084,0.393234686034521,-0.0183868400000016,"Non-significant",0.40534818135618,"MAD1L1","MD1L1_HUMAN"
0.0807505847499979,8.081426441875,1.18190559418963,0.274938079258697,0.381348209654691,-7.43952944167309,"GABP1_HUMAN",9,1.15070027670815,0.28477041796221,0.393625754838221,0.0807505847499979,"Non-significant",0.404916493527811,"GABPB1","GABP1_HUMAN"
0.034622670000001,12.36218524,1.23925118689787,0.254262428534103,0.358281796239714,-7.373916347772,"NIP7_HUMAN",13,1.1502869687713,0.284930424160573,0.3937823487866,0.034622670000001,"Non-significant",0.404743754923105,"NIP7","NIP7_HUMAN"
-0.0513062500000032,16.8025982375,-1.10071332700795,0.306581770097962,0.415663139803076,-7.52878939419249,"RS3A_HUMAN",26,-1.14975295687558,0.285137267739526,0.393955543365799,-0.0513062500000032,"Non-significant",0.404552784164931,"RPS3A","RS3A_HUMAN"
-0.0250678075000028,13.23299431625,-1.24239126669286,0.253169245506535,0.357148714707044,-7.37026490426501,"RMD1_HUMAN",15,-1.14972211078555,0.285149219370594,0.393955543365799,-0.0250678075000028,"Non-significant",0.404552784164931,"RMDN1","RMD1_HUMAN"
0.0619199275,9.379943967,1.16266074082253,0.282183841871005,0.389348109859339,-7.46108152899704,"MKNK1_HUMAN",12,1.14934848686191,0.28529401620477,0.394090996819076,0.0619199275,"Non-significant",0.404403486668164,"MKNK1","MKNK1_HUMAN"
0.068277835,13.1668467525,1.14325107419974,0.289650794662437,0.397050991740069,-7.48257291756779,"TSN_HUMAN",13,1.14826517673782,0.28571418877585,0.394606733932761,0.068277835,"Non-significant",0.403835507819544,"TSN","TSN_HUMAN"
0.133863209999998,11.0749667875,1.97362968992898,0.0880206775967188,0.159177492268342,-6.39523890450016,"NU3M_HUMAN",1,1.14764727629301,0.285954073426874,0.394833305639392,0.133863209999998,"Non-significant",0.403586220122659,"MT-ND3","NU3M_HUMAN"
0.0450365545000011,9.50794518,1.08125340530425,0.314589935868533,0.423523170329957,-7.54951757916872,"PCF11_HUMAN",35,1.14760131829404,0.285971922046327,0.394833305639392,0.0450365545000011,"Non-significant",0.403586220122659,"PCF11","PCF11_HUMAN"
-0.035131932499997,13.91668844375,-1.17304490533162,0.27825475002808,0.38499824162618,-7.44948222067419,"TADBP_HUMAN",15,-1.14726712116214,0.286101740849492,0.394947850248996,-0.035131932499997,"Non-significant",0.403460245751504,"TARDBP","TADBP_HUMAN"
-0.0741717817499996,9.661719679875,-1.26069514190492,0.24687614494647,0.350264101288301,-7.34886217133433,"EFMT2_HUMAN",7,-1.14673430216506,0.286308813581905,0.395168984719482,-0.0741717817499996,"Non-significant",0.403217148835838,"EEF1AKMT2","EFMT2_HUMAN"
0.589257121,6.4205495715,1.11559453401327,0.300569561997398,0.408958973055056,-7.51276123057153,"MP2K6_HUMAN",7,1.14631451268095,0.28647204494199,0.39532954597512,0.589257121,"Non-significant",0.403040726323759,"MAP2K6","MP2K6_HUMAN"
0.0981786225000008,12.16045415375,1.11833968774624,0.29947100463043,0.407793392250387,-7.50978791303583,"DUS1L_HUMAN",16,1.14609195547128,0.28655861505305,0.395384279961067,0.0981786225000008,"Non-significant",0.402980601744354,"DUS1L","DUS1L_HUMAN"
-0.0611801149999991,10.881423235,-1.17550603500909,0.277330201895524,0.384160439075985,-7.44672283358136,"CWC15_HUMAN",11,-1.14544325422477,0.28681106787706,0.395667838156422,-0.0611801149999991,"Non-significant",0.402669249907995,"CWC15","CWC15_HUMAN"
0.0177969900000008,16.7711083875,0.958125173785781,0.369171810467611,0.478657005142515,-7.67430109964246,"AL1B1_HUMAN",31,1.14516657292808,0.28691879806654,0.395751685305657,0.0177969900000008,"Non-significant",0.402577227021795,"ALDH1B1","AL1B1_HUMAN"
0.0772054175000001,10.64301311875,1.13364873149571,0.293404424069618,0.400892509399061,-7.49311267048646,"TGS1_HUMAN",13,1.14496797985949,0.28699614369367,0.39578086967026,0.0772054175000001,"Non-significant",0.402545201532935,"TGS1","TGS1_HUMAN"
0.0409746175000034,12.04080939375,1.33359754524394,0.223124478845023,0.325665148430251,-7.26168106526831,"TP4A2_HUMAN",10,1.14487113972844,0.287033865973935,0.39578086967026,0.0409746175000034,"Non-significant",0.402545201532935,"PTP4A2","TP4A2_HUMAN"
-0.0547337527499998,9.608175993125,-1.22006468114356,0.261029167369224,0.365848828027135,-7.3960967607295,"CCD43_HUMAN",10,-1.14391326249552,0.28740720677949,0.396230838394556,-0.0547337527499998,"Non-significant",0.402051726618292,"CCDC43","CCD43_HUMAN"
-0.0353851300000017,12.7887253775,-1.26983777996854,0.243783076438072,0.347284609035923,-7.33809698300368,"PGTB2_HUMAN",12,-1.14307515523237,0.287734190316142,0.396616760453763,-0.0353851300000017,"Non-significant",0.401628937082855,"RABGGTB","PGTB2_HUMAN"
-0.0346519949999973,14.108798145,-1.15050744371401,0.286840441245592,0.394546031210688,-7.47456740463213,"VAPB_HUMAN",16,-1.14223506739981,0.288062250248417,0.397004039788081,-0.0346519949999973,"Non-significant",0.401205073970524,"VAPB","VAPB_HUMAN"
-0.930149793500004,9.80721270825,-1.10990633632521,0.302856285511694,0.411472538777896,-7.51890580847242,"ULBP3_HUMAN",6,-1.14137961696844,0.288396621941749,0.397399889871997,-0.930149793500004,"Non-significant",0.40077225757847,"ULBP3","ULBP3_HUMAN"
0.604589342999999,8.039379418,1.10843114149817,0.30345162961493,0.412082130823948,-7.52049573988545,"CAPS2_HUMAN",17,1.14084915976279,0.28860412133601,0.39754283978523,0.604589342999999,"Non-significant",0.400616064290932,"CADPS2","CAPS2_HUMAN"
0.0389482999999977,11.6064821475,1.11956633493413,0.298981180606925,0.407192175042134,-7.50845765265331,"PP1R8_HUMAN",18,1.14079279460667,0.288626176873821,0.39754283978523,0.0389482999999977,"Non-significant",0.400616064290932,"PPP1R8","PP1R8_HUMAN"
-0.0396268400000004,11.2293001425,-1.11171271689111,0.302128574720791,0.410550017140343,-7.51695689820606,"IKIP_HUMAN",19,-1.14075273464421,0.288641853065086,0.39754283978523,-0.0396268400000004,"Non-significant",0.400616064290932,"IKBIP","IKIP_HUMAN"
0.0461642750000024,13.5600363025,1.22403237967037,0.259617494972153,0.364112456758781,-7.3915284598576,"RB27A_HUMAN",11,1.14039271018175,0.288782768243031,0.397671941434489,0.0461642750000024,"Non-significant",0.400475050477571,"RAB27A","RB27A_HUMAN"
0.0436496750000011,12.19009304,1.14370805492075,0.289473143662069,0.396872011699346,-7.48206979032942,"VPS28_HUMAN",15,1.14006256998718,0.288912035729343,0.397784963927251,0.0436496750000011,"Non-significant",0.400351637015605,"VPS28","VPS28_HUMAN"
0.0485556124999995,10.79167997625,1.30988264463763,0.230624089213719,0.333264263326323,-7.29037249973672,"STMN1_HUMAN",9,1.13950971619447,0.289128612773279,0.397977266141983,0.0485556124999995,"Non-significant",0.400141735642592,"STMN1","STMN1_HUMAN"
0.0856857300000016,9.6490199565,1.13718630588485,0.292016951121172,0.399552615022604,-7.48923692414253,"WIPI2_HUMAN",11,1.1394650003212,0.289146135704532,0.397977266141983,0.0856857300000016,"Non-significant",0.400141735642592,"WIPI2","WIPI2_HUMAN"
0.0914254200000002,12.87813425,1.23208359480619,0.256772741202828,0.361023759065661,-7.3822287478118,"PA2GA_HUMAN",6,1.13889926805258,0.289367905278474,0.398172491066388,0.0914254200000002,"Non-significant",0.39992874780122,"PLA2G2A","PA2GA_HUMAN"
-0.0141270175000017,15.15675032125,-0.870955483422054,0.411976368507892,0.52101257466662,-7.75556131693526,"GSHB_HUMAN",34,-1.1388621741135,0.289382451094162,0.398172491066388,-0.0141270175000017,"Non-significant",0.39992874780122,"GSS","GSHB_HUMAN"
-0.0275666725000008,14.25739705625,-1.12900941923409,0.295232176345797,0.402671846993321,-7.49818272880511,"ST1B1_HUMAN",18,-1.13872435545346,0.289436499757816,0.398181860038947,-0.0275666725000008,"Non-significant",0.399918529000813,"SULT1B1","ST1B1_HUMAN"
-0.0556836125000011,10.36831831875,-1.16068381491953,0.282937033667656,0.390259574011565,-7.4632818255784,"UBQL4_HUMAN",12,-1.13718170221552,0.290042045369812,0.398949804246434,-0.0556836125000011,"Non-significant",0.399081743687061,"UBQLN4","UBQL4_HUMAN"
0.435314893249998,6.956417679875,1.10500583414467,0.304837636431248,0.413697703667524,-7.52418168573929,"HDAC7_HUMAN",15,1.13705494737914,0.290091846797988,0.39895320226142,0.435314893249998,"Non-significant",0.399078044643077,"HDAC7","HDAC7_HUMAN"
-0.027655602500003,11.55374240875,-1.24379374377816,0.252682279056943,0.356760289810883,-7.36863210576369,"UBCP1_HUMAN",14,-1.13672246446793,0.290222510885335,0.399067788621939,-0.027655602500003,"Non-significant",0.398953325556774,"UBLCP1","UBCP1_HUMAN"
0.0753662624999976,11.12079751625,1.10281933735455,0.305725049771087,0.414634987050764,-7.52653032885849,"CCN1_HUMAN",20,1.13596186052757,0.290521604001663,0.399413896612301,0.0753662624999976,"Non-significant",0.398576829007009,"CCN1","CCN1_HUMAN"
-0.0339524747499986,9.892514824875,-1.05655959708132,0.324992230144772,0.433923571660111,-7.57543625505585,"PTN12_HUMAN",30,-1.13515885785482,0.290837641003562,0.399783182651504,-0.0339524747499986,"Non-significant",0.398175478940436,"PTPN12","PTN12_HUMAN"
-0.0230250344999998,9.994584084,-1.00863987597272,0.345953775461149,0.45492111908924,-7.62447276816359,"ARBK1_HUMAN",30,-1.13465546573989,0.291035902750539,0.399990481702966,-0.0230250344999998,"Non-significant",0.397950343154694,"GRK2","ARBK1_HUMAN"
0.0273454175000012,13.69598591375,1.04060895362603,0.331855396371587,0.440744299009362,-7.59194543921987,"NUP54_HUMAN",28,1.13442597890586,0.291126322860766,0.400049523213791,0.0273454175000012,"Non-significant",0.3978862428541,"NUP54","NUP54_HUMAN"
0.0980710999999985,10.3782391525,1.25615250770881,0.24842539437017,0.351869878868453,-7.35419257162878,"NUA4L_HUMAN",5,1.13406978481279,0.291266712024066,0.400177198965095,0.0980710999999985,"Non-significant",0.397747659942038,"NDUFA4L2","NUA4L_HUMAN"
-0.026995659999999,15.1086828725,-1.16724554066015,0.280443450677988,0.387327190851182,-7.45596887147609,"PON2_HUMAN",16,-1.13173306856517,0.29218905937676,0.401379006109307,-0.026995659999999,"Non-significant",0.396445346769612,"PON2","PON2_HUMAN"
0.203922035000002,11.3443826425,1.11471868131214,0.300920749484335,0.409252589281126,-7.51370879753501,"TRIA1_HUMAN",7,1.13111193676432,0.29243462996394,0.401650887398737,0.203922035000002,"Non-significant",0.396151269178732,"TRIAP1","TRIA1_HUMAN"
0.0398433199999975,13.7235318425,1.09044650548568,0.310786075815126,0.419742963154254,-7.53975829058826,"DPP2_HUMAN",21,1.13058589529011,0.292642736381287,0.401871232479288,0.0398433199999975,"Non-significant",0.395913081199511,"DPP7","DPP2_HUMAN"
0.189149617500002,12.36490142375,1.17512877871466,0.277471756330411,0.384230233959099,-7.44714606260542,"APOA2_HUMAN",3,1.1298189297698,0.292946369267624,0.402222665997199,0.189149617500002,"Non-significant",0.395533459745867,"APOA2","APOA2_HUMAN"
0.12240624425,8.495104908875,1.13047812715029,0.294652545181563,0.402141564659228,-7.4965792236385,"CDO1_HUMAN",8,1.12903766096109,0.293255926860427,0.402582118486408,0.12240624425,"Non-significant",0.395145519102473,"CDO1","CDO1_HUMAN"
-0.0282125475000079,17.20577716875,-1.02437544578481,0.338957020468355,0.447535827933547,-7.60855684334109,"EF1G_HUMAN",33,-1.12883356089688,0.293336839847491,0.402627621409298,-0.0282125475000079,"Non-significant",0.395096434578618,"EEF1G","EF1G_HUMAN"
0.128364324,7.86151397225,1.12695426263979,0.296044814072962,0.403584301766294,-7.5004240633217,"GRPE2_HUMAN",8,1.12870704581302,0.293387004283993,0.402630911610188,0.128364324,"Non-significant",0.39509288561631,"GRPEL2","GRPE2_HUMAN"
-0.0445420774999992,11.33606469625,-1.0987598628951,0.307378167483467,0.416474935495602,-7.53088208263027,"APOA_HUMAN",19,-1.12825673456711,0.293565613321776,0.402810443543749,-0.0445420774999992,"Non-significant",0.394899278151625,"LPA","APOA_HUMAN"
0.461163043999999,7.6879678965,1.09716676763102,0.308028883395576,0.41715543993273,-7.53258675998458,"OSMR_HUMAN",10,1.12802163200532,0.293658898095486,0.402872860033667,0.461163043999999,"Non-significant",0.394831988344116,"OSMR","OSMR_HUMAN"
-0.030150410000001,14.918996095,-1.12918071425657,0.295164526185953,0.402644730736591,-7.49799578734105,"SPS2_HUMAN",17,-1.12767235754715,0.293797528653924,0.402997456309833,-0.030150410000001,"Non-significant",0.394697695084919,"SEPHS2","SPS2_HUMAN"
-0.0470520255000011,8.05032318825,-1.24247168485869,0.253141301292759,0.357148714707044,-7.3701713115753,"MDM2_HUMAN",10,-1.12686167333746,0.294119501455769,0.403373458797702,-0.0470520255000011,"Non-significant",0.394292680929675,"MDM2","MDM2_HUMAN"
0.0384905300000007,11.533079745,1.04298330305655,0.330826583953873,0.439624353799022,-7.58949964240917,"ANR17_HUMAN",45,1.12640549337761,0.294300804148163,0.403556446748799,0.0384905300000007,"Non-significant",0.394095710515683,"ANKRD17","ANR17_HUMAN"
0.122741699,7.59210574625,1.13896286216967,0.291322196642506,0.398758492286405,-7.48728737688749,"CF410_HUMAN",7,1.12621930736146,0.294374827283014,0.403592293293514,0.122741699,"Non-significant",0.394057135329221,"CFAP410","CF410_HUMAN"
0.0165905924999983,11.02311062875,0.863321552954626,0.415890875675813,0.524311126394171,-7.76238222215054,"EHBP1_HUMAN",57,1.12503271222595,0.294846943045059,0.40411655653838,0.0165905924999983,"Non-significant",0.393493356273607,"EHBP1","EHBP1_HUMAN"
0.117376566000001,8.6798142195,1.3336884018784,0.223096159230145,0.325665148430251,-7.26157054331538,"B2CL2_HUMAN",3,1.12501723499554,0.294853105079018,0.40411655653838,0.117376566000001,"Non-significant",0.393493356273607,"BCL2L2","B2CL2_HUMAN"
0.0364048500000003,15.787689805,1.08955222162253,0.311154476003629,0.420173194206119,-7.54071025175916,"DIC_HUMAN",20,1.12483544140186,0.294925491342833,0.404150051459721,0.0364048500000003,"Non-significant",0.393457361567468,"SLC25A10","DIC_HUMAN"
0.104580640500004,9.4608329535,1.15346392423723,0.28570186155374,0.39342934014646,-7.47129570158331,"ZC3H8_HUMAN",7,1.1228162238286,0.295730465818583,0.405141713959197,0.104580640500004,"Non-significant",0.392393038945186,"ZC3H8","ZC3H8_HUMAN"
0.0942809582500015,9.767668604875,1.10844137128194,0.303447497920411,0.412082130823948,-7.52048471960563,"VTI1A_HUMAN",12,1.12256897560802,0.295829154790483,0.405141713959197,0.0942809582500015,"Non-significant",0.392393038945186,"VTI1A","VTI1A_HUMAN"
0.0320703999999985,10.4310809375,1.07866976016671,0.315665674580723,0.424496804569387,-7.55224965398974,"GDAP2_HUMAN",21,1.12256520489927,0.295830660072358,0.405141713959197,0.0320703999999985,"Non-significant",0.392393038945186,"GDAP2","GDAP2_HUMAN"
0.0285787575000001,16.56737375375,1.09681741832298,0.308171727119124,0.417195824158443,-7.53296034258371,"GAL3A_HUMAN",19,1.12243463670096,0.295882787229469,0.405141713959197,0.0285787575000001,"Non-significant",0.392393038945186,"GATD3","GAL3A_HUMAN"
0.716624378999995,9.04512447125,1.09525524647921,0.308811129496785,0.417812040213227,-7.5346298400793,"FHR4_HUMAN",3,1.1224178846163,0.295889475754279,0.405141713959197,0.716624378999995,"Non-significant",0.392393038945186,"CFHR4","FHR4_HUMAN"
0.129441260000002,11.5593163975,1.2750090479385,0.242048296937093,0.345625121952017,-7.33198617815628,"ISK1_HUMAN",3,1.12228590414408,0.295942175236466,0.40514805831869,0.129441260000002,"Non-significant",0.39238623811809,"SPINK1","ISK1_HUMAN"
0.20815432075,8.066730082125,1.18828979116257,0.272568830265719,0.378934961291398,-7.43232712391497,"RL40_HUMAN",2,1.12025271200123,0.296754981744947,0.406133150043701,0.20815432075,"Non-significant",0.391331560390595,"UBA52","RL40_HUMAN"
-0.149550795499999,7.70680981875,-1.21692088751546,0.262152290081228,0.367207944298807,-7.39970952916961,"DPA1_HUMAN",3,-1.12001083339647,0.296851797005873,0.406133150043701,-0.149550795499999,"Non-significant",0.391331560390595,"HLA-DPA1","DPA1_HUMAN"
0.0488376624999987,10.31350135875,1.05026192260664,0.327688417079514,0.43662435465748,-7.58197646343325,"NBEL1_HUMAN",70,1.11998987817722,0.296860185821755,0.406133150043701,0.0488376624999987,"Non-significant",0.391331560390595,"NBEAL1","NBEL1_HUMAN"
0.0733726024999974,10.35552442125,1.10423817792655,0.305148960371363,0.414053539435,-7.52500664567156,"RBM7_HUMAN",14,1.11990749846642,0.296893166009652,0.406133150043701,0.0733726024999974,"Non-significant",0.391331560390595,"RBM7","RBM7_HUMAN"
0.0414144992499992,8.877218604125,1.19049248201017,0.271755345468116,0.378053442309085,-7.42983612180931,"VRK1_HUMAN",12,1.11988380021334,0.29690265400039,0.406133150043701,0.0414144992499992,"Non-significant",0.391331560390595,"VRK1","VRK1_HUMAN"
-0.0538537500000018,8.30768907075,-1.09783842221255,0.307754403895914,0.41685069426943,-7.53186827672217,"ABTB2_HUMAN",17,-1.11973691854951,0.29696146597926,0.406147687285281,-0.0538537500000018,"Non-significant",0.391316015412772,"ABTB2","ABTB2_HUMAN"
-0.172069311500001,8.832841754,-1.12950184032587,0.295037736818482,0.402536918686143,-7.49764527562446,"PAI2B_HUMAN",5,-1.11937428772627,0.297106704981654,0.406280404978968,-0.172069311500001,"Non-significant",0.391174123316522,"PAIP2B","PAI2B_HUMAN"
0.0526642800000019,12.8134975425,1.24159860672088,0.25344482411345,0.357477647666043,-7.37118721265053,"GTR2_HUMAN",9,1.11851979085212,0.297449170139852,0.406682733999808,0.0526642800000019,"Non-significant",0.390744265480299,"SLC2A2","GTR2_HUMAN"
-0.0298721799999999,11.3363918075,-1.04794214308323,0.328686021727737,0.437469521102652,-7.58437835905038,"STK38_HUMAN",25,-1.11782754624255,0.297726841140939,0.406996358089032,-0.0298721799999999,"Non-significant",0.390409476939186,"STK38","STK38_HUMAN"
0.0981433399999982,10.803803325,1.48159734770611,0.180986659139226,0.276793403643918,-7.07595552589089,"MA1C1_HUMAN",3,1.11726182339137,0.297953917232074,0.407240727801062,0.0981433399999982,"Non-significant",0.390148795075134,"MAN1C1","MA1C1_HUMAN"
0.0530633925000021,9.55409669875,1.09067247459032,0.310693043404864,0.419684561355706,-7.53951765905657,"STXB4_HUMAN",18,1.11683243771061,0.298126361951124,0.407410360714336,0.0530633925000021,"Non-significant",0.38996793080014,"STXBP4","STXB4_HUMAN"
-0.0325171950000005,12.304682375,-1.14780451866291,0.287884638334085,0.395466039197849,-7.47755346031784,"NECT2_HUMAN",15,-1.11622077292509,0.298372150264445,0.407680151496029,-0.0325171950000005,"Non-significant",0.389680432294682,"NECTIN2","NECT2_HUMAN"
-0.474391937499998,6.78295624275,-1.08932960605224,0.311246237047423,0.420229782488024,-7.54094713814545,"NPM2_HUMAN",5,-1.11590771658784,0.298498010391232,0.407786017761376,-0.474391937499998,"Non-significant",0.389567669468089,"NPM2","NPM2_HUMAN"
-0.137196782250003,9.872555614125,-1.18315361289513,0.274473581549299,0.380829270597373,-7.43812354434865,"NRAM2_HUMAN",4,-1.11557115623677,0.298633367685654,0.407904821944964,-0.137196782250003,"Non-significant",0.389441160748823,"SLC11A2","NRAM2_HUMAN"
-0.035972834999999,12.500755905,-1.02414475768719,0.33905879049408,0.447600085367988,-7.60879150368646,"UBP15_HUMAN",50,-1.1153784654371,0.298710886006637,0.407944597885603,-0.035972834999999,"Non-significant",0.389398813543258,"USP15","UBP15_HUMAN"
-0.0537974832500012,8.174403309875,-1.06324391722261,0.322149797177395,0.431221318152813,-7.5684632960053,"OSBL6_HUMAN",32,-1.11487754045103,0.298912480853008,0.408153782781469,-0.0537974832500012,"Non-significant",0.389176174091659,"OSBPL6","OSBL6_HUMAN"
-0.0370109074999991,11.01186192125,-1.07934530272371,0.315384118437259,0.424253548405308,-7.55153575617479,"PIGT_HUMAN",20,-1.11413043266813,0.299213354271724,0.408498439124775,-0.0370109074999991,"Non-significant",0.38880959857047,"PIGT","PIGT_HUMAN"
0.0488011849999985,11.68673289,1.13313130400956,0.293607815817638,0.401040395321158,-7.49367885702476,"STX8_HUMAN",13,1.11376320034643,0.299361334504518,0.40863428154471,0.0488011849999985,"Non-significant",0.388665201919993,"STX8","STX8_HUMAN"
0.061189889749997,9.510381579375,1.07627912850637,0.316663670811861,0.425228306718683,-7.55477343029223,"TF2H1_HUMAN",22,1.11303992019243,0.29965296028374,0.408966127304346,0.061189889749997,"Non-significant",0.388312661024448,"GTF2H1","TF2H1_HUMAN"
0.0818409919999983,9.3631169795,1.07910640577253,0.315483664158964,0.424319739140881,-7.55178825377188,"ELMO3_HUMAN",21,1.11260924308665,0.299826717370439,0.409137024561345,0.0818409919999983,"Non-significant",0.388131217555865,"ELMO3","ELMO3_HUMAN"
0.0409281274999991,10.16352307875,1.04271900127354,0.330940982113438,0.439707052054566,-7.58977210051382,"TBC8B_HUMAN",36,1.11224854274287,0.299972304622388,0.409269432771465,0.0409281274999991,"Non-significant",0.387990690425366,"TBC1D8B","TBC8B_HUMAN"
-0.0416092874999983,13.63456892875,-1.11680350489561,0.300085352382583,0.408432009564475,-7.51145240933832,"LGMN_HUMAN",15,-1.11154117941333,0.300257978390099,0.40955478628903,-0.0416092874999983,"Non-significant",0.387687994290586,"LGMN","LGMN_HUMAN"
-0.0771441499999987,17.100541355,-1.25422836153148,0.249084112172713,0.35262512285922,-7.35644668954461,"TBB5_HUMAN",6,-1.11141935694917,0.300307199343221,0.40955478628903,-0.0771441499999987,"Non-significant",0.387687994290586,"TUBB","TBB5_HUMAN"
0.116664409499998,8.8501701355,1.12762404928131,0.295779770775949,0.403288205737702,-7.49969391361137,"KCD14_HUMAN",7,1.11136981114746,0.300327219605231,0.40955478628903,0.116664409499998,"Non-significant",0.387687994290586,"KCTD14","KCD14_HUMAN"
-1.35054039825,8.664453029375,-1.07972779062786,0.3152247923325,0.424174612798634,-7.55113140902198,"KPLCE_HUMAN",5,-1.11074064646105,0.30058154320274,0.409835300494322,-1.35054039825,"Non-significant",0.387390637077756,"KPLCE","KPLCE_HUMAN"
1.20563542875,8.804579674375,1.08108535449183,0.314659816865504,0.423549600185138,-7.54969542750525,"GPNMB_HUMAN",2,1.11015882176458,0.300816884871105,0.410089846769941,1.20563542875,"Non-significant",0.387120983081143,"GPNMB","GPNMB_HUMAN"
-0.0475943099999991,11.4405976525,-1.05951316141552,0.323733813309511,0.432723170375177,-7.57235910461872,"HTRA1_HUMAN",27,-1.10977888863053,0.300970643536002,0.410233110343623,-0.0475943099999991,"Non-significant",0.38696929019092,"HTRA1","HTRA1_HUMAN"
-0.0443501474999977,14.71260476125,-1.09975435432393,0.306972520116947,0.415992182004139,-7.52981704366155,"IF4A2_HUMAN",16,-1.10906937923001,0.301257950549076,0.410558329050633,-0.0443501474999977,"Non-significant",0.386625132855746,"EIF4A2","IF4A2_HUMAN"
0.0859987737499974,8.402549862875,1.14481642031862,0.289042638787022,0.396410739071885,-7.48084892351702,"SP3_HUMAN",8,1.10889853859699,0.301327163242756,0.410586268828514,0.0859987737499974,"Non-significant",0.386595578764066,"SP3","SP3_HUMAN"
-0.031171800000001,13.2454526425,-1.03819123314772,0.332905590577857,0.441690732406856,-7.59443168690717,"CD166_HUMAN",26,-1.10798052726292,0.301699296058165,0.411026889683897,-0.031171800000001,"Non-significant",0.386129765327495,"ALCAM","CD166_HUMAN"
0.0335111599999998,13.4616365425,1.08069639877804,0.314821605028046,0.423699713999904,-7.55010698341005,"TWF2_HUMAN",19,1.1078210878938,0.301763965343567,0.411048555895431,0.0335111599999998,"Non-significant",0.386106873228805,"TWF2","TWF2_HUMAN"
0.0808148387500029,9.267794608875,1.07480455618745,0.317280505217897,0.425988750952796,-7.55632811282686,"I5P1_HUMAN",20,1.10696879082002,0.302109849435851,0.411453210679396,0.0808148387500029,"Non-significant",0.385679544410625,"INPP5A","I5P1_HUMAN"
-0.0232265000000034,11.616892935,-0.955798649290958,0.37026909216645,0.479637033636239,-7.67654866922269,"MET_HUMAN",44,-1.10588202930676,0.302551346709394,0.411987932376975,-0.0232265000000034,"Non-significant",0.385115504789304,"MET","MET_HUMAN"
-0.0365414624999971,16.73128438125,-1.05997700894871,0.323536535161214,0.432528065800772,-7.57187527906727,"OST48_HUMAN",22,-1.10516016839336,0.302844888992352,0.412321041724526,-0.0365414624999971,"Non-significant",0.384764501551606,"DDOST","OST48_HUMAN"
0.0459117899999981,11.3988199225,1.11467044466872,0.300940100434571,0.409252589281126,-7.51376096853486,"HAX1_HUMAN",14,1.10494185709512,0.302933709516143,0.412375361355228,0.0459117899999981,"Non-significant",0.384707290883974,"HAX1","HAX1_HUMAN"
0.144660234,9.5977169275,1.11438462729869,0.301054781669284,0.409252589281126,-7.51407006557853,"ZDHC3_HUMAN",6,1.10457255773973,0.303084007488736,0.412482733520312,0.144660234,"Non-significant",0.384594226250532,"ZDHHC3","ZDHC3_HUMAN"
-0.153863668500001,9.01277530175,-1.18803346156413,0.272663628188147,0.37896603745919,-7.43261680368832,"RASH_HUMAN",3,-1.10450758072318,0.303110458111853,0.412482733520312,-0.153863668500001,"Non-significant",0.384594226250532,"HRAS","RASH_HUMAN"
0.787940979249999,6.822034716625,1.0765736852969,0.316540568555901,0.425130728546477,-7.5544626865353,"KC1E_HUMAN",3,1.10424573114869,0.303217069707424,0.412561207516364,0.787940979249999,"Non-significant",0.384511610472472,"CSNK1E","KC1E_HUMAN"
-0.028380870000003,13.6930885325,-1.12826619023482,0.295525849083835,0.403007180379817,-7.49899361656677,"BUB3_HUMAN",16,-1.103601339355,0.303479560732289,0.412851713591425,-0.028380870000003,"Non-significant",0.384205908472076,"BUB3","BUB3_HUMAN"
0.0761911874999992,10.49875581125,1.13557705488751,0.292647448539232,0.399994804084198,-7.49100105088541,"BAG1_HUMAN",9,1.10345054958777,0.303541010775252,0.412868675137099,0.0761911874999992,"Non-significant",0.38418806634103,"BAG1","BAG1_HUMAN"
1.535626887,10.3670349115,1.07184500125406,0.318521426723936,0.427110579996192,-7.55944380476191,"CYH2_HUMAN",8,1.10307942776209,0.303692293306431,0.413000969758228,1.535626887,"Non-significant",0.38404892858536,"CYTH2","CYH2_HUMAN"
0.0904102324999911,16.78138303875,1.10406309100087,0.305220003098511,0.414083277984444,-7.52519474548606,"MYL6_HUMAN",10,1.10297157565054,0.303736269015453,0.413000969758228,0.0904102324999911,"Non-significant",0.38404892858536,"MYL6","MYL6_HUMAN"
0.0315713900000016,11.142376185,1.76759305410189,0.119427969674099,0.20197800087941,-6.68988662580728,"TM87B_HUMAN",9,1.10259524924632,0.303889752623908,0.413095402043121,0.0315713900000016,"Non-significant",0.383949638909673,"TMEM87B","TM87B_HUMAN"
0.1186578275,8.1177630425,1.20519043120113,0.266378951667979,0.372171089608718,-7.41313560454499,"TBX3_HUMAN",4,1.10252610764528,0.303917958577875,0.413095402043121,0.1186578275,"Non-significant",0.383949638909673,"TBX3","TBX3_HUMAN"
0.517607092499999,6.95544523,1.07402412575575,0.317607358798216,0.426359679456945,-7.55715031923773,"CD033_HUMAN",6,1.10238702301453,0.303974703778379,0.413095402043121,0.517607092499999,"Non-significant",0.383949638909673,"C4orf33","CD033_HUMAN"
0.0738575449999992,15.8069952725,1.10806223013168,0.303600659221782,0.412218098675966,-7.52089311042252,"HINT2_HUMAN",11,1.1022894567955,0.304014514929458,0.413095402043121,0.0738575449999992,"Non-significant",0.383949638909673,"HINT2","HINT2_HUMAN"
0.44031357775,7.469161272125,1.07663639349237,0.316514366259627,0.425130728546477,-7.55439652437501,"S2533_HUMAN",5,1.10220063366288,0.304050762163426,0.413095402043121,0.44031357775,"Non-significant",0.383949638909673,"SLC25A33","S2533_HUMAN"
-0.0418479400000038,13.6050795325,-1.25262059579531,0.249635659802775,0.353287269388447,-7.35832847489429,"MCTS1_HUMAN",10,-1.10151501106425,0.30433066979088,0.41335827409774,-0.0418479400000038,"Non-significant",0.383673364776196,"MCTS1","MCTS1_HUMAN"
-0.0733995434999972,9.175086975,-1.0855310118537,0.312815353711226,0.42200964879183,-7.54498389608495,"CHKA_HUMAN",14,-1.10148647548195,0.304342324006474,0.41335827409774,-0.0733995434999972,"Non-significant",0.383673364776196,"CHKA","CHKA_HUMAN"
0.155524492500001,7.84305977825,1.08894746279435,0.31140380535347,0.420375188232607,-7.54135369797379,"STAR3_HUMAN",8,1.10136096084889,0.304393589674859,0.413361296499015,0.155524492500001,"Non-significant",0.383670189304747,"STARD3","STAR3_HUMAN"
-0.0295288599999974,13.165719865,-1.39463189909705,0.204795082879262,0.304608744236686,-7.18643719444048,"RAP2A_HUMAN",11,-1.10099893269605,0.304541496558114,0.41343596533187,-0.0295288599999974,"Non-significant",0.383591746224045,"RAP2A","RAP2A_HUMAN"
0.086303233999999,9.82842111575,1.37639004232044,0.21012919197914,0.310406407148996,-7.20913232285865,"TI17A_HUMAN",4,1.10098626440409,0.304546673240667,0.41343596533187,0.086303233999999,"Non-significant",0.383591746224045,"TIMM17A","TI17A_HUMAN"
0.0240821825000008,13.84655261125,1.03854707338111,0.332750858905921,0.441554941706235,-7.59406602874401,"GRB14_HUMAN",22,1.1002759722213,0.304837034833904,0.413729857668216,0.0240821825000008,"Non-significant",0.383283136216788,"GRB14","GRB14_HUMAN"
0.0482144375000004,12.91015624875,1.4779497680783,0.181932988099296,0.27796142046202,-7.08066238536555,"CHM1B_HUMAN",7,1.10004099839495,0.304933138971226,0.413729857668216,0.0482144375000004,"Non-significant",0.383283136216788,"CHMP1B","CHM1B_HUMAN"
0.529439687750003,9.363091111125,1.07267437523406,0.318173285467439,0.426711634559275,-7.55857130210379,"ELNE_HUMAN",5,1.10000975845948,0.304945917910299,0.413729857668216,0.529439687750003,"Non-significant",0.383283136216788,"ELANE","ELNE_HUMAN"
0.0482738024999971,10.94957721125,1.08689044732484,0.312253071956709,0.421319216187466,-7.54354038831274,"QRIC1_HUMAN",16,1.09997656200114,0.304959497650092,0.413729857668216,0.0482738024999971,"Non-significant",0.383283136216788,"QRICH1","QRIC1_HUMAN"
0.0490970599999976,11.0875005725,1.09356440201795,0.309504402542882,0.41854262421092,-7.53643493742206,"AAR2_HUMAN",15,1.09960149850212,0.305112959236918,0.413853363917613,0.0490970599999976,"Non-significant",0.383153510381965,"AAR2","AAR2_HUMAN"
-0.0380861724999999,13.35842335375,-1.30012045276229,0.233774205469304,0.336777094154976,-7.30209163341555,"LIN7A_HUMAN",10,-1.09951409231238,0.305148731373587,0.413853363917613,-0.0380861724999999,"Non-significant",0.383153510381965,"LIN7A","LIN7A_HUMAN"
0.0419425999999987,11.13803768,1.05441098605791,0.325910119171798,0.43476416176112,-7.57767082754448,"AT2B1_HUMAN",23,1.0992174486875,0.305270161718669,0.413951446770699,0.0419425999999987,"Non-significant",0.383050595198303,"ATP2B1","AT2B1_HUMAN"
0.0150153624999962,11.94278299875,0.826765773652075,0.435005914850099,0.542566566479947,-7.79436417117532,"CUL4A_HUMAN",50,1.09793503675032,0.305795558865453,0.41459719570161,0.0150153624999962,"Non-significant",0.382373639761298,"CUL4A","CUL4A_HUMAN"
0.4461339715,7.6569865345,1.07003337041201,0.319282941623129,0.427927478922142,-7.56134794398411,"F221A_HUMAN",6,1.09724828845789,0.306077213111061,0.414912323787895,0.4461339715,"Non-significant",0.382043665499798,"FAM221A","F221A_HUMAN"
-0.0440573724999993,11.33407807375,-1.10952843461824,0.30300870497286,0.411613275457895,-7.51931324473931,"NT5C_HUMAN",14,-1.09682596825195,0.30625052115217,0.415080502137263,-0.0440573724999993,"Non-significant",0.381867666556616,"NT5C","NT5C_HUMAN"
-0.455333352250003,8.305166661875,-1.06720463325309,0.320474898559527,0.429244197013395,-7.56431645768801,"IL18R_HUMAN",8,-1.09630482362937,0.306464492013936,0.41530373041567,-0.455333352250003,"Non-significant",0.381634167874797,"IL18R1","IL18R_HUMAN"
0.107719898000001,7.66924357425,1.06709779311399,0.320519987661918,0.429244197013395,-7.56442846541304,"M3K11_HUMAN",17,1.09600131103352,0.306589162862148,0.415405891941013,0.107719898000001,"Non-significant",0.381527347908471,"MAP3K11","M3K11_HUMAN"
-0.474005341250001,6.967766463625,-1.0738872908176,0.317664694621245,0.426368743783834,-7.55729443440153,"KLF3_HUMAN",3,-1.09478706830626,0.307088330730026,0.41600440003071,-0.474005341250001,"Non-significant",0.380902075866162,"KLF3","KLF3_HUMAN"
0.0273883325000011,14.95683753625,0.973833896294415,0.361827490599593,0.471382367583303,-7.65901537331,"EIF3C_HUMAN",47,1.09468675490908,0.307129597982098,0.41600440003071,0.0273883325000011,"Non-significant",0.380902075866162,"EIF3C","EIF3C_HUMAN"
-0.0407280925000038,12.20554852625,-1.11433006939856,0.301076676489769,0.409252589281126,-7.51412906084312,"BROX_HUMAN",14,-1.09394042521975,0.307436764610825,0.416353548988536,-0.0407280925000038,"Non-significant",0.380537729073251,"BROX","BROX_HUMAN"
-0.745990514749999,8.337763905625,-1.06656793340207,0.32074367587898,0.429475527241291,-7.56498383280987,"AIRIM_HUMAN",3,-1.09361816981131,0.307569470960643,0.416466356743335,-0.745990514749999,"Non-significant",0.380420076300094,"AIRIM","AIRIM_HUMAN"
-0.0608839974999995,12.41895699625,-1.59446662734174,0.153828751364104,0.244793778926736,-6.92740047129411,"S10AD_HUMAN",5,-1.09324892172345,0.30772158535032,0.416605403616744,-0.0608839974999995,"Non-significant",0.380275101297263,"S100A13","S10AD_HUMAN"
0.517960548499999,7.47940373425,1.06717643299591,0.320486799253701,0.429244197013395,-7.56434602271048,"GNPI2_HUMAN",4,1.09250684986177,0.308027468788699,0.416952550894483,0.517960548499999,"Non-significant",0.379913364827639,"GNPDA2","GNPI2_HUMAN"
0.0734481824999982,12.27968835875,1.07142539080219,0.318697679878591,0.427278947621544,-7.55988504953819,"PLD3_HUMAN",15,1.09168463143127,0.308366672142837,0.417344681999353,0.0734481824999982,"Non-significant",0.379505116110386,"PLD3","PLD3_HUMAN"
0.1703455455,9.678307176,1.06238097118678,0.322515640490547,0.431505449792829,-7.56936530610406,"IGHG1_HUMAN",15,1.09148606263211,0.308448635674916,0.417388593691423,0.1703455455,"Non-significant",0.379459423417571,"IGHG1","IGHG1_HUMAN"
0.0682138204999996,7.85116142025,1.08384404551601,0.313514236813593,0.422547409993887,-7.54677338746466,"EDEM1_HUMAN",13,1.09120032062701,0.308566612317356,0.417481215926644,0.0682138204999996,"Non-significant",0.379363060307155,"EDEM1","EDEM1_HUMAN"
0.0288078799999987,11.576004625,1.0389327267358,0.332583227397431,0.44140198767642,-7.59366963042388,"5NT3A_HUMAN",22,1.09099085780649,0.308653117810503,0.417531235760669,0.0288078799999987,"Non-significant",0.37931102913592,"NT5C3A","5NT3A_HUMAN"
-0.0737006665000006,8.44606244575,-1.09559200379689,0.308673203209229,0.417692475493753,-7.53427009000911,"KAP1_HUMAN",11,-1.09053965810885,0.308839523284208,0.417716357792457,-0.0737006665000006,"Non-significant",0.379118517409286,"PRKAR1B","KAP1_HUMAN"
0.146124244000001,8.1688845755,1.05709221531005,0.32476501251472,0.433688892662638,-7.57488181388277,"PDE8A_HUMAN",24,1.0894666723267,0.309283169687463,0.418205947948457,0.146124244000001,"Non-significant",0.378609794706238,"PDE8A","PDE8A_HUMAN"
0.0429382324999974,11.36958265375,1.06643540342705,0.320799644834841,0.429482243696453,-7.56512271153126,"MCU_HUMAN",18,1.08942421934322,0.309300733125007,0.418205947948457,0.0429382324999974,"Non-significant",0.378609794706238,"MCU","MCU_HUMAN"
-0.041863922500001,14.27274823125,-1.04803288862028,0.328646952176819,0.437469521102652,-7.58428447454006,"ANX13_HUMAN",22,-1.08909785672153,0.309435780798745,0.41832144287933,-0.041863922500001,"Non-significant",0.378489873202089,"ANXA13","ANX13_HUMAN"
0.0642821774999973,12.08053100125,1.12260762894896,0.297769544441139,0.40580428295786,-7.50515505084931,"UB2R1_HUMAN",10,1.08896137121907,0.309492271941776,0.418330718440864,0.0642821774999973,"Non-significant",0.378480243572533,"CDC34","UB2R1_HUMAN"
0.0868704312500004,9.867374062375,1.07691696493332,0.316397152178382,0.425120216535616,-7.55410046502169,"NAGA_HUMAN",12,1.08869921651709,0.309600800431626,0.41841031695337,0.0868704312500004,"Non-significant",0.378397615391551,"AMDHD2","NAGA_HUMAN"
-0.0850925474999986,12.76078128875,-1.06306167814442,0.322227029362783,0.431256213162734,-7.56865382911396,"PEX19_HUMAN",16,-1.08847760903342,0.309692566576004,0.41845487808325,-0.0850925474999986,"Non-significant",0.378351365044549,"PEX19","PEX19_HUMAN"
-0.949213862499997,8.138558209,-1.05764490170226,0.324529367001996,0.433442882975729,-7.57430626660077,"HS3SB_HUMAN",10,-1.08837983128205,0.30973306256512,0.41845487808325,-0.949213862499997,"Non-significant",0.378351365044549,"HS3ST3B1","HS3SB_HUMAN"
0.125839471750002,8.306930422875,1.05830727883559,0.324247132135705,0.433271889152165,-7.57361620215207,"RSBNL_HUMAN",16,1.08673229988401,0.310416044786204,0.41925794533047,0.125839471750002,"Non-significant",0.377518698356978,"RSBN1L","RSBNL_HUMAN"
0.0710799689999995,8.77602446075,1.07727065182344,0.316249442208833,0.425094487210101,-7.55372717486189,"IP6K1_HUMAN",13,1.08670599557049,0.310426958928398,0.41925794533047,0.0710799689999995,"Non-significant",0.377518698356978,"IP6K1","IP6K1_HUMAN"
0.0538547037499999,9.330512166125,1.04756856360833,0.328846901170586,0.43761454530579,-7.58476479811846,"ZHX3_HUMAN",23,1.086484091287,0.310519043248069,0.419265180310299,0.0538547037499999,"Non-significant",0.377511203961844,"ZHX3","ZHX3_HUMAN"
-0.0727803709999968,8.45920407775,-1.08305058480529,0.313843387812654,0.422720664089623,-7.54761437935436,"TT39B_HUMAN",12,-1.08645336042136,0.310531797446577,0.419265180310299,-0.0727803709999968,"Non-significant",0.377511203961844,"TTC39B","TT39B_HUMAN"
0.14797723325,8.107465565375,1.26108518185438,0.246743508306682,0.350134853790745,-7.3484039204415,"LERL1_HUMAN",2,1.08620628039399,0.310634357966058,0.419336483551554,0.14797723325,"Non-significant",0.377437351009655,"LEPROTL1","LERL1_HUMAN"
0.11051738275,7.785606443875,1.04687307635871,0.329146573767244,0.437944194204278,-7.58548395629974,"HECD4_HUMAN",67,1.08470207481487,0.311259320965422,0.42011286091554,0.11051738275,"Non-significant",0.376634023200982,"HECTD4","HECD4_HUMAN"
-0.0950679780000012,8.615558386,-1.15108861495407,0.286616330046757,0.394366478283402,-7.47392472435897,"K1143_HUMAN",6,-1.08445031511226,0.311364019035328,0.420164444243297,-0.0950679780000012,"Non-significant",0.3765807018641,"KIAA1143","K1143_HUMAN"
0.0400352500000007,10.7957799425,1.19072564655964,0.271669353198072,0.377996199753475,-7.42957225734913,"CPTP_HUMAN",11,1.08434398880569,0.311408244847908,0.420164444243297,0.0400352500000007,"Non-significant",0.3765807018641,"CPTP","CPTP_HUMAN"
0.11162364475,7.754197418625,1.07327656036536,0.3179207003789,0.426482177778152,-7.5579374965985,"LYCHS_HUMAN",10,1.08423817253733,0.311452263474265,0.420164444243297,0.11162364475,"Non-significant",0.3765807018641,"GPR155","LYCHS_HUMAN"
-0.31069254875,6.821241855625,-1.09084318848437,0.310622774650001,0.419684561355706,-7.53933584442541,"S10A1_HUMAN",2,-1.08413081405149,0.3114969287076,0.420164444243297,-0.31069254875,"Non-significant",0.3765807018641,"S100A1","S10A1_HUMAN"
0.0404002699999975,11.15177381,1.0620135879909,0.322671491715723,0.43164545368542,-7.56974915832357,"OGFD1_HUMAN",18,1.08392780190872,0.311581403444922,0.420180362714271,0.0404002699999975,"Non-significant",0.376564248370135,"OGFOD1","OGFD1_HUMAN"
-0.0569345924999993,10.74237310875,-1.16854978382471,0.27994998577722,0.386835808215769,-7.45451196556055,"TPC2L_HUMAN",9,-1.08386286275657,0.311608428915281,0.420180362714271,-0.0569345924999993,"Non-significant",0.376564248370135,"TRAPPC2L","TPC2L_HUMAN"
0.0968508722499966,10.078649281375,1.18853555168501,0.27247796689457,0.378871128827834,-7.43204934896481,"S38A9_HUMAN",5,1.08332803425773,0.311831077289316,0.420413331809284,0.0968508722499966,"Non-significant",0.376323520428282,"SLC38A9","S38A9_HUMAN"
0.12259054175,8.771390676625,1.06041592213956,0.323349949755899,0.432415790336741,-7.57141731965646,"GALC_HUMAN",12,1.08188856484661,0.312430954852358,0.421154728682316,0.12259054175,"Non-significant",0.375558318730944,"GALC","GALC_HUMAN"
0.2946350575,7.39108633975,1.05436151483714,0.325931277514357,0.43476416176112,-7.57772223883683,"ATP7A_HUMAN",9,1.08147973186186,0.312601497085442,0.421298471387177,0.2946350575,"Non-significant",0.375410116637023,"ATP7A","ATP7A_HUMAN"
0.0277881650000005,12.4704024775,1.00218579339346,0.348855831312892,0.458094064828846,-7.63094732179221,"TBC24_HUMAN",27,1.08139331816831,0.312637553508932,0.421298471387177,0.0277881650000005,"Non-significant",0.375410116637023,"TBC1D24","TBC24_HUMAN"
0.0562460425000015,12.07095682875,1.29165238807909,0.236536752072028,0.33971175382776,-7.31221327850911,"IMPA2_HUMAN",7,1.08119109906669,0.312721943068634,0.42134483026303,0.0562460425000015,"Non-significant",0.375362330334203,"IMPA2","IMPA2_HUMAN"
0.0603938100000008,10.5062949675,1.24847681320639,0.251061988260425,0.354829225192342,-7.36317136606279,"YIPF1_HUMAN",7,1.08032291036735,0.3130844590154,0.421699761903373,0.0603938100000008,"Non-significant",0.37499664419282,"YIPF1","YIPF1_HUMAN"
-0.0659632682500018,8.465694188875,-1.0443055946301,0.330254722787924,0.439072091227036,-7.58813578175253,"INP4A_HUMAN",23,-1.08032058020286,0.313085432434608,0.421699761903373,-0.0659632682500018,"Non-significant",0.37499664419282,"INPP4A","INP4A_HUMAN"
0.0229282375000004,12.05068945875,0.936800549274983,0.379321822789416,0.488217261002735,-7.69474305887709,"VAV2_HUMAN",43,1.07993774719617,0.313245392412468,0.421807728996108,0.0229282375000004,"Non-significant",0.374885466726435,"VAV2","VAV2_HUMAN"
0.0688445575000003,14.42914879375,1.15113796712777,0.286597305506827,0.394366478283402,-7.47387013864688,"ELOC_HUMAN",8,1.07988921333257,0.313265676060699,0.421807728996108,0.0688445575000003,"Non-significant",0.374885466726435,"ELOC","ELOC_HUMAN"
0.0312454702499991,9.584318757125,1.0135187393492,0.343772484317737,0.452546973342839,-7.61955771197835,"PER1_HUMAN",26,1.07956865102526,0.313399674138282,0.421856035129112,0.0312454702499991,"Non-significant",0.37483573343713,"PER1","PER1_HUMAN"
-0.995210164499998,10.99440813025,-1.05457224907603,0.325841156163098,0.43476416176112,-7.57750322816116,"LITAF_HUMAN",1,-1.07956392950842,0.313401648117036,0.421856035129112,-0.995210164499998,"Non-significant",0.37483573343713,"LITAF","LITAF_HUMAN"
-0.443771004500002,6.9695730805,-1.05600158588485,0.325230415811166,0.434172818319975,-7.57601691067862,"KLH20_HUMAN",4,-1.07911767144013,0.313588264913884,0.422039834737207,-0.443771004500002,"Non-significant",0.374646555696879,"KLHL20","KLH20_HUMAN"
0.0932111742500012,8.706230163625,1.04636362925113,0.329366221993814,0.438029013124938,-7.5860105197936,"UBP13_HUMAN",21,1.07835286778564,0.313908296652279,0.422287042064372,0.0932111742500012,"Non-significant",0.374392244756197,"USP13","UBP13_HUMAN"
-0.0173954925000022,13.12103795875,-0.966431141812801,0.365274511639609,0.47447019355375,-7.66624262075005,"NFS1_HUMAN",24,-1.07831782272042,0.313922967452403,0.422287042064372,-0.0173954925000022,"Non-significant",0.374392244756197,"NFS1","NFS1_HUMAN"
-0.0459747275000009,11.18495464125,-1.10003820877256,0.306856816830125,0.415902252622789,-7.52951292734333,"KCC1A_HUMAN",13,-1.07829846264851,0.313931072328807,0.422287042064372,-0.0459747275000009,"Non-significant",0.374392244756197,"CAMK1","KCC1A_HUMAN"
-0.0527613200000001,10.8436254275,-1.10055699446239,0.306645443080487,0.415682605295179,-7.52895696592654,"THTPA_HUMAN",12,-1.07819988196714,0.313972344598104,0.422287042064372,-0.0527613200000001,"Non-significant",0.374392244756197,"THTPA","THTPA_HUMAN"
0.456194520000002,8.312202871,1.04926809797451,0.328115510637824,0.436986196739804,-7.58300594479079,"ZCHC3_HUMAN",8,1.07795874115069,0.314073319937514,0.422355458480106,0.456194520000002,"Non-significant",0.374321888666204,"ZCCHC3","ZCHC3_HUMAN"
0.102624416499999,8.30244207375,1.06002959320216,0.323514176677206,0.432528065800772,-7.57182042025609,"TM102_HUMAN",12,1.07747396517904,0.31427639306273,0.42247596891316,0.102624416499999,"Non-significant",0.37419798935388,"TMEM102","TM102_HUMAN"
-0.0714530949999972,12.3170259,-2.4190983987366,0.0453274340708571,0.0952542861588768,-5.73085086731365,"VAMP3_HUMAN",3,-1.07740555615842,0.314305058052981,0.42247596891316,-0.0714530949999972,"Non-significant",0.37419798935388,"VAMP3","VAMP3_HUMAN"
0.0241906674999992,11.29653680375,0.941239733960185,0.377191756329264,0.486139038853114,-7.69051714454503,"UBP8_HUMAN",46,1.07729932688942,0.314349574728701,0.42247596891316,0.0241906674999992,"Non-significant",0.37419798935388,"USP8","UBP8_HUMAN"
0.109068393749999,8.815307378875,1.096680770081,0.308227615080998,0.417195824158443,-7.53310644663328,"ZFAN3_HUMAN",7,1.07719592770816,0.314392910224832,0.42247596891316,0.109068393749999,"Non-significant",0.37419798935388,"ZFAND3","ZFAN3_HUMAN"
0.0209262349999992,12.818671345,1.00912977702663,0.345734260843323,0.454721822262938,-7.62398003702254,"HAOX2_HUMAN",22,1.07714670182222,0.314413542886731,0.42247596891316,0.0209262349999992,"Non-significant",0.37419798935388,"HAO2","HAOX2_HUMAN"
0.41317582125,7.424507618125,1.05079652362325,0.327458855696121,0.436387461606736,-7.58142238626221,"ASTRC_HUMAN",6,1.07701710677113,0.314467866818897,0.42248161450693,0.41317582125,"Non-significant",0.374192185866771,"GRAMD1C","ASTRC_HUMAN"
-0.0215201374999978,17.16082644375,-0.990729442164289,0.354053515379141,0.463317795362486,-7.64236264653663,"ST1A1_HUMAN",24,-1.07631055469192,0.31476417178077,0.42281230341675,-0.0215201374999978,"Non-significant",0.373852383644034,"SULT1A1","ST1A1_HUMAN"
0.0276894549999973,18.7587687975,0.972329414067187,0.362526019643265,0.472000589986574,-7.6604876131519,"THIL_HUMAN",37,1.07550217301852,0.31510345225108,0.423200605325742,0.0276894549999973,"Non-significant",0.373453719778538,"ACAT1","THIL_HUMAN"
0.043885705000001,12.0232810975,1.03769386592513,0.333121957993427,0.441692674962197,-7.59494262182724,"GRWD1_HUMAN",21,1.07390558803447,0.315774395816219,0.424034153629905,0.043885705000001,"Non-significant",0.372599161955284,"GRWD1","GRWD1_HUMAN"
-0.0147016024999989,15.90346300625,-0.807318875117699,0.445423667511431,0.552941987253881,-7.81091229101587,"NDUS1_HUMAN",51,-1.07338362289233,0.315993990039744,0.424261443460497,-0.0147016024999989,"Non-significant",0.372366434774052,"NDUFS1","NDUS1_HUMAN"
-0.748379707000001,7.14738512025,-1.04330936868241,0.330685495434699,0.439506155947506,-7.58916344437767,"SEPR_HUMAN",8,-1.07314264345144,0.31609541250146,0.424330025796274,-0.748379707000001,"Non-significant",0.372296236260096,"FAP","SEPR_HUMAN"
-0.44338190575,7.637448132125,-1.048899209625,0.328274151452513,0.437128407992612,-7.58338788627606,"CCNC_HUMAN",4,-1.07194987063086,0.316597801549964,0.42493676262176,-0.44338190575,"Non-significant",0.371675695097531,"CCNC","CCNC_HUMAN"
-1.39001107225,11.520376561375,-1.04055564869785,0.331878522459653,0.440744299009362,-7.59200030100367,"NSUN3_HUMAN",10,-1.0709445710047,0.317021718608512,0.425437998113541,-1.39001107225,"Non-significant",0.371163723568093,"NSUN3","NSUN3_HUMAN"
0.137472748750001,7.998034298375,1.06256020094327,0.322439629410186,0.431472239450461,-7.56917800678033,"MKNK2_HUMAN",8,1.07064067404589,0.317149954943968,0.425542338462704,0.137472748750001,"Non-significant",0.371057224190468,"MKNK2","MKNK2_HUMAN"
0.113375067499998,7.5572517515,1.0851135256553,0.312988194992571,0.422108399294782,-7.54542694095222,"RNH1_HUMAN",7,1.07033886486293,0.31727735090467,0.425645518188041,0.113375067499998,"Non-significant",0.3709519351283,"RNASEH1","RNH1_HUMAN"
0.0223176474999978,10.68597471625,0.939651211619967,0.377952946345569,0.487045617603853,-7.69203114209592,"WDR75_HUMAN",35,1.06997407215329,0.317431386719448,0.425784398258789,0.0223176474999978,"Non-significant",0.370810256176828,"WDR75","WDR75_HUMAN"
2.305665015,14.9626302725,1.03774772662766,0.333098521872805,0.441692674962197,-7.59488730058838,"F16P2_HUMAN",1,1.06711797642519,0.318639434217298,0.427336800480129,2.305665015,"Non-significant",0.369229705925446,"FBP2","F16P2_HUMAN"
0.734929083499999,10.17268157075,1.03923869595231,0.332450279416601,0.441295024441344,-7.59335505909456,"ATG12_HUMAN",4,1.06696580618342,0.318703899703134,0.427355260992319,0.734929083499999,"Non-significant",0.36921094525376,"ATG12","ATG12_HUMAN"
0.0181248199999988,12.88891685,0.874957311141396,0.409934999009519,0.518918814038704,-7.75196629226136,"ENPP1_HUMAN",44,1.06658442008106,0.318865515589948,0.427503965469647,0.0181248199999988,"Non-significant",0.369059852459555,"ENPP1","ENPP1_HUMAN"
0.109433174000001,8.3172609805,1.05081985760593,0.327448838821738,0.436387461606736,-7.58139819748714,"SUCO_HUMAN",11,1.06631650944072,0.3189790839001,0.427588215361632,0.109433174000001,"Non-significant",0.36897427276621,"SUCO","SUCO_HUMAN"
0.0416150094999992,9.4126689435,0.998923967196929,0.350329658113657,0.459646607550823,-7.634207571501,"MED1_HUMAN",43,1.06619655973355,0.319029941375174,0.427588388591404,0.0416150094999992,"Non-significant",0.368974096819549,"MED1","MED1_HUMAN"
0.0209917999999956,12.048552035,0.905399505837643,0.394646634399699,0.503630050167307,-7.72418624196568,"LIPB1_HUMAN",46,1.06549582454978,0.319327174045246,0.427918720195131,0.0209917999999956,"Non-significant",0.368638713984379,"PPFIBP1","LIPB1_HUMAN"
0.0899071695,8.6759312155,1.08822156606894,0.31170328938812,0.420644736831967,-7.54212569364941,"GPT11_HUMAN",8,1.06469051306764,0.319669035047762,0.428308742078777,0.0899071695,"Non-significant",0.368243061261084,"GPATCH11","GPT11_HUMAN"
0.0548055199999986,12.0003923175,1.04643313643735,0.329336247136088,0.438029013124938,-7.58593868840289,"NMRL1_HUMAN",16,1.0640192618447,0.319954207072774,0.428622697300765,0.0548055199999986,"Non-significant",0.367924835040621,"NMRAL1","NMRL1_HUMAN"
0.495460510000003,7.820810318,1.0316660472852,0.335753015209876,0.444279774757306,-7.60112047167256,"P52K_HUMAN",18,1.06186129082279,0.320872351697774,0.429784371914911,0.495460510000003,"Non-significant",0.366749380641959,"THAP12","P52K_HUMAN"
-0.0477740765000014,8.91324508175,-1.02960596397627,0.3366559444612,0.444985566232313,-7.6032257145336,"GSE1_HUMAN",20,-1.06142773804581,0.321057064258331,0.429963456408241,-0.0477740765000014,"Non-significant",0.366568454547562,"GSE1","GSE1_HUMAN"
0.16260242425,7.149187803375,1.03209986675475,0.335563115724288,0.444167949503772,-7.60067674462503,"ARIP4_HUMAN",16,1.06091349817365,0.321276261701565,0.430188659234709,0.16260242425,"Non-significant",0.366341042801894,"RAD54L2","ARIP4_HUMAN"
-0.180343627999996,8.36188197125,-1.03758561985957,0.333169062452207,0.441692674962197,-7.59505379677743,"RAB37_HUMAN",10,-1.06078320074963,0.321331820382166,0.43019471315141,-0.180343627999996,"Non-significant",0.366334931148179,"RAB37","RAB37_HUMAN"
0.286890625749999,7.630505383125,1.05586239990422,0.325289848566477,0.434183394072342,-7.57616170998585,"CTR1_HUMAN",3,1.0599742113922,0.321676941978055,0.430588366513105,0.286890625749999,"Non-significant",0.36593770797146,"SLC7A1","CTR1_HUMAN"
0.1580486295,9.460703373,1.34795664977028,0.218687545798602,0.320378617415403,-7.24415804938775,"DYN3_HUMAN",1,1.05982730255107,0.321739645824862,0.430597379003198,0.1580486295,"Non-significant",0.365928618005129,"DNM3","DYN3_HUMAN"
-0.0557556147500016,9.436099290875,-1.01495824600042,0.34313094469686,0.452034319358512,-7.61810413051789,"KIF3A_HUMAN",30,-1.05971907614296,0.321785845336475,0.430597379003198,-0.0557556147500016,"Non-significant",0.365928618005129,"KIF3A","KIF3A_HUMAN"
-0.998970389250001,9.219160854375,-1.02880332817839,0.337008252824601,0.445381399037091,-7.6040450996382,"SPB12_HUMAN",15,-1.05891736339648,0.322128241858944,0.430987135020482,-0.998970389250001,"Non-significant",0.365535693349715,"SERPINB12","SPB12_HUMAN"
0.487530589,7.51909858,1.03106856862463,0.336014692704331,0.444509905102243,-7.60173136913967,"LRC28_HUMAN",6,1.05818088373666,0.322443031252398,0.43127714391132,0.487530589,"Non-significant",0.365243557240589,"LRRC28","LRC28_HUMAN"
0.0219454750000008,10.95837736,0.936792851914877,0.379325524060613,0.488217261002735,-7.69475037287925,"TAXB1_HUMAN",32,1.05817082578734,0.322447331940816,0.43127714391132,0.0219454750000008,"Non-significant",0.365243557240589,"TAX1BP1","TAXB1_HUMAN"
0.0766193874999974,10.85174572375,1.05812073317184,0.324326598388856,0.43330938307492,-7.57381057730408,"CLN5_HUMAN",11,1.05794943639526,0.32254200748149,0.431335329376723,0.0766193874999974,"Non-significant",0.365184968645195,"CLN5","CLN5_HUMAN"
0.108689904500002,7.77684265375,1.03025780539782,0.336370038259175,0.444677392171673,-7.60255992157447,"ELL_HUMAN",16,1.05724608088982,0.322842937422002,0.4316692765752,0.108689904500002,"Non-significant",0.36484886051371,"ELL","ELL_HUMAN"
0.0895695700000019,13.40984845,1.44865308998988,0.189697012938244,0.287117278157023,-7.11824035929938,"IFM3_HUMAN",3,1.05683365877294,0.323019494512564,0.431836846827343,0.0895695700000019,"Non-significant",0.36468030389372,"IFITM3","IFM3_HUMAN"
-0.134150742499999,10.63972127375,-1.5716001319728,0.159008283391702,0.251082956296113,-6.9579338202928,"VA0D2_HUMAN",1,-1.05593741033895,0.323403438527948,0.432281570464966,-0.134150742499999,"Non-significant",0.364233279423512,"ATP6V0D2","VA0D2_HUMAN"
0.0452139375000016,10.70880639625,1.00685652766101,0.346753771766036,0.455759791394966,-7.62626489969165,"MYORG_HUMAN",27,1.05463652183268,0.32396136463196,0.43295867171124,0.0452139375000016,"Non-significant",0.363553557467365,"MYORG","MYORG_HUMAN"
0.225141525000002,6.68874478325,1.03328721013107,0.335043801059199,0.443550211893826,-7.59946157779265,"N42L2_HUMAN",7,1.05287301583069,0.324718905797777,0.433902291846775,0.225141525000002,"Non-significant",0.362608055946429,"N4BP2L2","N42L2_HUMAN"
-0.0355877899999975,11.1713430875,-1.14111371562725,0.290482879844608,0.397952727645201,-7.48492426253053,"TIGAR_HUMAN",12,-1.05246030700176,0.324896391959642,0.434070643180825,-0.0355877899999975,"Non-significant",0.362439585125819,"TIGAR","TIGAR_HUMAN"
-0.0930702685000018,7.36457717425,-1.01855312889206,0.341532900850966,0.450286211469676,-7.61446735930284,"BICC1_HUMAN",24,-1.0514639936876,0.32532517211663,0.434574623735511,-0.0930702685000018,"Non-significant",0.36193563718117,"BICC1","BICC1_HUMAN"
0.0846531392500012,8.535910963875,1.05252879048878,0.326715882710029,0.435603950547743,-7.57962559163274,"CD38_HUMAN",10,1.0503720600865,0.325795613999977,0.435134088164444,0.0846531392500012,"Non-significant",0.361376892984413,"CD38","CD38_HUMAN"
0.0347526075000033,10.89823543875,1.27023022704617,0.243651051901248,0.347284609035923,-7.33763378477921,"RAB4B_HUMAN",10,1.04955091292376,0.326149743357427,0.435538052401735,0.0347526075000033,"Non-significant",0.360973895246099,"RAB4B","RAB4B_HUMAN"
0.0481467247500014,10.001646280125,0.997328505709008,0.351052305012846,0.460189716789002,-7.63579933750536,"EXC6B_HUMAN",34,1.04934849363076,0.326237085414331,0.435585679226579,0.0481467247500014,"Non-significant",0.360926407004211,"EXOC6B","EXC6B_HUMAN"
-0.0266060849999992,10.1274616725,-0.923642582912386,0.385688406471058,0.494121812465179,-7.70717687415619,"RGPA2_HUMAN",67,-1.04736100835377,0.327095641157238,0.436662838028882,-0.0266060849999992,"Non-significant",0.359853766919362,"RALGAPA2","RGPA2_HUMAN"
0.0380406375000035,11.23397326625,1.2103647469612,0.264507564490333,0.370047180263738,-7.4072239346328,"HYI_HUMAN",10,1.04615700156338,0.327616609522046,0.437177346132208,0.0380406375000035,"Non-significant",0.359342350621416,"HYI","HYI_HUMAN"
-0.0323896450000003,10.6278345575,-1.05214071793115,0.326882211730888,0.435756786759395,-7.58002830850666,"GPD1L_HUMAN",16,-1.046136107818,0.327625655884854,0.437177346132208,-0.0323896450000003,"Non-significant",0.359342350621416,"GPD1L","GPD1L_HUMAN"
0.0450170039999982,9.27471578125,0.99884512825461,0.35036534031487,0.459646607550823,-7.63428627299392,"RPC5_HUMAN",27,1.04611072358386,0.327636646757285,0.437177346132208,0.0450170039999982,"Non-significant",0.359342350621416,"POLR3E","RPC5_HUMAN"
-0.0341751600000002,12.4040943375,-0.988847209758413,0.354913157332105,0.464037836254307,-7.64422862156647,"PTN1_HUMAN",26,-1.04574682293512,0.327794240292434,0.437301889348951,-0.0341751600000002,"Non-significant",0.359218646295548,"PTPN1","PTN1_HUMAN"
-0.0173766600000018,12.65709126,-0.913553351882009,0.390623854687984,0.499176542020166,-7.71661698782405,"NHRF2_HUMAN",27,-1.04565562313121,0.327833745259938,0.437301889348951,-0.0173766600000018,"Non-significant",0.359218646295548,"NHERF2","NHRF2_HUMAN"
-0.0912581682500004,7.960749089625,-1.03102814714198,0.33603240186398,0.444509905102243,-7.6017726889728,"SOX5_HUMAN",12,-1.04544818808124,0.327923613662777,0.437352553728409,-0.0912581682500004,"Non-significant",0.359168333259064,"SOX5","SOX5_HUMAN"
0.624667286749999,8.294257104375,1.01586076401165,0.342729198795441,0.451596751078126,-7.61719200043391,"CBX8_HUMAN",12,1.04531947167357,0.327979387983582,0.437357737907548,0.624667286749999,"Non-significant",0.359163185359434,"CBX8","CBX8_HUMAN"
0.10306596725,7.402609706125,1.02717060736841,0.337725809958318,0.446189788736468,-7.60571042695318,"HEXD_HUMAN",12,1.04497114182439,0.328130360605383,0.437489846495219,0.10306596725,"Non-significant",0.35903202186971,"HEXD","HEXD_HUMAN"
0.0949270724999991,10.92171800125,1.77705409488552,0.117775163401353,0.199930078575716,-6.67661458911565,"RT63_HUMAN",2,1.04466506122042,0.328263066507563,0.437597562484936,0.0949270724999991,"Non-significant",0.358925105784064,"MRPL57","RT63_HUMAN"
-0.0595283510000009,9.76536202425,-1.04219518733289,0.331167797521128,0.439939064665971,-7.59031192899656,"SNAB_HUMAN",13,-1.04443720836424,0.328361882845583,0.437639185746183,-0.0595283510000009,"Non-significant",0.358883798668639,"NAPB","SNAB_HUMAN"
-0.0253472349999964,15.2589838525,-1.03520390853662,0.334206816961196,0.442720298627365,-7.59749778197718,"ABHDA_HUMAN",18,-1.0442280450182,0.328452614313531,0.437639185746183,-0.0253472349999964,"Non-significant",0.358883798668639,"ABHD10","ABHDA_HUMAN"
0.348620414749998,6.932645201625,1.01675047645997,0.342333512111704,0.451216446221978,-7.61629221860467,"SP20H_HUMAN",9,1.04412732240593,0.328496313049489,0.437639185746183,0.348620414749998,"Non-significant",0.358883798668639,"SUPT20H","SP20H_HUMAN"
-0.0341105449999972,14.3961050525,-1.19320358094767,0.27075688095881,0.377162411105901,-7.42676592630193,"PDCD5_HUMAN",11,-1.04399719106847,0.328552777562266,0.437639185746183,-0.0341105449999972,"Non-significant",0.358883798668639,"PDCD5","PDCD5_HUMAN"
-0.0222866525000018,14.27136170875,-0.935355372964302,0.380017210024367,0.488955356264399,-7.69611543591557,"EIF3L_HUMAN",30,-1.04391650115818,0.328587793053499,0.437639185746183,-0.0222866525000018,"Non-significant",0.358883798668639,"EIF3L","EIF3L_HUMAN"
0.141841650249997,8.772015690875,1.0402871846172,0.331995013620634,0.440829547858904,-7.59227657450068,"B2L11_HUMAN",7,1.04387497609714,0.328605814045271,0.437639185746183,0.141841650249997,"Non-significant",0.358883798668639,"BCL2L11","B2L11_HUMAN"
0.129333257500004,13.58437025625,1.03741332163792,0.333244050718845,0.441722614170332,-7.59523073931142,"NDUB8_HUMAN",8,1.0436265425047,0.328713645080417,0.437713635763482,0.129333257500004,"Non-significant",0.358809923926994,"NDUFB8","NDUB8_HUMAN"
-0.020124437499998,17.21838092875,-0.956540700729636,0.36991884302272,0.479439525437868,-7.67583225969663,"TALDO_HUMAN",24,-1.04309531480224,0.32894431397597,0.437951606776726,-0.020124437499998,"Non-significant",0.358573875959281,"TALDO1","TALDO_HUMAN"
0.0227611075000009,10.67552173125,0.930929253536291,0.382152905566766,0.491020232861165,-7.70030827143173,"SPAST_HUMAN",32,1.04285170380719,0.329050136701154,0.438023310526536,0.0227611075000009,"Non-significant",0.358502776793475,"SPAST","SPAST_HUMAN"
0.122890947500004,10.78712129625,1.02727902909453,0.337678123103222,0.446189788736468,-7.60559990090064,"T10B_HUMAN",10,1.04246323754322,0.329218938493836,0.438178814553062,0.122890947500004,"Non-significant",0.358348623911599,"TIMM10B","T10B_HUMAN"
0.0164692375000008,13.28794014375,0.887137417312254,0.403767017554682,0.512922295122413,-7.74094270360218,"AGK_HUMAN",29,1.04226654501618,0.329304433893792,0.4381822964266,0.0164692375000008,"Non-significant",0.358345172917608,"AGK","AGK_HUMAN"
0.0726704574999992,10.44446897625,1.00348785105793,0.348268851035875,0.457604523545507,-7.62964365475592,"AT11A_HUMAN",32,1.04220425666187,0.329331512092923,0.4381822964266,0.0726704574999992,"Non-significant",0.358345172917608,"ATP11A","AT11A_HUMAN"
-0.0462622650000029,12.5748057375,-1.38425479825156,0.207814590201826,0.30774230161827,-7.19936875827872,"BAP18_HUMAN",7,-1.04209845666351,0.329377509806494,0.4381822964266,-0.0462622650000029,"Non-significant",0.358345172917608,"BACC1","BAP18_HUMAN"
0.0943169592500013,9.050055265375,1.09824690887943,0.307587567562689,0.416691675825443,-7.53143115669884,"EAF1_HUMAN",6,1.04103511652314,0.329840087512758,0.438728435796913,0.0943169592500013,"Non-significant",0.357804216268709,"EAF1","EAF1_HUMAN"
-0.0733070374999993,14.26950883625,-1.41699433198558,0.198419959636577,0.297066046141511,-7.15838299419508,"NDUV3_HUMAN",4,-1.04090462215226,0.329896890552755,0.438734757095168,-0.0733070374999993,"Non-significant",0.357797958900941,"NDUFV3","NDUV3_HUMAN"
0.1260602475,8.6302052735,1.00752058850911,0.346455711499239,0.45551009081689,-7.62559784686834,"TNR6A_HUMAN",29,1.03972807077763,0.330409378009096,0.439347002246202,0.1260602475,"Non-significant",0.357192332532037,"TNRC6A","TNR6A_HUMAN"
0.0542979239999966,8.64121818525,1.2391696405337,0.254290871219508,0.358281796239714,-7.37401109440852,"S2532_HUMAN",7,1.03944215862328,0.330534010740139,0.439443403237954,0.0542979239999966,"Non-significant",0.357097050611172,"SLC25A32","S2532_HUMAN"
-0.0654852372500017,10.012007356125,-1.14924562980341,0.287327518237922,0.395022614781837,-7.47596199520151,"AP3S2_HUMAN",7,-1.03787168260036,0.331219255696108,0.440284987582794,-0.0654852372500017,"Non-significant",0.356266122446685,"AP3S2","AP3S2_HUMAN"
-0.0776998997499998,9.253502964875,-1.05833625627021,0.324234789477533,0.433271889152165,-7.57358600626511,"FKB14_HUMAN",9,-1.03774254216166,0.331275652762907,0.440290519889395,-0.0776998997499998,"Non-significant",0.356260665446783,"FKBP14","FKB14_HUMAN"
0.0213594424999997,14.72620868625,0.896417581903073,0.399113238134782,0.508252830372878,-7.73246171106804,"PH4H_HUMAN",41,1.0363683526259,0.331876240684134,0.441019207429697,0.0213594424999997,"Non-significant",0.35554249556827,"PAH","PH4H_HUMAN"
0.0647692669999991,9.99058747225,1.06071326230168,0.323223596736815,0.432315407314283,-7.57110699820219,"GP108_HUMAN",10,1.03593583717458,0.33206544662136,0.441201079692851,0.0647692669999991,"Non-significant",0.355363433439296,"GPR108","GP108_HUMAN"
-0.343842744749998,5.919088483125,-1.03055112938405,0.336241444663728,0.444584026895311,-7.60226021749433,"LAT4_HUMAN",2,-1.03375311165825,0.333021573299351,0.442383685296248,-0.343842744749998,"Non-significant",0.354200897789396,"SLC43A2","LAT4_HUMAN"
-0.972731111999998,10.4348607065,-1.00738662233495,0.346515825498245,0.455518074411215,-7.62573244326524,"AGRB2_HUMAN",2,-1.03366437372936,0.333060489606121,0.442383685296248,-0.972731111999998,"Non-significant",0.354200897789396,"ADGRB2","AGRB2_HUMAN"
-0.116124869749996,9.715697884875,-1.01313879918326,0.343941966553198,0.452651025431224,-7.6199411092175,"FBX4_HUMAN",12,-1.03349720224128,0.333133812825431,0.442411361006075,-0.116124869749996,"Non-significant",0.354173728993379,"FBXO4","FBX4_HUMAN"
0.26243972775,6.846190452625,1.01624999410899,0.342556050517195,0.451439172890782,-7.61679843770181,"MFSD6_HUMAN",5,1.03200207220353,0.333790152004417,0.443213168123067,0.26243972775,"Non-significant",0.353387344944272,"MFSD6","MFSD6_HUMAN"
0.0207948674999976,15.18633007875,0.935317488982651,0.380035451815991,0.488955356264399,-7.69615138923769,"NDUS3_HUMAN",26,1.03053118183211,0.334436831895481,0.444001898889118,0.0207948674999976,"Non-significant",0.352615172508574,"NDUFS3","NDUS3_HUMAN"
-0.15216636675,8.677321910875,-1.01310077988456,0.343958929634238,0.452651025431224,-7.61997946852445,"PLEK_HUMAN",9,-1.03033233793898,0.334524328733317,0.444048120770572,-0.15216636675,"Non-significant",0.352569963550446,"PLEK","PLEK_HUMAN"
-0.0332479450000029,19.8736600875,-0.944173925523734,0.375788779486344,0.484979031649447,-7.68771536730721,"EST1_HUMAN",53,-1.02954477590251,0.334871052790787,0.444438372535592,-0.0332479450000029,"Non-significant",0.352188451394038,"CES1","EST1_HUMAN"
0.133146762500001,10.85772347375,1.22182695244942,0.26040136980857,0.365029626827946,-7.39406892855368,"TBAL3_HUMAN",2,1.02810408977877,0.335506037443518,0.445211018515651,0.133146762500001,"Non-significant",0.351434095861745,"TUBAL3","TBAL3_HUMAN"
-0.032831909999997,14.347322105,-0.963595550276897,0.366601484876216,0.47583675947361,-7.66899974947245,"AP2M1_HUMAN",29,-1.02794732871914,0.335575186522605,0.445232684904617,-0.032831909999997,"Non-significant",0.351412961245067,"AP2M1","AP2M1_HUMAN"
-0.125710964249998,7.608737349375,-0.998474308329366,0.35053320968573,0.459742649725994,-7.63465638346528,"ASAP2_HUMAN",19,-1.02749586502333,0.335774394127046,0.445373557613418,-0.125710964249998,"Non-significant",0.351275571144543,"ASAP2","ASAP2_HUMAN"
-0.0165352850000016,12.011682035,-0.839570464446083,0.428240722844277,0.535737605799764,-7.78329065895708,"GCC1_HUMAN",39,-1.02746721314661,0.335787039818872,0.445373557613418,-0.0165352850000016,"Non-significant",0.351275571144543,"GCC1","GCC1_HUMAN"
-0.0530819900000008,14.9477205275,-1.03082769811777,0.336120231922804,0.444556321179557,-7.60197757514094,"SAR1A_HUMAN",13,-1.02690173079105,0.336036694821289,0.445634565866684,-0.0530819900000008,"Non-significant",0.351021130260381,"SAR1A","SAR1A_HUMAN"
0.0303196900000025,15.95225501,1.03580720077574,0.3339437115826,0.442489221569559,-7.59687910837588,"MAAI_HUMAN",16,1.02626146669887,0.336319539186397,0.445939499103688,0.0303196900000025,"Non-significant",0.350724058300694,"GSTZ1","MAAI_HUMAN"
-0.0185837749999944,15.657883405,-0.881415014056764,0.406656355541293,0.515444574565047,-7.74613702577684,"PRS4_HUMAN",33,-1.02567185324473,0.336580171443302,0.44616768661361,-0.0185837749999944,"Non-significant",0.350501886390981,"PSMC1","PRS4_HUMAN"
-0.0205912574999978,16.80295157375,-0.936887507436084,0.379280010889532,0.488217261002735,-7.6946604283013,"IPYR_HUMAN",25,-1.02555776809266,0.336630619646698,0.44616768661361,-0.0205912574999978,"Non-significant",0.350501886390981,"PPA1","IPYR_HUMAN"
0.0833449362500005,8.728306770375,1.07356831501674,0.317798382219108,0.426414608176161,-7.55763032960102,"TMED3_HUMAN",7,1.02551296864078,0.336650431470229,0.44616768661361,0.0833449362500005,"Non-significant",0.350501886390981,"TMED3","TMED3_HUMAN"
0.0375316150000007,15.5551415675,1.00337396960808,0.348320159338946,0.457604523545507,-7.6297577278794,"SRPRB_HUMAN",18,1.02378318560833,0.337416091706671,0.447112126551726,0.0375316150000007,"Non-significant",0.349583551059994,"SRPRB","SRPRB_HUMAN"
-0.0420582274999965,12.68048799125,-1.94202542631568,0.0922553404873709,0.165275295423602,-6.44113100210357,"PHS2_HUMAN",6,-1.02312683976542,0.337706965639408,0.44742722624561,-0.0420582274999965,"Non-significant",0.349277592325959,"PCBD2","PHS2_HUMAN"
0.031624797500001,11.21475577375,0.970974328590907,0.363156065176907,0.472528940008668,-7.66181216352957,"RCC2_HUMAN",24,1.02298728651714,0.337768836747726,0.447438869235672,0.031624797500001,"Non-significant",0.349266291224347,"RCC2","RCC2_HUMAN"
0.058302402499999,11.57376980625,1.08394703911067,0.313471532335595,0.422547409993887,-7.54666419173693,"EXOS4_HUMAN",9,1.02279394900542,0.337854567694625,0.447482110480515,0.058302402499999,"Non-significant",0.349224322303143,"EXOSC4","EXOS4_HUMAN"
-0.360664248500001,7.2300290465,-0.998442450994332,0.350547634332538,0.459742649725994,-7.63468817500642,"ATF7_HUMAN",6,-1.02255595962394,0.337960121613235,0.447551589171714,-0.360664248500001,"Non-significant",0.349156896434666,"ATF7","ATF7_HUMAN"
0.100532173999998,7.0195431115,1.03053921129471,0.336246668816895,0.444584026895311,-7.6022723960478,"FAN_HUMAN",8,1.02230477537733,0.338071555486009,0.447628831478412,0.100532173999998,"Non-significant",0.349081948621067,"NSMAF","FAN_HUMAN"
-0.0826795105000002,9.17509448525,-0.990593012736973,0.354115770647785,0.463317795362486,-7.64249798815155,"GAB1_HUMAN",21,-1.0210495986243,0.338628821184825,0.448296267279236,-0.0826795105000002,"Non-significant",0.348434877254617,"GAB1","GAB1_HUMAN"
-0.0213658800000012,15.924379945,-0.915879992639765,0.389481571779791,0.498169980050358,-7.71444730272795,"RINI_HUMAN",29,-1.02085194823841,0.338716637594863,0.448342107143075,-0.0213658800000012,"Non-significant",0.348390471392674,"RNH1","RINI_HUMAN"
0.175843716000001,7.5248548985,1.0029710492633,0.348501738649568,0.457771724338041,-7.63016124804448,"DCAM_HUMAN",8,1.02034678915714,0.33894116078546,0.448568856062277,0.175843716000001,"Non-significant",0.348170882580573,"AMD1","DCAM_HUMAN"
-0.0616900925000028,11.98456204125,-1.21977589225997,0.261132168059158,0.365932343237015,-7.39642888485095,"BRK1_HUMAN",6,-1.01952249244161,0.33930777538419,0.448983553958138,-0.0616900925000028,"Non-significant",0.347769566693871,"BRK1","BRK1_HUMAN"
0.0419702499999985,14.730921985,1.04360940794531,0.330555710458327,0.439402946452175,-7.58885401311937,"GLYL1_HUMAN",13,1.01919727863248,0.339452502034,0.44910455809835,0.0419702499999985,"Non-significant",0.347652537128522,"GLYATL1","GLYL1_HUMAN"
0.0219073299999941,13.7443130025,0.892802944279321,0.400921195276407,0.510169799967517,-7.73577346483393,"TTL12_HUMAN",38,1.01772350456866,0.34010895969882,0.449902451553885,0.0219073299999941,"Non-significant",0.346881640323156,"TTLL12","TTL12_HUMAN"
0.274087905750005,8.727472782125,0.994722495210137,0.352235145870826,0.461524956403729,-7.63839517175917,"ACOT2_HUMAN",7,1.01740530060294,0.340250824892966,0.450019488941285,0.274087905750005,"Non-significant",0.34676867787714,"ACOT2","ACOT2_HUMAN"
0.833509802750001,8.443248808375,0.990847244270701,0.353999766885891,0.463317795362486,-7.64224577233675,"SOSB1_HUMAN",3,1.0171839055286,0.340349556669639,0.450079449822465,0.833509802750001,"Non-significant",0.346710816060526,"NABP2","SOSB1_HUMAN"
0.0854077325000002,10.17361712375,1.02627840654636,0.338118424742223,0.446638489602288,-7.60661961489637,"CHCH5_HUMAN",9,1.01679424805779,0.340523379344225,0.450238676783133,0.0854077325000002,"Non-significant",0.346557200601577,"CHCHD5","CHCH5_HUMAN"
-0.0363013725000005,10.12055885875,-0.976667008234425,0.360514874170039,0.470035556748532,-7.65623824525508,"ARI2_HUMAN",22,-1.01645295998623,0.340675681232129,0.450369403561106,-0.0363013725000005,"Non-significant",0.346431121522455,"ARIH2","ARI2_HUMAN"
0.0162024499999998,15.1263744825,0.975141945660635,0.361221001461526,0.470883362406311,-7.65773393934349,"PSB5_HUMAN",20,1.01596808468261,0.340892150320214,0.450584904351433,0.0162024499999998,"Non-significant",0.346223362249765,"PSMB5","PSB5_HUMAN"
-0.169999599250001,7.374874711125,-0.990511196461173,0.354153108971467,0.463317795362486,-7.64257914528314,"NOTC1_HUMAN",12,-1.01544885450191,0.341124074721624,0.450820762908211,-0.169999599250001,"Non-significant",0.345996090388102,"NOTCH1","NOTC1_HUMAN"
0.0246043225000001,14.48004340875,1.16781344156218,0.280228494960339,0.387157184727208,-7.45533463332221,"PRRC1_HUMAN",13,1.01448792767546,0.341553613136601,0.451317668149931,0.0246043225000001,"Non-significant",0.345517664419531,"PRRC1","PRRC1_HUMAN"
0.0314912774999971,13.13416886375,0.969965841096249,0.36362550254194,0.472942475050343,-7.66279700585091,"CPIN1_HUMAN",22,1.0129933480909,0.342222526376549,0.452130670035725,0.0314912774999971,"Non-significant",0.344736031838757,"CIAPIN1","CPIN1_HUMAN"
-0.0453667649999971,11.287263155,-1.33503864137757,0.222675664616842,0.325291711794689,-7.25992751923699,"PPR1A_HUMAN",7,-1.01279290679136,0.342312312610856,0.452132488987897,-0.0453667649999971,"Non-significant",0.344734284646287,"PPP1R1A","PPR1A_HUMAN"
0.0459644792500029,9.851474881125,0.966326377158006,0.36532347326656,0.47447019355375,-7.66634459743346,"TM131_HUMAN",29,1.01275078431498,0.342331183381274,0.452132488987897,0.0459644792500029,"Non-significant",0.344734284646287,"TMEM131","TM131_HUMAN"
0.414505005,7.29531765,0.993303116786258,0.352880679901825,0.462227078615771,-7.63980684393247,"PCBP4_HUMAN",3,1.01148944094398,0.34289663416029,0.452808354901627,0.414505005,"Non-significant",0.344085568449207,"PCBP4","PCBP4_HUMAN"
-0.0625362395000018,9.47381639475,-1.32598349640417,0.225508899042542,0.327977326310477,-7.27092696700751,"RBIS_HUMAN",5,-1.01119745231036,0.343027633088168,0.452910388361556,-0.0625362395000018,"Non-significant",0.343987717832481,"RBIS","RBIS_HUMAN"
-0.0395839225000003,12.26298367875,-0.964825470480856,0.366025468776826,0.475162278811007,-7.66780462812541,"SEP10_HUMAN",25,-1.01003998938704,0.343547301447747,0.453525482208781,-0.0395839225000003,"Non-significant",0.343398306240601,"SEPTIN10","SEP10_HUMAN"
0.0766010300000008,10.651710035,1.28767315780877,0.237844586230292,0.341009018087283,-7.31695533445445,"FLVC2_HUMAN",4,1.00809900049896,0.344420112287111,0.454606502735368,0.0766010300000008,"Non-significant",0.34236435637636,"FLVCR2","FLVC2_HUMAN"
-0.0304970724999958,10.94063901875,-1.00134431865652,0.349235583809981,0.458518680074747,-7.63178915754506,"PGLT1_HUMAN",17,-1.00686603188574,0.344975431465524,0.455268187227635,-0.0304970724999958,"Non-significant",0.341732695824459,"POGLUT1","PGLT1_HUMAN"
-0.0283653749999999,13.4854968775,-0.974197803429863,0.361658683601254,0.4712456538756,-7.65865900303144,"HDGR2_HUMAN",20,-1.00669548156524,0.34505230018,0.45526957459385,-0.0283653749999999,"Non-significant",0.341731372374698,"HDGFL2","HDGR2_HUMAN"
0.0224120625000026,12.68729054875,0.985371743484648,0.356504672122348,0.465671452242254,-7.64766697888556,"TCEA1_HUMAN",19,1.00657007592554,0.345108830148311,0.45526957459385,0.0224120625000026,"Non-significant",0.341731372374698,"TCEA1","TCEA1_HUMAN"
-1.77645576025,12.544524967375,-0.979287764538428,0.359303892519867,0.468819274001542,-7.65366378265196,"PHYIP_HUMAN",1,-1.00650421942216,0.345138519593629,0.45526957459385,-1.77645576025,"Non-significant",0.341731372374698,"PHYHIP","PHYIP_HUMAN"
0.126735207499998,13.90937852875,1.212535234567,0.263725861078378,0.369014821220061,-7.40473916515256,"SC61G_HUMAN",2,1.00587112885898,0.345424029887445,0.455574894057468,0.126735207499998,"Non-significant",0.341440217149417,"SEC61G","SC61G_HUMAN"
-0.0847330099999954,11.3127896775,-0.971217689565868,0.363042853218003,0.472454563806476,-7.66157439079206,"RGPA1_HUMAN",30,-1.0053142714149,0.34567531081098,0.455834127376363,-0.0847330099999954,"Non-significant",0.341193163191622,"RALGAPA1","RGPA1_HUMAN"
-0.0319251999999981,11.6591291425,-0.997522977690811,0.350964159429424,0.460145730258301,-7.63560541891104,"MCUR1_HUMAN",17,-1.00519590138443,0.345728743186272,0.455834127376363,-0.0319251999999981,"Non-significant",0.341193163191622,"MCUR1","MCUR1_HUMAN"
0.0464656350000059,11.01870525,0.991176523160435,0.353849563157018,0.46328020625202,-7.64191903117983,"ERO1B_HUMAN",16,1.00482469007365,0.345896349607023,0.455983786493211,0.0464656350000059,"Non-significant",0.341050599356872,"ERO1B","ERO1B_HUMAN"
-0.032665729999998,16.9972202775,-1.00590008096541,0.34718341766433,0.456253356328756,-7.62722507431902,"ML12B_HUMAN;ML12A_HUMAN",16,-1.00356783906235,0.346464296897907,0.456661072486701,-0.032665729999998,"Non-significant",0.340406007715892,"MYL12B;MYL12A","ML12B_HUMAN;ML12A_HUMAN"
0.114903925,11.4613049025,1.07934692776745,0.315383441385627,0.424253548405308,-7.5515340384778,"VAMP4_HUMAN",4,1.00276100130119,0.346829269137995,0.456986328662634,0.114903925,"Non-significant",0.340096792217217,"VAMP4","VAMP4_HUMAN"
-0.0449039924999983,12.31986820875,-1.58402258578364,0.15617481599841,0.247815798955308,-6.94137261396148,"ARL8A_HUMAN",6,-1.0026735071616,0.346868864764491,0.456986328662634,-0.0449039924999983,"Non-significant",0.340096792217217,"ARL8A","ARL8A_HUMAN"
0.0967128272499984,9.614699959625,1.53638716523373,0.167299024433265,0.260690082042009,-7.00452914606052,"NFYA_HUMAN",2,1.00266279355739,0.346873713463463,0.456986328662634,0.0967128272499984,"Non-significant",0.340096792217217,"NFYA","NFYA_HUMAN"
-0.157076954750002,7.559691250375,-0.987224877185227,0.355655387914489,0.464706133115986,-7.64583477770204,"DSN1_HUMAN",8,-1.00184403645526,0.347244415663909,0.457403216069869,-0.157076954750002,"Non-significant",0.339700786129604,"DSN1","DSN1_HUMAN"
0.0415978424999999,15.18046617625,1.0690831775897,0.319682933395508,0.428327363788068,-7.56234572414684,"UBE2N_HUMAN",11,1.00152014781189,0.347391144103351,0.457524992757367,0.0415978424999999,"Non-significant",0.339585177181915,"UBE2N","UBE2N_HUMAN"
0.427637219499998,6.95004910225,0.97896054422577,0.35945492183675,0.468943744956194,-7.6539855109375,"DHI2_HUMAN",4,1.00092702692968,0.347659963834116,0.45780750432085,0.427637219499998,"Non-significant",0.339317092704674,"HSD11B2","DHI2_HUMAN"
0.113268375499999,6.737094879,1.02202667841136,0.339994316772138,0.448694550817653,-7.61094421393051,"PPR3D_HUMAN",6,0.999601018013196,0.348261527156178,0.458528024429775,0.113268375499999,"Non-significant",0.338634115864687,"PPP1R3D","PPR3D_HUMAN"
0.0592575125000039,11.58934092375,1.74825719494704,0.122874823656138,0.206243194572711,-6.7169240719851,"SERF2_HUMAN",4,0.99905290811163,0.34851041829905,0.458784056823784,0.0592575125000039,"Non-significant",0.338391682649064,"SERF2","SERF2_HUMAN"
-0.0194728349999966,12.0958725225,-0.871256135426177,0.411822747943092,0.520942191090016,-7.75529169018767,"STXB2_HUMAN",33,-0.998678210099952,0.348680643332546,0.458882628263654,-0.0194728349999966,"Non-significant",0.338298382906862,"STXBP2","STXB2_HUMAN"
0.068290472000001,9.47570025925,1.08201988499626,0.314271366408188,0.423161876590194,-7.54870616080016,"FEZ2_HUMAN",7,0.998648421713093,0.348694178909562,0.458882628263654,0.068290472000001,"Non-significant",0.338298382906862,"FEZ2","FEZ2_HUMAN"
-1.5391200765,12.06066590675,-0.969044100611493,0.364054965119411,0.473260225322566,-7.66369644759688,"TMA7B_HUMAN;TMA7_HUMAN",2,-0.996296611467559,0.349764091947587,0.460166786929521,-1.5391200765,"Non-significant",0.337084730243141,"TMA7B;TMA7","TMA7B_HUMAN;TMA7_HUMAN"
-0.338437795750001,6.266309738125,-1.00917421389312,0.345714354949639,0.454721822262938,-7.62393533456,"HMSD_HUMAN",1,-0.996208683546774,0.349804141852381,0.460166786929521,-0.338437795750001,"Non-significant",0.337084730243141,"HMSD","HMSD_HUMAN"
-0.029675005000005,16.861135245,-0.91732686209639,0.388772470511023,0.497413957792564,-7.71309583968344,"NUCL_HUMAN",36,-0.996029921576959,0.349885576187961,0.460166786929521,-0.029675005000005,"Non-significant",0.337084730243141,"NCL","NUCL_HUMAN"
0.210594176999999,6.96716749675,0.967729966969874,0.364667922363381,0.473837816802981,-7.66497765345533,"LTBP1_HUMAN",19,0.996023823969785,0.349888354185704,0.460166786929521,0.210594176999999,"Non-significant",0.337084730243141,"LTBP1","LTBP1_HUMAN"
0.284971118000001,6.91749352225,0.976843046011032,0.360433434036207,0.470002075416335,-7.65606548234125,"KRCC1_HUMAN",5,0.994860010313978,0.350418883163647,0.460792631230324,0.284971118000001,"Non-significant",0.336494474553587,"KRCC1","KRCC1_HUMAN"
0.0426275724999989,12.91791927875,1.05508858939844,0.325620424629297,0.434555820012721,-7.57696647366354,"TPPC3_HUMAN",11,0.99461941754813,0.350528635060038,0.460865054581354,0.0426275724999989,"Non-significant",0.336426221313231,"TRAPPC3","TPPC3_HUMAN"
-0.107920885249999,8.045902729125,-0.981585084892837,0.358244927911915,0.467684989212849,-7.65140270889544,"CHK2_HUMAN",10,-0.993534292538082,0.351023966487778,0.461444325253507,-0.107920885249999,"Non-significant",0.335880690507573,"CHEK2","CHK2_HUMAN"
-0.0314600475000049,12.90197527375,-0.937449241331795,0.379009996942608,0.488109284068639,-7.69412650536977,"HP1B3_HUMAN",26,-0.993064308004194,0.351238668305553,0.461557910209847,-0.0314600475000049,"Non-significant",0.335773801665663,"HP1BP3","HP1B3_HUMAN"
-0.0389897827499972,9.663283467375,-0.927958973677918,0.383591154310749,0.492279208234668,-7.70311325278163,"TNR6B_HUMAN",50,-0.992918015869498,0.351305519050045,0.461557910209847,-0.0389897827499972,"Non-significant",0.335773801665663,"TNRC6B","TNR6B_HUMAN"
-0.0814192294999998,8.7764195205,-1.20762032217252,0.265498757447914,0.371064338671608,-7.41036153462847,"CETN3_HUMAN",4,-0.992912092250322,0.351308226156131,0.461557910209847,-0.0814192294999998,"Non-significant",0.335773801665663,"CETN3","CETN3_HUMAN"
-0.0246624975000032,14.07142782125,-0.870112604843601,0.412407265136867,0.521322861103577,-7.756316814907,"TPP2_HUMAN",74,-0.992865751195952,0.351329404663231,0.461557910209847,-0.0246624975000032,"Non-significant",0.335773801665663,"TPP2","TPP2_HUMAN"
0.0363595482499974,9.691124796875,0.922097291607676,0.386441307878421,0.49473174120705,-7.70862804776945,"RBCC1_HUMAN",50,0.992075528465869,0.35169069769569,0.461960556471399,0.0363595482499974,"Non-significant",0.335395104180035,"RB1CC1","RBCC1_HUMAN"
0.487647533499999,7.1156481505,0.982357396147338,0.357889464254697,0.467335444493081,-7.65064167500907,"PLAT4_HUMAN",1,0.991609331261456,0.351903978079133,0.462168686698195,0.487647533499999,"Non-significant",0.335199482601753,"PLAAT4","PLAT4_HUMAN"
0.0665819625000026,14.07476866125,2.11328351081114,0.0714865271860392,0.135681138854115,-6.19002053565962,"CCL20_HUMAN",3,0.991251921417423,0.352067556288564,0.462311486517574,0.0665819625000026,"Non-significant",0.335065316016329,"CCL20","CCL20_HUMAN"
-0.0351002199999968,12.765218615,-1.03425295382398,0.334621874350533,0.443184412434567,-7.59847244041995,"SETD7_HUMAN",13,-0.990280763178879,0.352512326260982,0.462808826122027,-0.0351002199999968,"Non-significant",0.334598367309868,"SETD7","SETD7_HUMAN"
-0.0808923247499997,9.669248700375,-1.03572424039781,0.333979882266643,0.442489221569559,-7.59696419969674,"LEGL_HUMAN",7,-0.990185206166813,0.352556112531681,0.462808826122027,-0.0808923247499997,"Non-significant",0.334598367309868,"LGALSL","LEGL_HUMAN"
-0.101009607249999,8.569219231625,-0.972384376716701,0.362500482444284,0.472000589986574,-7.6604338591145,"LACC1_HUMAN",12,-0.990003823903653,0.35263923719391,0.462845862707485,-0.101009607249999,"Non-significant",0.334563613994414,"LACC1","LACC1_HUMAN"
0.0226256824999993,13.29312002375,0.906084284120766,0.394307620002965,0.50334983022944,-7.7235526308061,"HNRLL_HUMAN",27,0.989161600120938,0.353025411267825,0.463280584084773,0.0226256824999993,"Non-significant",0.334155900534029,"HNRNPLL","HNRLL_HUMAN"
-0.4594448805,6.93262666475,-0.968453684859404,0.364330258142625,0.473472054561237,-7.66427223481833,"AP4AT_HUMAN",3,-0.988568775272178,0.353297425131876,0.46356537927095,-0.4594448805,"Non-significant",0.333889006170538,"TEPSIN","AP4AT_HUMAN"
0.0597836970000003,8.27456867725,0.947739493005145,0.374089205841038,0.483396890393087,-7.68430157150906,"TT21B_HUMAN",34,0.988033006691391,0.35354339663563,0.46381592066019,0.0597836970000003,"Non-significant",0.333654348116746,"TTC21B","TT21B_HUMAN"
-1.494331242,12.5865820065,-0.961713969958558,0.367484030507724,0.476762027574204,-7.67082581918174,"LGSN_HUMAN",1,-0.987909013872714,0.353600340382664,0.463818435898767,-1.494331242,"Non-significant",0.33365199297708,"LGSN","LGSN_HUMAN"
0.655771136499999,7.0695263745,0.9611744483491,0.367737387955982,0.477017304259922,-7.67134891592238,"TMCO6_HUMAN",5,0.987422637112831,0.353823776625481,0.463953507092115,0.655771136499999,"Non-significant",0.333525538033507,"TMCO6","TMCO6_HUMAN"
0.0205829125000001,12.94716703875,0.98608263651978,0.356178688379756,0.465317756409324,-7.64696442563336,"UBE2Z_HUMAN",18,0.987347896067062,0.353858121398227,0.463953507092115,0.0205829125000001,"Non-significant",0.333525538033507,"UBE2Z","UBE2Z_HUMAN"
-0.0822567924999955,15.38802695375,-2.15339745695073,0.0673348145977202,0.12993707697898,-6.13044206295843,"ATP5E_HUMAN;AT5EL_HUMAN",2,-0.987325437603949,0.353868441937977,0.463953507092115,-0.0822567924999955,"Non-significant",0.333525538033507,"ATP5F1E;ATP5F1EP2","ATP5E_HUMAN;AT5EL_HUMAN"
-0.0309658075000048,13.64706683125,-1.09203403061426,0.310132959350255,0.419196714939593,-7.53806700139981,"ORN_HUMAN",12,-0.987007415442665,0.354014610162065,0.464072962528156,-0.0309658075000048,"Non-significant",0.333413733384198,"REXO2","ORN_HUMAN"
-0.343370676,7.94470119475,-0.960313132298622,0.368142133878173,0.477468848508866,-7.67218354110012,"KAT5_HUMAN",10,-0.986879890710599,0.354073235557953,0.464077639949927,-0.343370676,"Non-significant",0.333409356123742,"KAT5","KAT5_HUMAN"
0.0428016174999986,10.10936200625,1.20364938154023,0.266938442702052,0.372890973406629,-7.41489301482342,"MCRI2_HUMAN",8,0.986645314477478,0.354181093768013,0.464146834479257,0.0428016174999986,"Non-significant",0.333344607125737,"MCRIP2","MCRI2_HUMAN"
-0.0356237899999972,10.74140203,-0.966542498940572,0.365222474507834,0.47447019355375,-7.66613421770569,"CANT1_HUMAN",18,-0.985945702828055,0.354502924107301,0.464496369858611,-0.0356237899999972,"Non-significant",0.333017675764063,"CANT1","CANT1_HUMAN"
-0.0505824062499993,9.983404158875,-0.973429200907415,0.362015288916389,0.471481284035267,-7.65941156725467,"NTAN1_HUMAN",15,-0.984524346337166,0.355157452479526,0.465281654794828,-0.0505824062499993,"Non-significant",0.332284070566754,"NTAN1","NTAN1_HUMAN"
0.0586361899999979,16.9148905275,1.03416031233246,0.334662330661528,0.443184412434567,-7.5985673556768,"CYTB_HUMAN",9,0.983707261469766,0.355534132810508,0.4657027514312,0.0586361899999979,"Non-significant",0.331891196192548,"CSTB","CYTB_HUMAN"
0.0865330674999978,10.73598456375,1.08256057662436,0.31404679611951,0.422927056157749,-7.54813351972866,"SAYS1_HUMAN",5,0.982579343157726,0.356054608486973,0.466258451507078,0.0865330674999978,"Non-significant",0.331373282991037,"SAYSD1","SAYS1_HUMAN"
-0.175239682249999,7.482127845375,-0.981534718275852,0.35826811903516,0.467684989212849,-7.6514523241936,"DCNL2_HUMAN",5,-0.982536488801465,0.35607439497078,0.466258451507078,-0.175239682249999,"Non-significant",0.331373282991037,"DCUN1D2","DCNL2_HUMAN"
-0.0442013699999997,12.541777135,-0.969929968802085,0.36364220913528,0.472942475050343,-7.6628320226049,"KDSR_HUMAN",16,-0.982428362730888,0.356124322078843,0.466258451507078,-0.0442013699999997,"Non-significant",0.331373282991037,"KDSR","KDSR_HUMAN"
0.146483182999999,7.09667134275,0.956034429388999,0.370157776463336,0.479566538243076,-7.67632108323681,"GCP5_HUMAN",14,0.981298392028927,0.356646403602753,0.466833014760406,0.146483182999999,"Non-significant",0.330838437928183,"TUBGCP5","GCP5_HUMAN"
0.0256216525000017,11.45558130875,0.914315636673361,0.390249331640245,0.498924862186505,-7.71590660772289,"WDFY1_HUMAN",26,0.98123883483893,0.356673937009967,0.466833014760406,0.0256216525000017,"Non-significant",0.330838437928183,"WDFY1","WDFY1_HUMAN"
-0.0754096510000011,9.172937274,-1.03695522570537,0.33344348951644,0.441917480052527,-7.59570107764855,"PP2BB_HUMAN",7,-0.981079196879478,0.356747745927054,0.466840820352293,-0.0754096510000011,"Non-significant",0.330831176451301,"PPP3CB","PP2BB_HUMAN"
-0.0259909624999946,13.15407752875,-1.02166726211502,0.340153266045956,0.448763793942928,-7.61130917706624,"SNX12_HUMAN",15,-0.98098636802844,0.356790670863622,0.466840820352293,-0.0259909624999946,"Non-significant",0.330831176451301,"SNX12","SNX12_HUMAN"
0.113526105750001,8.635579228375,0.952653522918117,0.37175638403598,0.481335929228084,-7.67958033461797,"ZC3H1_HUMAN",20,0.980816992866436,0.356869001654189,0.466870838886103,0.113526105750001,"Non-significant",0.330803251591492,"ZFC3H1","ZC3H1_HUMAN"
0.0725026124999957,12.52415084875,1.01850876092876,0.341552588424191,0.450286211469676,-7.61451230283022,"PGPI_HUMAN",8,0.980200826147012,0.357154070041238,0.467061754845051,0.0725026124999957,"Non-significant",0.33062569327692,"PGPEP1","PGPI_HUMAN"
0.12246108075,9.788731217375,1.08449203996486,0.31324563503067,0.422388011145979,-7.54608624763843,"CRIPT_HUMAN",3,0.980169655555393,0.357168495654882,0.467061754845051,0.12246108075,"Non-significant",0.33062569327692,"CRIPT","CRIPT_HUMAN"
-0.0341906525000031,12.29015898625,-1.09470680319393,0.309035862695633,0.418048994810061,-7.53521556053468,"ATG3_HUMAN",11,-0.980128384850561,0.357187596238017,0.467061754845051,-0.0341906525000031,"Non-significant",0.33062569327692,"ATG3","ATG3_HUMAN"
0.00996542250000232,16.27518296375,0.602606822213602,0.565326919967029,0.661457608051373,-7.96436941539252,"FLNB_HUMAN",187,0.979959715300885,0.357265666621417,0.467061754845051,0.00996542250000232,"Non-significant",0.33062569327692,"FLNB","FLNB_HUMAN"
0.0868072509999998,9.74034214,1.14615831374017,0.288522132109284,0.396056581863545,-7.47936973219852,"NXT1_HUMAN",4,0.979902847510281,0.357291991368002,0.467061754845051,0.0868072509999998,"Non-significant",0.33062569327692,"NXT1","NXT1_HUMAN"
0.0773398875000026,9.77971971025,1.45789993190053,0.187214877881229,0.28419823446897,-7.10642366661101,"BCL7B_HUMAN",3,0.97977354152778,0.357351854062391,0.467067572940284,0.0773398875000026,"Non-significant",0.330620283390773,"BCL7B","BCL7B_HUMAN"
0.0371720792499985,8.842111706875,0.942210644140241,0.376727082348071,0.485718507724835,-7.68959080209476,"KTNB1_HUMAN",22,0.979366383301366,0.357540399279221,0.467175147700939,0.0371720792499985,"Non-significant",0.330520268428668,"KATNB1","KTNB1_HUMAN"
0.0743679999999998,8.770209074,0.96190587734,0.367393943459293,0.476718526696179,-7.67063969951659,"I13R1_HUMAN",14,0.979297964054199,0.357572090007886,0.467175147700939,0.0743679999999998,"Non-significant",0.330520268428668,"IL13RA1","I13R1_HUMAN"
0.0370945899999988,12.4501688475,1.11477024678786,0.300900064233877,0.409252589281126,-7.51365302443245,"BAX_HUMAN",10,0.979236775540631,0.357600433380764,0.467175147700939,0.0370945899999988,"Non-significant",0.330520268428668,"BAX","BAX_HUMAN"
-0.0707814675000034,15.47941243625,-1.04659242761252,0.329267561211947,0.438029013124938,-7.58577405757096,"QCR6_HUMAN",7,-0.978409767531582,0.357983682431419,0.467603356456599,-0.0707814675000034,"Non-significant",0.330122380133491,"UQCRH","QCR6_HUMAN"
0.0875887869999996,8.70248842225,0.94965776824903,0.37317723739256,0.482588360537265,-7.68246081173726,"KLH22_HUMAN",20,0.977885038874153,0.358227011948184,0.467839533199617,0.0875887869999996,"Non-significant",0.329903082387877,"KLHL22","KLH22_HUMAN"
0.0848469725000029,12.61215949125,1.15468370111887,0.285233195374984,0.392848137878389,-7.46994419039703,"RN185_HUMAN",4,0.977780509693478,0.358275499680096,0.467839533199617,0.0848469725000029,"Non-significant",0.329903082387877,"RNF185","RN185_HUMAN"
-0.410491347500002,7.05053192375,-0.950000199621288,0.373014618604046,0.482526123421348,-7.68213191361621,"SUSD2_HUMAN",11,-0.977036913084915,0.358620574049996,0.468202461699305,-0.410491347500002,"Non-significant",0.329566307214333,"SUSD2","SUSD2_HUMAN"
0.309341192249999,8.208357453375,0.949693675212365,0.373160182859377,0.482588360537265,-7.68242632817573,"WDFY2_HUMAN",14,0.976931195092592,0.358669654143218,0.468202461699305,0.309341192249999,"Non-significant",0.329566307214333,"WDFY2","WDFY2_HUMAN"
-0.558867692499996,8.43636977675,-0.952542388578718,0.371809020667227,0.481335929228084,-7.67968731813823,"TOB1_HUMAN",4,-0.976822604249496,0.358720073277271,0.468202461699305,-0.558867692499996,"Non-significant",0.329566307214333,"TOB1","TOB1_HUMAN"
0.0273349250000017,10.9462958575,0.930826967751129,0.382202366568051,0.491020232861165,-7.70040498185236,"TE2IP_HUMAN",22,0.975313478990083,0.359421322440062,0.469018919914212,0.0273349250000017,"Non-significant",0.328809637778291,"TERF2IP","TE2IP_HUMAN"
-0.0313432225000021,11.74422419125,-0.934673681910413,0.380345556413561,0.489156651664618,-7.69676221210829,"ZPR1_HUMAN",22,-0.975236970533642,0.35945690148841,0.469018919914212,-0.0313432225000021,"Non-significant",0.328809637778291,"ZPR1","ZPR1_HUMAN"
0.2032101155,7.72362303725,1.01376704075494,0.34366175812922,0.452542565110325,-7.61930709308579,"MBOA1_HUMAN",2,0.974457871349052,0.359819361284802,0.469419191498158,0.2032101155,"Non-significant",0.328439158897269,"MBOAT1","MBOA1_HUMAN"
-0.0444211950000035,12.6600706575,-0.947577479337073,0.374166305811843,0.483422408290623,-7.68445690592482,"PLPP_HUMAN",19,-0.973606372397466,0.36021582028048,0.469863687580341,-0.0444211950000035,"Non-significant",0.328028117209126,"PDXP","PLPP_HUMAN"
0.0486874569999962,9.9778583055,0.990687696788956,0.354072563669842,0.463317795362486,-7.64240406055979,"DJC17_HUMAN",12,0.972781689712955,0.360600108939256,0.470292173642115,0.0486874569999962,"Non-significant",0.327632248496796,"DNAJC17","DJC17_HUMAN"
0.458815455500002,7.16662997,0.956257463915326,0.370052501493567,0.479503848591741,-7.67610575989782,"PLLP_HUMAN",2,0.971933132300467,0.360995846791384,0.470735456776697,0.458815455500002,"Non-significant",0.327223088494929,"PLLP","PLLP_HUMAN"
-0.164025544999998,13.1525651225,-1.00923330710448,0.345687884994275,0.454721822262938,-7.62387588586224,"H90B4_HUMAN",3,-0.971507461326403,0.36119448879648,0.470921631255302,-0.164025544999998,"Non-significant",0.327051360270695,"HSP90AB4P","H90B4_HUMAN"
0.188478350499999,7.26902848475,0.942531708159344,0.376573517096224,0.485713569334976,-7.68928431207851,"CROCC_HUMAN",33,0.971345534036848,0.36127007488652,0.47094733393419,0.188478350499999,"Non-significant",0.327027657331057,"CROCC","CROCC_HUMAN"
-0.17366135125,7.050897180875,-1.03801550729379,0.332982023161355,0.441692674962197,-7.59461222705112,"QTGAL_HUMAN",2,-0.971076938765992,0.361395478948039,0.471037960731873,-0.17366135125,"Non-significant",0.326944091868856,"B3GNTL1","QTGAL_HUMAN"
0.3682521585,7.56055647125,0.945143306232991,0.375326136882629,0.484475345755541,-7.68678824023862,"ZC3HA_HUMAN",7,0.969761478109888,0.362010128107566,0.471766136335602,0.3682521585,"Non-significant",0.326273236257554,"ZC3H10","ZC3HA_HUMAN"
0.474540590999998,6.881917417,0.942336747130712,0.376666761539853,0.485718507724835,-7.68947043298153,"CO5A2_HUMAN",8,0.968577559621158,0.362563989683335,0.47241488159543,0.474540590999998,"Non-significant",0.325676430082697,"COL5A2","CO5A2_HUMAN"
-0.14135587225,7.556945502625,-0.9456359371707,0.375091190406444,0.484246231266031,-7.68631679846293,"DNLI1_HUMAN",11,-0.966601574699473,0.363489822092129,0.473548023247999,-0.14135587225,"Non-significant",0.324635971942563,"LIG1","DNLI1_HUMAN"
-0.0346636800000013,13.8643286225,-0.988120819925565,0.355245339172622,0.464314306696547,-7.64494801635993,"PDCD6_HUMAN",14,-0.966313590268046,0.363624903869958,0.47361309229803,-0.0346636800000013,"Non-significant",0.324576300723058,"PDCD6","PDCD6_HUMAN"
-0.0267541424999997,11.59115421875,-0.965391506701129,0.365760605055301,0.474891580408368,-7.66725421263519,"SYWM_HUMAN",17,-0.9661369280494,0.363707787677688,0.47361309229803,-0.0267541424999997,"Non-significant",0.324576300723058,"WARS2","SYWM_HUMAN"
-0.018475295,12.17338407,-0.864566787742463,0.415250523414681,0.523974051176999,-7.761272928986,"PALS2_HUMAN",27,-0.966135763907246,0.363708333900243,0.47361309229803,-0.018475295,"Non-significant",0.324576300723058,"PALS2","PALS2_HUMAN"
-0.0244145425000006,12.35889792625,-0.847819558024694,0.42392215437585,0.531573912412085,-7.77608286539027,"UBP47_HUMAN",79,-0.965472694999981,0.364019550460677,0.473937169005089,-0.0244145425000006,"Non-significant",0.324279229977949,"USP47","UBP47_HUMAN"
-0.0324954950000009,15.9193065175,-1.49712047853043,0.177008930762554,0.272355046023213,-7.05585587142564,"NACAM_HUMAN",8,-0.965365971760028,0.364069660613116,0.473937169005089,-0.0324954950000009,"Non-significant",0.324279229977949,"NACA","NACAM_HUMAN"
-0.031450269999997,12.6005053525,-0.956824949556673,0.369784743770343,0.479377976813322,-7.67555771928289,"IMPA3_HUMAN",17,-0.965227822517327,0.364134534059778,0.473948423037349,-0.031450269999997,"Non-significant",0.324268917416706,"BPNT2","IMPA3_HUMAN"
0.0926280022499988,9.171467542625,0.987416945284715,0.355567452896122,0.464663265187815,-7.64564472937756,"FBSP1_HUMAN",7,0.964542921742762,0.364456285124846,0.474293967472182,0.0926280022499988,"Non-significant",0.323952399088808,"FBXO45","FBSP1_HUMAN"
0.113618610000001,11.52485907,0.979655135737773,0.359134389414692,0.468670656197002,-7.6533024794975,"COA4_HUMAN",6,0.962226538761165,0.365546058644866,0.475638735461188,0.113618610000001,"Non-significant",0.322722784179454,"COA4","COA4_HUMAN"
-0.0478539474999984,10.70762467375,-0.942575062931214,0.376552784074148,0.485713569334976,-7.68924291906502,"EKI2_HUMAN",17,-0.961956099724134,0.365673450212005,0.475731056002005,-0.0478539474999984,"Non-significant",0.322638496656497,"ETNK2","EKI2_HUMAN"
-0.0415508747500013,9.377550721125,-1.04940669157275,0.328055923990571,0.4369758823193,-7.58286242158677,"CBG_HUMAN",10,-0.960963649351981,0.366141235082475,0.476266121992312,-0.0415508747500013,"Non-significant",0.322150309849048,"SERPINA6","CBG_HUMAN"
0.0328342924999987,11.36299693625,0.890585929424276,0.402033059332961,0.511198771627323,-7.7377994123622,"NED4L_HUMAN",43,0.960619307625973,0.36630364349215,0.476403859125958,0.0328342924999987,"Non-significant",0.322024729157521,"NEDD4L","NED4L_HUMAN"
0.498267174000004,8.27502203,0.93523947071436,0.38007302102792,0.488955356264399,-7.6962254279166,"MED28_HUMAN",6,0.960431162064436,0.366392405051536,0.476445785587689,0.498267174000004,"Non-significant",0.321986510260997,"MED28","MED28_HUMAN"
-0.087968110000002,10.73301375,-0.930075475590324,0.382565902623308,0.491203668683303,-7.70111525630162,"FA13A_HUMAN",19,-0.956924026463023,0.368049932363949,0.478527360773674,-0.087968110000002,"Non-significant",0.320093225508216,"FAM13A","FA13A_HUMAN"
0.0518875122499995,9.646120548375,1.02393062529401,0.339153278221454,0.447654710637118,-7.60900928803231,"LRAT2_HUMAN",9,0.956544228481117,0.368229768496158,0.47868734093987,0.0518875122499995,"Non-significant",0.319948057441083,"LRATD2","LRAT2_HUMAN"
0.0712566374999994,12.49325776125,0.932333884288076,0.381474170891556,0.490383679494422,-7.69897936118439,"UBXN1_HUMAN",17,0.956042811812604,0.368467292731705,0.478922252958449,0.0712566374999994,"Non-significant",0.319734983144212,"UBXN1","UBXN1_HUMAN"
0.0321326275000029,10.20144343375,0.946235614470952,0.374805340785685,0.483951320080046,-7.68574265667989,"HMCES_HUMAN",17,0.955737875704889,0.368611799141736,0.479036209522926,0.0321326275000029,"Non-significant",0.319631657771974,"HMCES","HMCES_HUMAN"
0.0552728177499979,9.433390736375,0.925125078038076,0.384967128539366,0.493444027746095,-7.70578287446882,"MED17_HUMAN",21,0.954825837122056,0.369044259769623,0.479491532230544,0.0552728177499979,"Non-significant",0.319219058019951,"MED17","MED17_HUMAN"
0.425646304999999,7.5198380945,0.930483596084415,0.382368441333766,0.491158730875086,-7.70072957616069,"FRS2_HUMAN",6,0.954759065878722,0.369075935592807,0.479491532230544,0.425646304999999,"Non-significant",0.319219058019951,"FRS2","FRS2_HUMAN"
0.0617895125000025,10.23828935625,0.946452366129913,0.374702061666772,0.483892090974295,-7.6855350650976,"CPEB4_HUMAN",13,0.954337307795208,0.369276061904181,0.479642024980118,0.0617895125000025,"Non-significant",0.319082772159131,"CPEB4","CPEB4_HUMAN"
-0.0239992174999983,17.26896285875,-0.900772337037256,0.396943050077646,0.506024344994628,-7.72845767769568,"TAGL2_HUMAN",23,-0.954275112046186,0.36930558098481,0.479642024980118,-0.0239992174999983,"Non-significant",0.319082772159131,"TAGLN2","TAGL2_HUMAN"
-0.0259613975000015,15.13438343875,-0.989698101747009,0.354524344174333,0.463668354066532,-7.64338541274518,"ETHE1_HUMAN",15,-0.953979857748736,0.369445737469697,0.479750134206143,-0.0259613975000015,"Non-significant",0.318984895102175,"ETHE1","ETHE1_HUMAN"
0.0179662700000023,14.9894824025,0.789162340893687,0.455305654664545,0.56264057516016,-7.82606561803446,"MVP_HUMAN",61,0.953463033914358,0.369691168515943,0.479994895166494,0.0179662700000023,"Non-significant",0.318763381401104,"MVP","MVP_HUMAN"
0.0340342499999959,10.71346736,0.887043152654166,0.40381449168731,0.512922295122413,-7.74102848780126,"RBBP6_HUMAN",43,0.953219816666452,0.369806710650047,0.480070963201794,0.0340342499999959,"Non-significant",0.318694561272232,"RBBP6","RBBP6_HUMAN"
0.0343215467500002,9.595032572625,0.89707523786138,0.398784938363049,0.50798824927643,-7.7318580135442,"SPAG1_HUMAN",31,0.952845745673775,0.36998446866335,0.480227761990049,0.0343215467500002,"Non-significant",0.318552736968342,"SPAG1","SPAG1_HUMAN"
-0.032475950000002,14.56303978,-1.13505260340099,0.292853166898245,0.400204173765452,-7.49157560099128,"UB2L3_HUMAN",10,-0.952473911796661,0.370161227084908,0.480383215257689,-0.032475950000002,"Non-significant",0.318412175391349,"UBE2L3","UB2L3_HUMAN"
-0.0432503225000005,11.90217077625,-1.13338709482148,0.293507254490727,0.400968014279147,-7.49339898460862,"SH3L1_HUMAN",8,-0.952262276135902,0.370261860452356,0.48043984325014,-0.0432503225000005,"Non-significant",0.318360983396208,"SH3BGRL","SH3L1_HUMAN"
-0.0559566019999984,9.36958706375,-1.03355346859377,0.334927432878338,0.443465807686382,-7.59918893793952,"KXDL1_HUMAN",8,-0.951987442812707,0.370392575094931,0.480535480294778,-0.0559566019999984,"Non-significant",0.318274540716836,"KXD1","KXDL1_HUMAN"
0.0575461432500006,10.111200570875,0.911295932612377,0.391734523913629,0.500519979091705,-7.71871794568909,"PK3CB_HUMAN",38,0.951373101274415,0.370684889727527,0.480840710297526,0.0575461432500006,"Non-significant",0.317998769979728,"PIK3CB","PK3CB_HUMAN"
-0.0320734974999972,16.46080851625,-1.00122825605426,0.349287987277251,0.458518680074747,-7.63190522807598,"NADC_HUMAN",13,-0.950854137087697,0.370931956764779,0.481087161651072,-0.0320734974999972,"Non-significant",0.317776232576736,"QPRT","NADC_HUMAN"
0.0358366949999969,11.2774851325,1.0842666465912,0.313339042442819,0.42244638335741,-7.54632529048935,"EXOS5_HUMAN",10,0.950686828494761,0.371011634865145,0.481116472350509,0.0358366949999969,"Non-significant",0.317749773572467,"EXOSC5","EXOS5_HUMAN"
-0.843619823749997,8.356721401125,-0.928924684229215,0.383123101508901,0.491828300733861,-7.70220205675508,"IGLC2_HUMAN;IGLC3_HUMAN",1,-0.950525397288293,0.371088526102466,0.481129506252155,-0.843619823749997,"Non-significant",0.317738008282325,"IGLC2;IGLC3","IGLC2_HUMAN;IGLC3_HUMAN"
0.240155577999998,7.053625524,0.930049956957627,0.382578251857383,0.491203668683303,-7.70113936739226,"ADPRM_HUMAN",7,0.950426061886782,0.371135846441039,0.481129506252155,0.240155577999998,"Non-significant",0.317738008282325,"ADPRM","ADPRM_HUMAN"
-0.0145802500000016,16.9534351825,-0.759959965249432,0.471512938638482,0.576833462958456,-7.8498277912303,"AMPL_HUMAN",41,-0.948461000715897,0.372072870210719,0.482237209389603,-0.0145802500000016,"Non-significant",0.316739282533601,"LAP3","AMPL_HUMAN"
0.0211162575000046,11.39109969375,0.809785680243931,0.444092642473124,0.551533355445111,-7.80883131506036,"RPB1_HUMAN",88,0.948394241594349,0.372104734828566,0.482237209389603,0.0211162575000046,"Non-significant",0.316739282533601,"POLR2A","RPB1_HUMAN"
0.696004748249999,7.223237693375,0.925807475116919,0.384635460294204,0.493168891819264,-7.70514062104353,"IQIP1_HUMAN;SCHI1_HUMAN",2,0.948024278812036,0.372281357779082,0.482391939234416,0.696004748249999,"Non-significant",0.316599957864716,"IQCJ-SCHIP1;SCHIP1","IQIP1_HUMAN;SCHI1_HUMAN"
0.0540890689999998,8.89147448525,1.00277168909775,0.348591609040895,0.457818428265145,-7.63036085981567,"LS14B_HUMAN",9,0.94662487515929,0.372950010489685,0.483160572396316,0.0540890689999998,"Non-significant",0.315908512899657,"LSM14B","LS14B_HUMAN"
0.0783374300000013,10.46083081,0.96959321433882,0.363799072367671,0.473073492901435,-7.66316069711415,"UBE2F_HUMAN",8,0.946542945110228,0.372989185500395,0.483160572396316,0.0783374300000013,"Non-significant",0.315908512899657,"UBE2F","UBE2F_HUMAN"
0.0540251732500003,9.778603792125,0.916187649240518,0.389330710995552,0.498052597204661,-7.71416007408479,"MCAF1_HUMAN",21,0.945669516760545,0.373407008103524,0.483610187489759,0.0540251732500003,"Non-significant",0.315504559085076,"ATF7IP","MCAF1_HUMAN"
0.1527905475,12.50291681375,0.988824131462236,0.354923707477935,0.464037836254307,-7.64425148380084,"MGST2_HUMAN",3,0.945577539982015,0.373451027449382,0.483610187489759,0.1527905475,"Non-significant",0.315504559085076,"MGST2","MGST2_HUMAN"
0.372766136999999,6.77010184525,0.947013052627464,0.374435001978181,0.483621304271236,-7.68499790206676,"HBEAG_HBVD3",1,0.945302919659481,0.373582481590431,0.483706104043893,0.372766136999999,"Non-significant",0.315418432074325,"C","HBEAG_HBVD3"
0.0874221324999986,9.350621581,1.08541130203229,0.31286490631156,0.42200964879183,-7.54511094709497,"HERP2_HUMAN",4,0.94508709036797,0.373685818131585,0.483744929368777,0.0874221324999986,"Non-significant",0.315383574239082,"HERPUD2","HERP2_HUMAN"
0.17399477975,7.343152642125,0.970684253244303,0.363291043942526,0.472631611265867,-7.66209551820528,"TSN33_HUMAN",3,0.945000570575982,0.37372724878983,0.483744929368777,0.17399477975,"Non-significant",0.315383574239082,"TSPAN33","TSN33_HUMAN"
0.14771401875,7.636482417625,0.924646826858803,0.385199701991917,0.493612880644458,-7.70623276933903,"AP3M2_HUMAN",10,0.944149918211633,0.374134772784357,0.484198065376838,0.14771401875,"Non-significant",0.314976950123205,"AP3M2","AP3M2_HUMAN"
-0.019581794999997,14.15862727,-0.854009358256199,0.420702133419186,0.528873718507132,-7.77063658971007,"ANX11_HUMAN",27,-0.943329403804241,0.374528172722606,0.484632785980788,-0.019581794999997,"Non-significant",0.314587208669635,"ANXA11","ANX11_HUMAN"
0.23706877225,7.714823305375,0.933539645799585,0.380892252306849,0.48978501826002,-7.69783734731856,"DPOA2_HUMAN",4,0.942260880712137,0.375040944296491,0.485093044006912,0.23706877225,"Non-significant",0.314174952896249,"POLA2","DPOA2_HUMAN"
-0.0770728587500003,9.457867503125,-1.01487383443272,0.343168538328997,0.452034319358512,-7.6181894100593,"MAPK3_HUMAN",6,-0.942255329242594,0.375043609747518,0.485093044006912,-0.0770728587500003,"Non-significant",0.314174952896249,"MAPKAPK3","MAPK3_HUMAN"
-0.366271376750001,6.913819134375,-0.919187006130207,0.387862235239237,0.496400057824404,-7.71135587842391,"EXTL2_HUMAN",6,-0.942228450531022,0.375056515339072,0.485093044006912,-0.366271376750001,"Non-significant",0.314174952896249,"EXTL2","EXTL2_HUMAN"
0.0285468100000017,16.8328850275,0.926668689476389,0.384217185069696,0.49284711727932,-7.70432953821913,"SAR1B_HUMAN",18,0.941644449675636,0.375337000298499,0.485381340214184,0.0285468100000017,"Non-significant",0.313916923508373,"SAR1B","SAR1B_HUMAN"
-0.569661498250001,8.350441276875,-0.915730595345657,0.389554845051935,0.498188103314028,-7.71458675275235,"SP30L_HUMAN",4,-0.939458447098075,0.376388285471961,0.486634379128391,-0.569661498250001,"Non-significant",0.312797212835659,"SAP30L","SP30L_HUMAN"
0.0476169575000007,16.64547967875,1.59226092692292,0.154321491549273,0.24538310738895,-6.93035493489993,"RL22_HUMAN",5,0.939389621717336,0.376421420324725,0.486634379128391,0.0476169575000007,"Non-significant",0.312797212835659,"RPL22","RL22_HUMAN"
0.57995486225,7.477098941875,0.92334681357523,0.385832427461886,0.494121812465179,-7.70745477739975,"TM2D2_HUMAN",1,0.938816689489742,0.376697333465424,0.486867654965044,0.57995486225,"Non-significant",0.312589076833862,"TM2D2","TM2D2_HUMAN"
-0.0212182999999975,12.789709805,-0.951955413153013,0.372087123731855,0.481548037146601,-7.6802522097564,"TBCB_HUMAN",17,-0.938775062908206,0.376717385891804,0.486867654965044,-0.0212182999999975,"Non-significant",0.312589076833862,"TBCB","TBCB_HUMAN"
0.0271487249999982,12.3744320875,0.874925094269415,0.409951403806351,0.518918814038704,-7.75199528727853,"GDS1_HUMAN",28,0.937804002303469,0.377185392308413,0.487397772768299,0.0271487249999982,"Non-significant",0.31211645971561,"RAP1GDS1","GDS1_HUMAN"
0.0432186124999987,11.44501972375,1.10516908505256,0.304771462965734,0.413674502630946,-7.52400619613689,"RAB7L_HUMAN",8,0.936046327283706,0.378033610426662,0.48841896111072,0.0432186124999987,"Non-significant",0.311207484477538,"RAB29","RAB7L_HUMAN"
0.244028804999997,12.0160051575,0.948810405288756,0.373579875581156,0.482812752418516,-7.68327429016325,"COX7C_HUMAN",2,0.935824395189588,0.378140811085705,0.488454362402119,0.244028804999997,"Non-significant",0.311176007345051,"COX7C","COX7C_HUMAN"
-0.0205032850000002,10.8077634575,-0.848736197303428,0.423444198630869,0.5314284384885,-7.77527837511222,"PRP17_HUMAN",28,-0.935749673275956,0.378176909364839,0.488454362402119,-0.0205032850000002,"Non-significant",0.311176007345051,"CDC40","PRP17_HUMAN"
-0.0216052524999988,15.72223937625,-1.19586095364369,0.269781178664711,0.376238510086838,-7.42375204437568,"F162A_HUMAN",12,-0.935425653860829,0.378333473309212,0.488505991300633,-0.0216052524999988,"Non-significant",0.311130105491066,"FAM162A","F162A_HUMAN"
0.0481812954999992,8.239956498,0.89969723959194,0.397478015341195,0.5065530981722,-7.72944762748491,"S14L1_HUMAN",25,0.935243993141899,0.378421271584165,0.488505991300633,0.0481812954999992,"Non-significant",0.311130105491066,"SEC14L1","S14L1_HUMAN"
0.192884326000001,7.5791941285,0.927570768807819,0.383779426607309,0.492445849729488,-7.70347933365395,"MP2K5_HUMAN",5,0.93520777986894,0.378438775597493,0.488505991300633,0.192884326000001,"Non-significant",0.311130105491066,"MAP2K5","MP2K5_HUMAN"
-0.0327823150000004,10.9300917375,-0.958735949731876,0.368884153220176,0.478357619614287,-7.67371035150763,"RAB20_HUMAN",14,-0.93518724068553,0.378448703665101,0.488505991300633,-0.0327823150000004,"Non-significant",0.311130105491066,"RAB20","RAB20_HUMAN"
-0.558967829249998,9.488248228875,-0.908072836772547,0.393324362338319,0.502399007448051,-7.72171050794966,"FAK2_HUMAN",15,-0.934581759606128,0.378741463250543,0.48880903287993,-0.558967829249998,"Non-significant",0.310860777205636,"PTK2B","FAK2_HUMAN"
-1.13206458025,10.363091589875,-0.907908875421284,0.393405365921608,0.502426337780793,-7.72186251705267,"SPON1_HUMAN",4,-0.933758056653281,0.379140006566588,0.489229722879168,-1.13206458025,"Non-significant",0.310487165514989,"SPON1","SPON1_HUMAN"
0.0338754699999981,14.040964365,1.16530137525648,0.281180368821147,0.388281344821994,-7.45813854713168,"HMGB3_HUMAN",9,0.933668189806374,0.379183506889264,0.489229722879168,0.0338754699999981,"Non-significant",0.310487165514989,"HMGB3","HMGB3_HUMAN"
0.517170309999999,7.95737034075,0.907099924884254,0.393805200827849,0.502784616446219,-7.7226121787734,"SPIT1_HUMAN",12,0.933356620862676,0.379334351484214,0.489349441178519,0.517170309999999,"Non-significant",0.310380903295314,"SPINT1","SPIT1_HUMAN"
-0.0284235474999974,14.07130253375,-1.09679494312911,0.308180918719552,0.417195824158443,-7.53298437391095,"TXD12_HUMAN",11,-0.932014017100163,0.37998487610674,0.49007993478163,-0.0284235474999974,"Non-significant",0.309733078332108,"TXNDC12","TXD12_HUMAN"
-0.0293054574999996,11.16565394375,-0.858434552319214,0.418410847195422,0.526778944138941,-7.76672315971633,"EXOC1_HUMAN",41,-0.931921685135972,0.380029643617048,0.49007993478163,-0.0293054574999996,"Non-significant",0.309733078332108,"EXOC1","EXOC1_HUMAN"
0.0148365474999981,14.46384990125,0.772716100318301,0.464385895590682,0.570432631001728,-7.83954124624129,"AAPK1_HUMAN",34,0.9318280591127,0.380075042551609,0.49007993478163,0.0148365474999981,"Non-significant",0.309733078332108,"PRKAA1","AAPK1_HUMAN"
0.0418894300000048,10.9406920675,0.926065568286576,0.384510073781201,0.493083129758367,-7.7048976137689,"GGA1_HUMAN",15,0.931494479572094,0.380236826813616,0.490213553565612,0.0418894300000048,"Non-significant",0.309614685418942,"GGA1","GGA1_HUMAN"
0.404349207750001,6.933500230375,0.918458748270345,0.388218409144618,0.496780472245329,-7.71203741541256,"PIGB_HUMAN",2,0.931334245788856,0.380314557481899,0.49023878345541,0.404349207750001,"Non-significant",0.309592334099032,"PIGB","PIGB_HUMAN"
0.0303983700000003,12.34568286,1.13569980563807,0.292599316112089,0.399994804084198,-7.49086654763863,"TIM21_HUMAN",10,0.931004324779038,0.380474641863943,0.490370146218834,0.0303983700000003,"Non-significant",0.309475977574228,"TIMM21","TIM21_HUMAN"
0.046992064999996,10.90525639,1.26510653204025,0.24537955537779,0.348935577152187,-7.34367405333051,"MBP_HUMAN",6,0.930692626894223,0.380625929905415,0.49049013349224,0.046992064999996,"Non-significant",0.309369724294171,"MBP","MBP_HUMAN"
-0.0403082400000017,13.523775935,-1.01438042121245,0.343388349605622,0.45225318731653,-7.61868779062056,"F136A_HUMAN",10,-0.929582006508429,0.381165351499568,0.491110172392213,-0.0403082400000017,"Non-significant",0.308821070209564,"FAM136A","F136A_HUMAN"
-0.0328211774999971,18.93536877625,-0.857441857651122,0.418924065879796,0.527188855076262,-7.76760248406145,"CH60_HUMAN",60,-0.92850925273434,0.381686919026995,0.491707021317215,-0.0328211774999971,"Non-significant",0.308293590169162,"HSPD1","CH60_HUMAN"
0.0778408045000027,10.04933047325,0.948920151545736,0.373527709395473,0.482812752418516,-7.68316896425647,"IGKC_HUMAN",8,0.927757711612281,0.382052629232683,0.492050599598255,0.0778408045000027,"Non-significant",0.307990234638385,"IGKC","IGKC_HUMAN"
-0.239124536749998,9.833817124375,-0.926564934251734,0.384267558993913,0.49284711727932,-7.70442728523081,"MT1M_HUMAN",3,-0.927721261309234,0.382070373041948,0.492050599598255,-0.239124536749998,"Non-significant",0.307990234638385,"MT1M","MT1M_HUMAN"
-0.0288779750000003,12.9229422825,-0.991310346147583,0.353788532554136,0.463272260509369,-7.64178621601309,"PFD3_HUMAN",13,-0.927117912473222,0.382364168577672,0.492353739221081,-0.0288779750000003,"Non-significant",0.30772275944672,"VBP1","PFD3_HUMAN"
0.0204324775000018,12.51878905375,1.04484734914278,0.330020651638289,0.438830110847001,-7.5875766288118,"GNAO_HUMAN",14,0.926618910940251,0.382607279353228,0.49259153164325,0.0204324775000018,"Non-significant",0.307513058579376,"GNAO1","GNAO_HUMAN"
-0.4649859665,7.172118485,-0.902839409994519,0.395915970023182,0.504885742269448,-7.72655167173282,"METL8_HUMAN",4,-0.924829567639294,0.383479977421748,0.493639696042747,-0.4649859665,"Non-significant",0.306589923773981,"METTL8","METL8_HUMAN"
-0.0286517125000003,11.56827974375,-0.94378450787583,0.375974752208625,0.485089726980942,-7.68808760232581,"WASH3_HUMAN;WASH2_HUMAN",15,-0.9242474952254,0.383764182523521,0.493930110626166,-0.0286517125000003,"Non-significant",0.306334497871271,"WASH3P;WASH2P","WASH3_HUMAN;WASH2_HUMAN"
-0.0344243025000015,11.81940436375,-0.980814688746108,0.358599779900765,0.468045454441553,-7.65216140062949,"SEPT6_HUMAN",12,-0.923981923830928,0.383893903201937,0.494021635128111,-0.0344243025000015,"Non-significant",0.306254031216016,"SEPTIN6","SEPT6_HUMAN"
-0.0501856805000021,9.1248517035,-0.988295977623833,0.355165216763766,0.46428157755921,-7.6447745821699,"PNISR_HUMAN",9,-0.923591739411516,0.384084550952073,0.494191524954209,-0.0501856805000021,"Non-significant",0.30610470672265,"PNISR","PNISR_HUMAN"
0.481428265499998,6.7634587885,0.900779154716428,0.39693965931225,0.506024344994628,-7.72845139697093,"RUN3B_HUMAN",4,0.923036407453318,0.38435601189099,0.494465327263302,0.481428265499998,"Non-significant",0.305864156455397,"RUNDC3B","RUN3B_HUMAN"
0.0371711237499976,10.066862225625,0.875016159119064,0.409905034911114,0.518918814038704,-7.75191332716347,"FA83G_HUMAN",30,0.92261768417911,0.384560788543955,0.494653271270715,0.0371711237499976,"Non-significant",0.30569911447473,"FAM83G","FA83G_HUMAN"
0.0501360849999983,10.4900615225,0.931980366751303,0.381644909855717,0.490453566881208,-7.69931396927817,"MTL26_HUMAN",12,0.922022279356738,0.384852109972002,0.494921873303879,0.0501360849999983,"Non-significant",0.305463351916756,"METTL26","MTL26_HUMAN"
0.018443585,13.250935795,0.848689425092849,0.423468577365623,0.5314284384885,-7.77531944203997,"HEXA_HUMAN",24,0.921950906758516,0.384887042295281,0.494921873303879,0.018443585,"Non-significant",0.305463351916756,"HEXA","HEXA_HUMAN"
-0.0326788424999993,11.03014481125,-0.869650553908278,0.412643613209584,0.521377004459735,-7.7567307142735,"DCA11_HUMAN",28,-0.919887297454972,0.385898058850828,0.496082695109501,-0.0326788424999993,"Non-significant",0.304445922227133,"DCAF11","DCA11_HUMAN"
0.0442137725000062,15.02695465125,1.3173869749868,0.228227596976507,0.330822083390366,-7.2813272975366,"CHCH2_HUMAN",6,0.919868066427323,0.385907489836635,0.496082695109501,0.0442137725000062,"Non-significant",0.304445922227133,"CHCHD2","CHCH2_HUMAN"
0.0809901954999965,8.15979868175,0.885942728040068,0.404368995665831,0.513258320623307,-7.74202937238744,"DMXL2_HUMAN",51,0.919258299360701,0.386206610542085,0.496391509646116,0.0809901954999965,"Non-significant",0.304175655346908,"DMXL2","DMXL2_HUMAN"
0.0302710524999981,11.01225590875,0.895538748732712,0.399552258530683,0.50858139340911,-7.73326788713874,"PIGS_HUMAN",19,0.918612403312711,0.386523640559781,0.496723245354229,0.0302710524999981,"Non-significant",0.303885515678522,"PIGS","PIGS_HUMAN"
-0.0561716574999984,10.89295828375,-0.907383548991587,0.393664981566909,0.502681734529234,-7.72234940216109,"ARY2_HUMAN",14,-0.91822348394068,0.386714629219577,0.496892928306678,-0.0561716574999984,"Non-significant",0.303737184013657,"NAT2","ARY2_HUMAN"
-0.0361700049999989,11.634506465,-1.09147677302868,0.310362092218983,0.419439165514479,-7.53866088290616,"NHLC3_HUMAN",9,-0.917160763214344,0.387236859360056,0.497488109670159,-0.0361700049999989,"Non-significant",0.303217294750111,"NHLRC3","NHLC3_HUMAN"
-0.0320627699999996,11.44093287,-0.888461606284611,0.403100552366218,0.512169815480081,-7.73973687190619,"OFUT2_HUMAN",20,-0.916843284568699,0.387392971758779,0.497612825198834,-0.0320627699999996,"Non-significant",0.303108434906257,"POFUT2","OFUT2_HUMAN"
0.877767204999996,10.7766730175,0.890685939863095,0.401982854136294,0.511198771627323,-7.73770810788685,"SPA11_HUMAN",10,0.916609170607754,0.387508121265835,0.497684893211904,0.877767204999996,"Non-significant",0.303045541683709,"SERPINA11","SPA11_HUMAN"
0.0416192974999952,14.23259258375,0.876105255065406,0.409350777889963,0.51854789702953,-7.75093258657952,"KBTBB_HUMAN",27,0.915950004099807,0.387832469136711,0.498025576226895,0.0416192974999952,"Non-significant",0.302748353366816,"KBTBD11","KBTBB_HUMAN"
0.013159277499998,19.51734566625,0.70244685037749,0.50455089143592,0.605906747957454,-7.89437822389578,"ALDH2_HUMAN",50,0.914746064776385,0.388425391880736,0.498710986772692,0.013159277499998,"Non-significant",0.30215106402107,"ALDH2","ALDH2_HUMAN"
0.0892167092499978,9.622790336625,0.913823230038372,0.390491228664167,0.499082724247196,-7.71636553953354,"TYW3_HUMAN",9,0.914618134670588,0.388488434755007,0.498715963531824,0.0892167092499978,"Non-significant",0.302146730111648,"TYW3","TYW3_HUMAN"
0.0230801099999969,13.5403541325,0.883169255226404,0.405769012952785,0.514397204117765,-7.74454754200202,"PDLI2_HUMAN",20,0.913496689177963,0.389041395504046,0.499326172382097,0.0230801099999969,"Non-significant",0.301615669628393,"PDLIM2","PDLI2_HUMAN"
-0.0169386874999979,16.38329100625,-0.842641037618111,0.426629575379252,0.534332940694163,-7.78061443814989,"PBLD_HUMAN",23,-0.913413876093711,0.389082251774304,0.499326172382097,-0.0169386874999979,"Non-significant",0.301615669628393,"PBLD","PBLD_HUMAN"
-0.0432124175000013,12.47463512375,-0.905874160918199,0.394411623205156,0.50340635554153,-7.72374709392909,"CSN7A_HUMAN",15,-0.91326191922276,0.389157228691493,0.499346366363312,-0.0432124175000013,"Non-significant",0.301598106044194,"COPS7A","CSN7A_HUMAN"
-0.0541791925000012,10.59830141125,-0.90321095332886,0.395731566594796,0.504785317013852,-7.72620871051252,"IGHA1_HUMAN",14,-0.913007539664911,0.389282765652459,0.499430113933645,-0.0541791925000012,"Non-significant",0.301525274718124,"IGHA1","IGHA1_HUMAN"
0.0856463925000011,13.76936686125,1.15086497909116,0.286702551423053,0.394420728895857,-7.47417205545215,"SUMO3_HUMAN",3,0.912889560483336,0.389340998773044,0.499430113933645,0.0856463925000011,"Non-significant",0.301525274718124,"SUMO3","SUMO3_HUMAN"
-0.657310485999998,9.376718521,-0.888699738214971,0.40298078573781,0.5120948353662,-7.73951987148058,"NEB1_HUMAN",4,-0.912611348935052,0.389478346009081,0.499454644822414,-0.657310485999998,"Non-significant",0.301503943669598,"PPP1R9A","NEB1_HUMAN"
-0.0180540100000002,17.04107666,-0.938328844083382,0.378587479827202,0.487639649673515,-7.69328994862063,"DHPR_HUMAN",17,-0.912610771797878,0.38947863096663,0.499454644822414,-0.0180540100000002,"Non-significant",0.301503943669598,"QDPR","DHPR_HUMAN"
0.250748276749999,6.754459917625,0.88538504965338,0.404650221900462,0.513456647676051,-7.74253622470004,"MYOF_HUMAN",52,0.912109928493235,0.389725976638382,0.499654292528872,0.250748276749999,"Non-significant",0.301330377214225,"MYOF","MYOF_HUMAN"
0.0773518082500004,8.712610363875,0.886496909527845,0.40408967417469,0.513117183431525,-7.74152544455004,"GNPTA_HUMAN",19,0.912016710189248,0.389772026004521,0.499654292528872,0.0773518082500004,"Non-significant",0.301330377214225,"GNPTAB","GNPTA_HUMAN"
-0.0202951424999966,14.15648293375,-0.832743589886918,0.431838282276681,0.539392223729379,-7.78921198897231,"COR1C_HUMAN",27,-0.911935489597404,0.389812151817518,0.499654292528872,-0.0202951424999966,"Non-significant",0.301330377214225,"CORO1C","COR1C_HUMAN"
-0.0499010075000044,10.42832064625,-0.889121406272986,0.402768774832249,0.511979792348217,-7.73913550734721,"GL8D1_HUMAN",18,-0.911619949454529,0.389968068449924,0.499778143373028,-0.0499010075000044,"Non-significant",0.301222740646631,"GLT8D1","GL8D1_HUMAN"
1.61528504125,12.845294416875,0.885968570259141,0.404355967402011,0.513258320623307,-7.74200587918414,"POTEI_HUMAN",1,0.91060505572153,0.390469864227907,0.500345163511254,1.61528504125,"Non-significant",0.300730293881619,"POTEI","POTEI_HUMAN"
0.0208783150000009,12.6857862475,0.816094576481682,0.440701140363089,0.548371702409282,-7.80348517047976,"RO60_HUMAN",33,0.909942874945906,0.390797522670467,0.500688906914328,0.0208783150000009,"Non-significant",0.300432030568863,"RO60","RO60_HUMAN"
0.394439458999999,7.067782879,0.883787863300378,0.405456440943879,0.514167592662689,-7.74398642746979,"DOCK6_HUMAN",18,0.909647240202446,0.390943872897407,0.500800289460827,0.394439458999999,"Non-significant",0.300335428776853,"DOCK6","DOCK6_HUMAN"
0.0960400125000014,10.69078552625,2.14199936698299,0.0684894069488794,0.131532743488746,-6.14739605352341,"CEBPE_HUMAN",1,0.909090813863685,0.391219433641894,0.501077132072257,0.0960400125000014,"Non-significant",0.300095416937129,"CEBPE","CEBPE_HUMAN"
0.0305259199999988,12.7809542425,0.865070904571111,0.414991487449416,0.523804020322122,-7.76082347753818,"HGS_HUMAN",24,0.90821181793672,0.391655031474716,0.50155883626563,0.0305259199999988,"Non-significant",0.299678113956199,"HGS","HGS_HUMAN"
0.428558469000001,6.6680923105,0.88509486914306,0.404796610651111,0.513473383172041,-7.74279985719783,"BRPF3_HUMAN",5,0.907517967015044,0.391999129094796,0.501923235476232,0.428558469000001,"Non-significant",0.299362699106673,"BRPF3","BRPF3_HUMAN"
-0.0880470277499974,9.199943304125,-1.11773333452251,0.299713374162131,0.408057507803683,-7.51044510557158,"FCERG_HUMAN",3,-0.906618083472297,0.392445732922597,0.502418754982468,-0.0880470277499974,"Non-significant",0.298934157022921,"FCER1G","FCERG_HUMAN"
0.0518014429999987,8.3657342195,0.871185352983093,0.41185891107176,0.520942191090016,-7.75535517513199,"EP300_HUMAN",28,0.90638595161121,0.392560998197117,0.502457873620513,0.0518014429999987,"Non-significant",0.298900343899663,"EP300","EP300_HUMAN"
0.097701310999998,8.76406157025,0.889161829440225,0.402748454711667,0.511979792348217,-7.73909865264254,"SUH_HUMAN",12,0.906316457807299,0.39259551022241,0.502457873620513,0.097701310999998,"Non-significant",0.298900343899663,"RBPJ","SUH_HUMAN"
0.0353808425000004,12.40686607375,0.869545200285875,0.412697517351447,0.521377004459735,-7.75682506381008,"ULA1_HUMAN",23,0.905979679826778,0.392762792409036,0.502595654655498,0.0353808425000004,"Non-significant",0.298781270553027,"NAE1","ULA1_HUMAN"
0.0512874124999989,10.81330239625,0.992805765617662,0.35310709128228,0.462451782538585,-7.64030113337795,"LSM1_HUMAN",8,0.905624075673645,0.392939482398154,0.502745430651797,0.0512874124999989,"Non-significant",0.298651867925111,"LSM1","LSM1_HUMAN"
0.0278356049999999,10.2491596925,0.899794802386324,0.397429446519124,0.5065530981722,-7.72935783052617,"EVL_HUMAN",17,0.905393339746841,0.393054159870853,0.502815831469331,0.0278356049999999,"Non-significant",0.298591056738805,"EVL","EVL_HUMAN"
0.0236735350000004,16.6345036025,0.883374580304456,0.405665246262965,0.51434301455333,-7.74436133487714,"VDAC2_HUMAN",19,0.904292496417026,0.393601624107541,0.503439770804623,0.0236735350000004,"Non-significant",0.298052478976903,"VDAC2","VDAC2_HUMAN"
-0.117784738749997,8.328966498375,-0.925466054736875,0.384801375588413,0.49330658476574,-7.70546200310297,"NCALD_HUMAN",5,-0.903012051476685,0.394239107467535,0.50411623685091,-0.117784738749997,"Non-significant",0.297469314342861,"NCALD","NCALD_HUMAN"
0.0546171675000018,13.26709807125,0.973643395287211,0.361915883043128,0.471424660511595,-7.65920188818047,"UFC1_HUMAN",8,0.902989951775269,0.394250116659295,0.50411623685091,0.0546171675000018,"Non-significant",0.297469314342861,"UFC1","UFC1_HUMAN"
0.014860392500001,14.59410893875,0.770503096036931,0.465617071363733,0.571528512381666,-7.84133621973552,"EIF3D_HUMAN",30,0.902658359429981,0.394415329727217,0.504170437293645,0.014860392500001,"Non-significant",0.297422623349471,"EIF3D","EIF3D_HUMAN"
0.0139539224999989,15.43617141125,0.777091878003743,0.461958003213429,0.568361408420084,-7.83597922784215,"RTCB_HUMAN",27,0.90258648198773,0.394451148717828,0.504170437293645,0.0139539224999989,"Non-significant",0.297422623349471,"RTCB","RTCB_HUMAN"
-0.022352457500002,12.34152662875,-0.841374028305072,0.427293859502856,0.534926472857504,-7.78171969714682,"TOM34_HUMAN",25,-0.902544750307886,0.394471946132588,0.504170437293645,-0.022352457500002,"Non-significant",0.297422623349471,"TOMM34","TOM34_HUMAN"
-0.0220856674999972,11.22510576125,-0.808555919640276,0.444755843358884,0.552275634011791,-7.80986939162064,"MSH2_HUMAN",38,-0.90218460884588,0.394651459626716,0.504323401029956,-0.0220856674999972,"Non-significant",0.297290879744113,"MSH2","MSH2_HUMAN"
-0.0536179542500008,8.598787307625,-0.883769157295821,0.405465890192062,0.514167592662689,-7.74400339956373,"ANM7_HUMAN",16,-0.901401865565305,0.39504182577899,0.504745725252556,-0.0536179542500008,"Non-significant",0.29692735045681,"PRMT7","ANM7_HUMAN"
-0.0604634282500012,9.209150075875,-0.930154524841572,0.382527650203917,0.491203668683303,-7.70104056390936,"PEX7_HUMAN",9,-0.900642035118621,0.39542103436908,0.505153667580627,-0.0604634282500012,"Non-significant",0.296576489543517,"PEX7","PEX7_HUMAN"
-0.0459721084999991,8.827477336,-0.895716378023299,0.399463495399293,0.508562046320009,-7.73310499418014,"KCTD9_HUMAN",14,-0.899593916949722,0.395944554303932,0.505745817279564,-0.0459721084999991,"Non-significant",0.296067700331585,"KCTD9","KCTD9_HUMAN"
-0.947083232499999,10.41740929875,-0.873932014581696,0.410457312435085,0.51940319569364,-7.75288863113537,"ZN609_HUMAN",9,-0.899348448159115,0.396067235423169,0.505796138919277,-0.947083232499999,"Non-significant",0.296024490239641,"ZNF609","ZN609_HUMAN"
-0.0688722135000006,8.35312902925,-0.886540202455497,0.404067859376554,0.513117183431525,-7.74148606681399,"CFA36_HUMAN",13,-0.899274969777989,0.396103964053405,0.505796138919277,-0.0688722135000006,"Non-significant",0.296024490239641,"CFAP36","CFA36_HUMAN"
-0.0134463324999956,17.66659665125,-0.754467588441601,0.474604181912735,0.580278307128292,-7.85421198617513,"ACADM_HUMAN",29,-0.898031934559315,0.396725679201085,0.506513291424712,-0.0134463324999956,"Non-significant",0.295409153824586,"ACADM","ACADM_HUMAN"
0.921522259500001,7.5034977795,0.876126226059791,0.409340110779942,0.51854789702953,-7.75091369235638,"PGAP2_HUMAN",1,0.897843694855282,0.396819890902176,0.506556846950544,0.921522259500001,"Non-significant",0.295371810063635,"PGAP2","PGAP2_HUMAN"
0.0375721450000004,10.4870513675,0.904231720743636,0.395225267786302,0.504215798724192,-7.7252658909809,"CDK5_HUMAN",14,0.896905770373944,0.397289553606034,0.507079595297587,0.0375721450000004,"Non-significant",0.294923864955884,"CDK5","CDK5_HUMAN"
-0.032128332500001,10.75631451625,-0.873672878099129,0.410589399806549,0.519492352292015,-7.75312160757052,"TTC19_HUMAN",19,-0.896663234519047,0.397411068481621,0.507134656804736,-0.032128332500001,"Non-significant",0.294876709419085,"TTC19","TTC19_HUMAN"
-0.0231475824999983,11.89782071125,-0.838468583478901,0.428819938235578,0.53635899382515,-7.78424907067132,"TRNT1_HUMAN",25,-0.896579505702537,0.397453024421887,0.507134656804736,-0.0231475824999983,"Non-significant",0.294876709419085,"TRNT1","TRNT1_HUMAN"
0.0263354774999982,13.11471116625,0.941328135236811,0.377149429980856,0.486139038853114,-7.69043283197434,"CELF1_HUMAN",14,0.895931418910301,0.397777885334924,0.507472346827316,0.0263354774999982,"Non-significant",0.294587618335955,"CELF1","CELF1_HUMAN"
-0.0292909149999989,10.6071244475,-0.84662911797346,0.424543450242534,0.532194637432231,-7.77712659625889,"IPO11_HUMAN",26,-0.895292847137854,0.398098165617734,0.507804091705793,-0.0292909149999989,"Non-significant",0.294303804056846,"IPO11","IPO11_HUMAN"
0.106404545000002,16.0271359675,0.910479744265333,0.39213667032393,0.500957865134951,-7.71947655055326,"ATPD_HUMAN",6,0.894888135535284,0.398301248710402,0.507949658679605,0.106404545000002,"Non-significant",0.294179327166885,"ATP5F1D","ATPD_HUMAN"
0.0370068549999996,9.657917738,0.856220628413956,0.41955605551273,0.527905357802179,-7.76868310707906,"RBNS5_HUMAN",25,0.894825255230884,0.398332808621686,0.507949658679605,0.0370068549999996,"Non-significant",0.294179327166885,"RBSN","RBNS5_HUMAN"
0.0729992374999995,10.21950590625,0.868709071720696,0.41312550272884,0.521839481867435,-7.7575735315058,"PFKAM_HUMAN",19,0.893680402013918,0.398907733535696,0.508605851758036,0.0729992374999995,"Non-significant",0.293618647362031,"PFKM","PFKAM_HUMAN"
0.0968301295000025,7.88906109325,1.19532644326878,0.269977197339092,0.376449594106072,-7.42435862353811,"ING4_HUMAN",2,0.893005299765961,0.399247040333128,0.508961479577727,0.0968301295000025,"Non-significant",0.29331508571803,"ING4","ING4_HUMAN"
0.0185835374999979,10.86946523125,0.776232071282248,0.462434382055074,0.568615522442336,-7.83668047906482,"GOGA1_HUMAN",39,0.892188695230079,0.399657746310427,0.509408005995855,0.0185835374999979,"Non-significant",0.292934233827646,"GOLGA1","GOGA1_HUMAN"
-0.156642197499998,10.90007150125,-0.902810959119669,0.395930093297076,0.504885742269448,-7.72657792930844,"DYH8_HUMAN",4,-0.891872301605161,0.399816956852669,0.509504744075124,-0.156642197499998,"Non-significant",0.292851767857641,"DNAH8","DYH8_HUMAN"
0.0520005225000002,13.45683956125,0.920796392743846,0.387075983537193,0.495469015221715,-7.70984822954157,"GNPTG_HUMAN",10,0.891797635645387,0.399854535776124,0.509504744075124,0.0520005225000002,"Non-significant",0.292851767857641,"GNPTG","GNPTG_HUMAN"
0.0327670550000008,14.732335925,1.02498953970098,0.338686224188129,0.447318424268528,-7.60793198349487,"NDUA7_HUMAN",10,0.890332487107678,0.400592454788027,0.510367865992787,0.0327670550000008,"Non-significant",0.292116677667272,"NDUFA7","NDUA7_HUMAN"
0.12595331675,8.124581992625,0.885143549577758,0.404772049902812,0.513473383172041,-7.74275563527852,"CSF1_HUMAN",7,0.890006508278802,0.400756767577632,0.510500044417691,0.12595331675,"Non-significant",0.292004215789887,"CSF1","CSF1_HUMAN"
0.0672457215000009,9.75675594825,1.14012504247439,0.290868438290388,0.398378095719292,-7.48601088833885,"SEN15_HUMAN",4,0.889355866637251,0.401084875890774,0.510840800677446,0.0672457215000009,"Non-significant",0.291714423073798,"TSEN15","SEN15_HUMAN"
0.0266430375000066,10.85215365875,0.819219688499932,0.439027883033138,0.546531683072858,-7.80082420410317,"MTMR6_HUMAN",36,0.888973928257036,0.401277572057156,0.510936768417708,0.0266430375000066,"Non-significant",0.291632843165568,"MTMR6","MTMR6_HUMAN"
0.0483589199999965,11.03462124,1.3374443859972,0.221928174661402,0.324537228352006,-7.25699763834307,"CA122_HUMAN",5,0.88896622799273,0.401281457696669,0.510936768417708,0.0483589199999965,"Non-significant",0.291632843165568,"C1orf122","CA122_HUMAN"
0.34819221525,7.992309451125,0.863904939908531,0.41559078497548,0.524089576085925,-7.76186268475251,"ZC21A_HUMAN",13,0.888747383849059,0.401391900297705,0.511000200514931,0.34819221525,"Non-significant",0.291578929449414,"ZC2HC1A","ZC21A_HUMAN"
-0.0364704124999982,10.59718895125,-0.851466090199723,0.422023052780407,0.530217962719637,-7.77287827243867,"RANB9_HUMAN",24,-0.888194104216362,0.401671218418804,0.511278571436439,-0.0364704124999982,"Non-significant",0.291342408920106,"RANBP9","RANB9_HUMAN"
-0.0807135075000005,11.04409420625,-0.914874150724094,0.389975093531509,0.49864988825502,-7.71538582591635,"DCTN6_HUMAN",7,-0.887935961906367,0.401801587338873,0.511367292719215,-0.0807135075000005,"Non-significant",0.291267053090715,"DCTN6","DCTN6_HUMAN"
-0.0199301225000017,11.77999460625,-0.777747938873068,0.461594735368204,0.568221809686073,-7.83544370904997,"COG4_HUMAN",43,-0.886741876534952,0.402405031740719,0.512057972907989,-0.0199301225000017,"Non-significant",0.290680867366446,"COG4","COG4_HUMAN"
0.049816127499998,11.02972507625,0.854729396908173,0.420328698981961,0.528719684184294,-7.77000094437583,"PUM2_HUMAN",24,0.886110229741695,0.402724506635629,0.51238714965007,0.049816127499998,"Non-significant",0.290401770625334,"PUM2","PUM2_HUMAN"
0.0292019824999983,11.60289073125,0.869933028214818,0.41249911045607,0.521360492690808,-7.75647769850205,"LEO1_HUMAN",18,0.885769700056476,0.402896816160484,0.512529016513239,0.0292019824999983,"Non-significant",0.290281542262729,"LEO1","LEO1_HUMAN"
0.0697681925000015,13.90993106375,1.31940130137372,0.227588014568344,0.330320957293184,-7.27889399703404,"RU1C_HUMAN",3,0.88506122239409,0.403255479844202,0.512874592817085,0.0697681925000015,"Non-significant",0.289988814821255,"SNRPC","RU1C_HUMAN"
0.333066582750002,7.370920121625,0.863591258112031,0.41575212158873,0.5242146047676,-7.76214207062723,"GNB5_HUMAN",6,0.884992731978003,0.403290165048243,0.512874592817085,0.333066582750002,"Non-significant",0.289988814821255,"GNB5","GNB5_HUMAN"
0.0333526150000001,10.2010012875,0.8541605556263,0.42062369805495,0.528873718507132,-7.77050314989794,"TJAP1_HUMAN",21,0.884799359749459,0.403388105065083,0.512921758574986,0.0333526150000001,"Non-significant",0.28994887740409,"TJAP1","TJAP1_HUMAN"
-0.0227828025000036,16.28327918375,-0.835444324359581,0.430412526849538,0.537944553823081,-7.78687424392585,"QCR2_HUMAN",23,-0.883876021292219,0.403855998629975,0.513439247730325,-0.0227828025000036,"Non-significant",0.289510936558185,"UQCRC2","QCR2_HUMAN"
0.0222089275000013,10.06166756125,0.874658988638881,0.410086922715552,0.519012413148557,-7.7522347480113,"NELFA_HUMAN",18,0.883512108815439,0.404040515737783,0.513558404312784,0.0222089275000013,"Non-significant",0.289410159216828,"NELFA","NELFA_HUMAN"
0.601693988,6.581341684,0.859747941006416,0.417732525293937,0.526160707666258,-7.76555849434199,"FABPH_HUMAN",5,0.883312081368967,0.404141962995935,0.513558404312784,0.601693988,"Non-significant",0.289410159216828,"FABP3","FABPH_HUMAN"
-0.75831520525,6.921517789375,-0.858157778472687,0.418553892619832,0.526866693914988,-7.76696840794033,"OSBL3_HUMAN",15,-0.883267476204894,0.404164587757914,0.513558404312784,-0.75831520525,"Non-significant",0.289410159216828,"OSBPL3","OSBL3_HUMAN"
0.0167253025000047,15.55499827875,0.742273762147813,0.481515568903827,0.586177748453258,-7.86384836782275,"LSS_HUMAN",47,0.883197292388596,0.404200188450852,0.513558404312784,0.0167253025000047,"Non-significant",0.289410159216828,"LSS","LSS_HUMAN"
-0.0349783899999974,12.9934370525,-0.989683336893133,0.354531088143172,0.463668354066532,-7.64340004897588,"PIN1_HUMAN",10,-0.883090503385406,0.404254361444456,0.513558404312784,-0.0349783899999974,"Non-significant",0.289410159216828,"PIN1","PIN1_HUMAN"
-0.904764890749997,7.765935540125,-0.861568238376604,0.416793709220112,0.525292191240479,-7.76394192793205,"ZIM3_HUMAN",1,-0.882912433065331,0.404344706398442,0.513595770077226,-0.904764890749997,"Non-significant",0.289378561729866,"ZIM3","ZIM3_HUMAN"
0.0374157430000004,9.15601551525,0.96922208648893,0.363972006804945,0.473225365626852,-7.66352281872534,"CDK16_HUMAN",10,0.882764330782656,0.404419858009326,0.5136138290132,0.0374157430000004,"Non-significant",0.289363291435955,"CDK16","CDK16_HUMAN"
0.0694940089999996,9.33767426025,0.861701810922066,0.416724879170029,0.52528398482491,-7.76382319567223,"MON1B_HUMAN",16,0.882372519525659,0.404618723610548,0.513788975792906,0.0694940089999996,"Non-significant",0.289215218488654,"MON1B","MON1B_HUMAN"
-0.071532009999995,10.96163714,-0.864180434587521,0.415449126432978,0.524067747187006,-7.76161724296697,"DNJB2_HUMAN",14,-0.881027611420666,0.405301874834728,0.514578927998483,-0.071532009999995,"Non-significant",0.288548002115869,"DNAJB2","DNJB2_HUMAN"
0.0520637024999999,11.62639248375,0.955039595244119,0.37062762641989,0.480027698692879,-7.67728104863136,"UBQL2_HUMAN",8,0.880872792732254,0.405380568955595,0.514581568776651,0.0520637024999999,"Non-significant",0.288545773356817,"UBQLN2","UBQL2_HUMAN"
-0.0310704725000015,14.74959981375,-1.12058408031091,0.298575270056857,0.406705066468851,-7.50735316250093,"DUS3_HUMAN",9,-0.880783320273919,0.405426052704442,0.514581568776651,-0.0310704725000015,"Non-significant",0.288545773356817,"DUSP3","DUS3_HUMAN"
-0.0896825790000033,9.742635727,-0.895689903134962,0.399476724247809,0.508562046320009,-7.73312927431726,"SOSSC_HUMAN",7,-0.880303968454458,0.405669796156826,0.514813416411606,-0.0896825790000033,"Non-significant",0.288350143590489,"INIP","SOSSC_HUMAN"
0.0387554150000042,17.37794447,0.848259491366629,0.423692715492229,0.5314284384885,-7.77569684571319,"NIPS1_HUMAN",22,0.879504788385202,0.406076402519376,0.515251843570046,0.0387554150000042,"Non-significant",0.287980445641198,"NIPSNAP1","NIPS1_HUMAN"
-0.0154447550000043,14.0151822575,-0.788595936549399,0.455616338301186,0.562859462925501,-7.82653368719014,"SERPH_HUMAN",25,-0.878272040472857,0.406704175064266,0.515946960735113,-0.0154447550000043,"Non-significant",0.287394941481323,"SERPINH1","SERPH_HUMAN"
-0.0872207882499998,7.864092290125,-0.870549274942974,0.412183989848109,0.521118771625875,-7.75592548792873,"WASF3_HUMAN",10,-0.878188672972958,0.406746654892018,0.515946960735113,-0.0872207882499998,"Non-significant",0.287394941481323,"WASF3","WASF3_HUMAN"
0.338957667000001,7.22365516425,0.859463874810906,0.417879169091509,0.526188156001244,-7.7658105166399,"GTPB2_HUMAN",4,0.877423198931376,0.407136850795254,0.516364206342641,0.338957667000001,"Non-significant",0.287043870059072,"GTPBP2","GTPB2_HUMAN"
-0.63816118325,9.569960354875,-0.852181817832176,0.421651019407389,0.529908519842684,-7.77224796861158,"MTCL1_HUMAN",29,-0.87723354171937,0.4072335690853,0.516409170124868,-0.63816118325,"Non-significant",0.287006054362108,"MTCL1","MTCL1_HUMAN"
-0.0177729124999964,12.72657740125,-0.742517053543997,0.481377021556809,0.586093733165152,-7.86365741674624,"NCKP1_HUMAN",55,-0.876256790830057,0.407731938436937,0.516963373809408,-0.0177729124999964,"Non-significant",0.286540225021983,"NCKAP1","NCKP1_HUMAN"
-0.0292558649999997,10.538988115,-0.859830340074159,0.417689995255605,0.526160707666258,-7.76548537757711,"WAC_HUMAN",18,-0.875734226885028,0.407998747258433,0.517219602392576,-0.0292558649999997,"Non-significant",0.286325023912289,"WAC","WAC_HUMAN"
-0.0138051500000032,13.66667545,-0.689087176356054,0.512434794055652,0.613190357622812,-7.90429127861373,"OPA1_HUMAN",56,-0.875620654576787,0.408056751205437,0.517219602392576,-0.0138051500000032,"Non-significant",0.286325023912289,"OPA1","OPA1_HUMAN"
0.0671980377499999,8.798672795375,0.859480867819418,0.417870395732262,0.526188156001244,-7.76579544242061,"EED_HUMAN",14,0.8752317660542,0.408255410283257,0.517393602958588,0.0671980377499999,"Non-significant",0.286178945192263,"EED","EED_HUMAN"
-0.133255720249998,9.221671223625,-0.974755756011197,0.361399980923945,0.471043828546147,-7.65811240809964,"SMLR1_HUMAN",2,-0.874811553422149,0.408470149055291,0.517587926396129,-0.133255720249998,"Non-significant",0.286015862866199,"SMLR1","SMLR1_HUMAN"
0.0273771249999974,14.4633016575,0.892250062508693,0.401198262226745,0.510445306008941,-7.73627907523699,"TFAM_HUMAN",15,0.874654031322773,0.408550667557436,0.517612141416147,0.0273771249999974,"Non-significant",0.285995545151968,"TFAM","TFAM_HUMAN"
-0.102090117500001,14.89728057375,-1.49540958014528,0.177443423419565,0.272894970019518,-7.0580765775013,"TBB2A_HUMAN",1,-0.873422487038973,0.409180573048918,0.518294086096624,-0.102090117500001,"Non-significant",0.285423746572886,"TUBB2A","TBB2A_HUMAN"
0.305866122000001,7.03055244675,0.84856151671087,0.423535251226301,0.5314284384885,-7.77543173868756,"SI1L2_HUMAN",18,0.873361265697289,0.409211904493182,0.518294086096624,0.305866122000001,"Non-significant",0.285423746572886,"SIPA1L2","SI1L2_HUMAN"
-0.0593907830000013,9.332558036,-0.869812543857605,0.412560741042554,0.521360492690808,-7.75658562597881,"TANK_HUMAN",12,-0.873234211302057,0.409276933030187,0.518298567985494,-0.0593907830000013,"Non-significant",0.285419991077229,"TANK","TANK_HUMAN"
0.0435109135000022,9.583152771,0.923315574138776,0.385847641433836,0.494121812465179,-7.70748412571094,"TPPP_HUMAN",10,0.872680745497397,0.40956029252857,0.518520504599463,0.0435109135000022,"Non-significant",0.285234065006231,"TPPP","TPPP_HUMAN"
0.555892825249996,8.943790257125,0.85032481333828,0.422616771023165,0.530884763480515,-7.77388244078393,"S29A3_HUMAN",4,0.872630886007824,0.40958582614994,0.518520504599463,0.555892825249996,"Non-significant",0.285234065006231,"SLC29A3","S29A3_HUMAN"
-0.276462554750001,6.576718688125,-0.858057829363107,0.418605558090957,0.526866693914988,-7.76705695664211,"TSN8_HUMAN",4,-0.872450093905619,0.409678421460349,0.518520504599463,-0.276462554750001,"Non-significant",0.285234065006231,"TSPAN8","TSN8_HUMAN"
0.0172634149999986,10.4273586275,0.717547421759068,0.495734150832169,0.598216629543931,-7.88297406906351,"AKAP9_HUMAN",188,0.872366865991126,0.409721052899926,0.518520504599463,0.0172634149999986,"Non-significant",0.285234065006231,"AKAP9","AKAP9_HUMAN"
-0.542727351249999,7.863239586375,-0.848809616930724,0.423405932680399,0.5314284384885,-7.77521390749384,"BAKOR_HUMAN",6,-0.872291289970726,0.409759767604345,0.518520504599463,-0.542727351249999,"Non-significant",0.285234065006231,"ATG14","BAKOR_HUMAN"
0.0942763092500014,6.929922759375,0.896505728334751,0.39906922420321,0.508252830372878,-7.73238081726149,"HAUS7_HUMAN",6,0.872158270881237,0.409827914572608,0.518528894015689,0.0942763092500014,"Non-significant",0.285227038384012,"HAUS7","HAUS7_HUMAN"
0.0290334250000015,10.0792924175,0.798806114344792,0.450038212921851,0.557438956167272,-7.81805289072404,"DOCK1_HUMAN",64,0.871147959081866,0.410345772558414,0.519106185936496,0.0290334250000015,"Non-significant",0.284743795813737,"DOCK1","DOCK1_HUMAN"
-0.0295734407499992,9.768859863125,-0.854308307154795,0.420547060380635,0.528873718507132,-7.77037273262287,"ZNG1C_HUMAN;ZNG1E_HUMAN",18,-0.870418776434583,0.410719822978755,0.519501408746687,-0.0295734407499992,"Non-significant",0.284413270416557,"ZNG1C;ZNG1E","ZNG1C_HUMAN;ZNG1E_HUMAN"
-0.72675871825,8.944015383875,-0.845088882771043,0.425348268779404,0.533124246474587,-7.77847523284822,"CASPE_HUMAN",16,-0.869830004357402,0.411022025000387,0.519805648721419,-0.72675871825,"Non-significant",0.284159005336713,"CASP14","CASPE_HUMAN"
0.0341677674999978,11.35278105625,0.939204619018275,0.378167152852699,0.487247161631825,-7.69245642354946,"CC127_HUMAN",11,0.869174557931419,0.411358636702829,0.520153307645986,0.0341677674999978,"Non-significant",0.283868635496204,"CCDC127","CC127_HUMAN"
-0.047390457499997,10.50641298125,-0.928627629130708,0.383267030320992,0.491938145054917,-7.70248242229438,"U119B_HUMAN",9,-0.868584304730615,0.411661936666352,0.520458746686768,-0.047390457499997,"Non-significant",0.283613688432643,"UNC119B","U119B_HUMAN"
0.0422074800000001,11.1522837875,1.07798963757587,0.31594934287935,0.42481049786729,-7.5529680664873,"PLS1_HUMAN",7,0.868182152762995,0.411868673039872,0.520642028352291,0.0422074800000001,"Non-significant",0.283460776786237,"PLSCR1","PLS1_HUMAN"
0.0205452425000008,12.08019959875,0.798077560135892,0.450434674636585,0.557848056496,-7.81866107135201,"AS3MT_HUMAN",27,0.868054236137095,0.411934447391264,0.520647092076918,0.0205452425000008,"Non-significant",0.283456552891797,"AS3MT","AS3MT_HUMAN"
-0.0549592974999982,10.92918992125,-1.11696579176357,0.300020402524471,0.40840955634347,-7.5112766430736,"OSTM1_HUMAN",5,-0.867858357207424,0.412035182331928,0.520696334614067,-0.0549592974999982,"Non-significant",0.283415479482917,"OSTM1","OSTM1_HUMAN"
0.11779093725,8.794827818875,1.1948080049813,0.270167435683329,0.376590262175423,-7.42494679065298,"TV23B_HUMAN",1,0.867506179934287,0.412216341396639,0.520847180577465,0.11779093725,"Non-significant",0.283289682396143,"TVP23B","TV23B_HUMAN"
0.0467712850000037,10.187639595,0.888912688154417,0.402873706230197,0.512035957450894,-7.73932577895517,"HYCCI_HUMAN",11,0.867150794542906,0.412399208485629,0.521000139137496,0.0467712850000037,"Non-significant",0.283162160718444,"HYCC1","HYCCI_HUMAN"
-0.0514113925000039,12.86335217875,-1.04817467629222,0.328585914313069,0.437469521102652,-7.58413777035151,"LYRM4_HUMAN",6,-0.866811299573345,0.412573953203003,0.521142792079741,-0.0514113925000039,"Non-significant",0.28304326457824,"LYRM4","LYRM4_HUMAN"
0.0319504749999986,11.2624952775,0.843986808454432,0.425924801977981,0.533688145662614,-7.77943897976873,"MBLC2_HUMAN",19,0.866338587377417,0.412817355652253,0.521300256247585,0.0319504749999986,"Non-significant",0.282912061593439,"MBLAC2","MBLC2_HUMAN"
0.502565503500002,7.505506575,0.842298257543767,0.42680922006415,0.534399125953761,-7.78091359241522,"FERY3_HUMAN",9,0.866328976940982,0.412822305190726,0.521300256247585,0.502565503500002,"Non-significant",0.282912061593439,"FERRY3","FERY3_HUMAN"
-0.0711026192499986,8.300828456875,-0.85482822629995,0.420277461528535,0.528719684184294,-7.76991366436936,"HAUS1_HUMAN",12,-0.865091964913838,0.413459741747465,0.522026986697032,-0.0711026192499986,"Non-significant",0.282307045138241,"HAUS1","HAUS1_HUMAN"
0.0564098359999985,8.792024374,0.832655324497201,0.431884935099013,0.539392223729379,-7.78928828598086,"RSF1_HUMAN",29,0.864649947985722,0.413687685096368,0.522236557986714,0.0564098359999985,"Non-significant",0.282132729647942,"RSF1","RSF1_HUMAN"
0.0140237825000007,12.49133729875,0.745522128726397,0.479667903181889,0.58460392653559,-7.8612944160453,"LAD1_HUMAN",28,0.864317699369575,0.413859081212185,0.522321856976408,0.0140237825000007,"Non-significant",0.282061800382355,"LAD1","LAD1_HUMAN"
1.084359646,8.259047985,0.841144782800401,0.427414129823466,0.534997579489456,-7.78191953074402,"GNAZ_HUMAN",2,0.864278727495752,0.41387918884155,0.522321856976408,1.084359646,"Non-significant",0.282061800382355,"GNAZ","GNAZ_HUMAN"
-0.0452680574999977,10.85757756125,-0.823914987238405,0.436522291549373,0.544055359377446,-7.7968104231808,"NEP_HUMAN",38,-0.864135488490848,0.413953099336609,0.522336927291658,-0.0452680574999977,"Non-significant",0.282049270061732,"MME","NEP_HUMAN"
0.0460436349999966,11.5833982225,1.01969534066829,0.341026367511806,0.449808132874913,-7.6133098268297,"RMXL1_HUMAN",7,0.863844365966869,0.414103345918153,0.522448301563256,0.0460436349999966,"Non-significant",0.281956678339666,"RBMXL1","RMXL1_HUMAN"
-0.0154144774999985,13.22430121625,-0.753505269866229,0.475147194139369,0.580857969456235,-7.85497734931474,"EIF2A_HUMAN",29,-0.862523673690598,0.414785436246295,0.523196417616213,-0.0154144774999985,"Non-significant",0.281335238336,"EIF2A","EIF2A_HUMAN"
0.135955572249999,8.721138119875,1.05796707868637,0.324392065000043,0.433328164165668,-7.57397066202546,"GBRAP_HUMAN",1,0.86245590069837,0.414820460188534,0.523196417616213,0.135955572249999,"Non-significant",0.281335238336,"GABARAP","GBRAP_HUMAN"
-0.0174262549999984,13.134201885,-0.788283708216637,0.455787663751695,0.562906112492752,-7.82679158786568,"SNX9_HUMAN",25,-0.862236925489397,0.414933637315712,0.523233531590166,-0.0174262549999984,"Non-significant",0.281304431889552,"SNX9","SNX9_HUMAN"
0.289232373,7.42256397,0.839534577234861,0.428259578583321,0.535737605799764,-7.78332188979191,"PCAT2_HUMAN",9,0.862158770278491,0.414974037095772,0.523233531590166,0.289232373,"Non-significant",0.281304431889552,"LPCAT2","PCAT2_HUMAN"
0.312846541249998,7.168578326625,0.848273389338213,0.423685468713403,0.5314284384885,-7.77568464826507,"LEG9_HUMAN",3,0.861238943075398,0.415449722534008,0.523754967280759,0.312846541249998,"Non-significant",0.280871845166663,"LGALS9","LEG9_HUMAN"
-0.0237593675000056,17.44221234375,-0.848162880430023,0.423743093496406,0.5314284384885,-7.77578163104515,"NDKB_HUMAN",18,-0.859586356020625,0.416305328573887,0.524755139008418,-0.0237593675000056,"Non-significant",0.280043299611555,"NME2","NDKB_HUMAN"
0.0312118532500048,9.759003400875,0.795857074024048,0.451644498228732,0.559129104392436,-7.82051181761113,"UBP25_HUMAN",54,0.858032281622639,0.417111075398965,0.525692173226357,0.0312118532500048,"Non-significant",0.279268488931562,"USP25","UBP25_HUMAN"
-0.0184364350000017,12.8546826825,-0.775677538327438,0.462741800267953,0.568744624447154,-7.83713240360179,"SPCS_HUMAN",28,-0.857288279219241,0.417497213759469,0.526100166658479,-0.0184364350000017,"Non-significant",0.278931560626627,"SEPSECS","SPCS_HUMAN"
0.0210616549999987,11.5018132925,0.776426450097658,0.462326656561762,0.568615522442336,-7.83652200268896,"ATX2_HUMAN",32,0.855106607648815,0.418630970127806,0.527449992108711,0.0210616549999987,"Non-significant",0.277818709832662,"ATXN2","ATX2_HUMAN"
-0.0262610925000022,11.20096600125,-1.08338931981876,0.313702836604611,0.422666433782011,-7.54725540701557,"S6A12_HUMAN",10,-0.854512155609088,0.418940269836405,0.527760803235848,-0.0262610925000022,"Non-significant",0.277562867944143,"SLC6A12","S6A12_HUMAN"
0.0642664429999993,8.42234170425,0.846651232462195,0.424531902677845,0.532194637432231,-7.77710721808369,"KCD18_HUMAN",12,0.853961662962929,0.419226841697848,0.527973567048306,0.0642664429999993,"Non-significant",0.277387819838197,"KCTD18","KCD18_HUMAN"
0.0568671227500008,9.356803417125,0.85154090748795,0.421984151962891,0.530217962719637,-7.77281240500302,"ANKY2_HUMAN",12,0.853947072969873,0.419234438753626,0.527973567048306,0.0568671227500008,"Non-significant",0.277387819838197,"ANKMY2","ANKY2_HUMAN"
-0.0364956849999984,12.7228467475,-0.811435325727511,0.443204083008067,0.550835626021085,-7.80743673976388,"PUR8_HUMAN",29,-0.852273187700431,0.420106684901541,0.52899301569093,-0.0364956849999984,"Non-significant",0.276550061928733,"ADSL","PUR8_HUMAN"
0.0721971974999995,13.20018684875,0.870637599623946,0.412138838885182,0.521118771625875,-7.7558463154333,"TSTD1_HUMAN",8,0.852114579570895,0.420189400845618,0.529018141856268,0.0721971974999995,"Non-significant",0.276529434254097,"TSTD1","TSTD1_HUMAN"
-0.141882896249999,7.225686073375,-0.854080894642678,0.420665021795232,0.528873718507132,-7.77057345740129,"TNR1A_HUMAN",5,-0.851380800556454,0.420572225240051,0.529421040404479,-0.141882896249999,"Non-significant",0.276198802834477,"TNFRSF1A","TNR1A_HUMAN"
0.522076606499999,7.16888487325,0.829434745605441,0.43358961370719,0.541280635950519,-7.7920676106413,"QPCT_HUMAN",4,0.85099196707083,0.420775186147862,0.529597438261958,0.522076606499999,"Non-significant",0.27605412430738,"QPCT","QPCT_HUMAN"
0.823237776500005,9.05228024725,0.827214521739554,0.434767557145096,0.542429801535822,-7.79397846585352,"MAX_HUMAN",4,0.850365195877757,0.421102490399623,0.529930261507678,0.823237776500005,"Non-significant",0.275781279522196,"MAX","MAX_HUMAN"
0.541191339500001,8.681566,0.835334346965814,0.430470520291456,0.537944553823081,-7.78696956156493,"ZN888_HUMAN;ZNF28_HUMAN;ZN468_HUMAN",1,0.849949940382043,0.421319438990871,0.529989211634611,0.541191339500001,"Non-significant",0.275732970729859,"ZNF888;ZNF28;ZNF468","ZN888_HUMAN;ZNF28_HUMAN;ZN468_HUMAN"
-0.0280797477500023,9.992665170375,-0.788646882015524,0.455588387780002,0.562859462925501,-7.82649159807905,"PTPRM_HUMAN",38,-0.849890723236669,0.421350383201824,0.529989211634611,-0.0280797477500023,"Non-significant",0.275732970729859,"PTPRM","PTPRM_HUMAN"
0.0673727974999991,14.05399632375,0.874931087508285,0.40994835201947,0.518918814038704,-7.75198989345996,"RSMB_HUMAN;RSMN_HUMAN",8,0.849833997912109,0.42138002680875,0.529989211634611,0.0673727974999991,"Non-significant",0.275732970729859,"SNRPB;SNRPN","RSMB_HUMAN;RSMN_HUMAN"
-0.0395119199999989,10.7650047525,-0.859931671125012,0.417637697796629,0.526160707666258,-7.76539545371784,"CCNH_HUMAN",13,-0.84979416832083,0.421400841900008,0.529989211634611,-0.0395119199999989,"Non-significant",0.275732970729859,"CCNH","CCNH_HUMAN"
-0.022910594999999,11.64457059,-0.762022423794561,0.470355641720545,0.575695861230234,-7.84817448028625,"RAPH1_HUMAN",50,-0.848609411197013,0.422020333253507,0.530689152468121,-0.022910594999999,"Non-significant",0.27515978946009,"RAPH1","RAPH1_HUMAN"
-0.0418491374999981,12.49302649375,-1.52863306518141,0.169177088077194,0.262911554036556,-7.01471860741313,"SEP15_HUMAN",5,-0.848480845587821,0.422087596983929,0.530694563689966,-0.0418491374999981,"Non-significant",0.275155361158144,"SELENOF","SEP15_HUMAN"
-0.0143620950000027,13.17997515,-0.891478570661969,0.40158511609459,0.510783302182179,-7.73698418574139,"TIPRL_HUMAN",17,-0.847886329026934,0.422398738373854,0.531006557159316,-0.0143620950000027,"Non-significant",0.274900115979689,"TIPRL","TIPRL_HUMAN"
1.2677739865,12.64261180175,0.825282504164952,0.435794425158875,0.543308861065546,-7.7956378320593,"H2A2B_HUMAN",1,0.847721783550398,0.4224848822227,0.531035650500318,1.2677739865,"Non-significant",0.274876322052537,"H2AC21","H2A2B_HUMAN"
0.0871675014999997,8.5310605765,0.84342502317949,0.426218905274807,0.533977281890807,-7.77992985586144,"HEG1_HUMAN",9,0.846646176577006,0.42304829655224,0.531631573149312,0.0871675014999997,"Non-significant",0.274389234581561,"HEG1","HEG1_HUMAN"
0.0259568674999997,11.85408413375,0.819743950346096,0.438747617650447,0.546263466643371,-7.80037698051035,"SMAD4_HUMAN",20,0.846575886367589,0.423085133786402,0.531631573149312,0.0259568674999997,"Non-significant",0.274389234581561,"SMAD4","SMAD4_HUMAN"
0.0648231499999987,11.3489923475,0.978445073704791,0.359692937142541,0.469175225823808,-7.65449216320383,"SELH_HUMAN",5,0.846223066889706,0.42327007135998,0.531784681993334,0.0648231499999987,"Non-significant",0.274264176635104,"SELENOH","SELH_HUMAN"
0.0699717997500011,7.960338235125,0.866512837550464,0.414251206304663,0.523070905217057,-7.75953673220117,"ENL_HUMAN",8,0.845867730425067,0.423456385985963,0.531878334962934,0.0699717997500011,"Non-significant",0.274187699466361,"MLLT1","ENL_HUMAN"
0.0145976575000013,11.97941982625,0.713374158646315,0.498160717814585,0.600543004928367,-7.88614682547966,"UBF1_HUMAN",35,0.845840214808381,0.423470815747568,0.531878334962934,0.0145976575000013,"Non-significant",0.274187699466361,"UBTF","UBF1_HUMAN"
-0.0254292474999929,17.38001513625,-0.947372124518955,0.374264048437759,0.483474584564272,-7.68465376502285,"ATPO_HUMAN",12,-0.845107523560971,0.423855182035831,0.532281783280695,-0.0254292474999929,"Non-significant",0.273858396791834,"ATP5PO","ATPO_HUMAN"
0.0465281024999982,10.67204296625,0.822195543810394,0.437438684362176,0.544955759752997,-7.79828249460363,"TRM11_HUMAN",18,0.843054482878071,0.424933508973066,0.533556464640842,0.0465281024999982,"Non-significant",0.272819613757157,"TRMT11","TRM11_HUMAN"
0.0644264199999984,11.96526456,0.974180641696625,0.361666643127448,0.4712456538756,-7.65867581162104,"TMUB1_HUMAN",5,0.84209573611458,0.425437737622374,0.534110022403782,0.0644264199999984,"Non-significant",0.27236927255732,"TMUB1","TMUB1_HUMAN"
0.0455665587500018,9.612054109625,0.82604216338426,0.435390462569937,0.542885533876035,-7.79498576031307,"DJC21_HUMAN",16,0.840926844012302,0.426053057133846,0.534802862037407,0.0455665587500018,"Non-significant",0.27180627724452,"DNAJC21","DJC21_HUMAN"
-0.014647962499998,13.31149387375,-0.730797867425009,0.488080792928983,0.591911832869376,-7.87279432376093,"SAHH2_HUMAN",29,-0.840686020107955,0.426179907701318,0.534882436273735,-0.014647962499998,"Non-significant",0.271741662629629,"AHCYL1","SAHH2_HUMAN"
-0.0484430790000001,9.802303195,-1.0317541093018,0.335714460251837,0.444279774757306,-7.60103040968024,"MED9_HUMAN",6,-0.839750911349186,0.426672715026355,0.535421217054808,-0.0484430790000001,"Non-significant",0.271304423086977,"MED9","MED9_HUMAN"
-0.0576896670000018,8.7261595725,-1.16977398925675,0.279487457933065,0.386470831954936,-7.45314345962986,"MED11_HUMAN",4,-0.838878252771698,0.427132972388749,0.535918997360043,-0.0576896670000018,"Non-significant",0.270900847728913,"MED11","MED11_HUMAN"
0.41085922725,6.361977159875,0.818604560175455,0.439356884710192,0.546860481574455,-7.80134863935555,"DJC28_HUMAN",4,0.838329252560695,0.427422704830161,0.536202705612952,0.41085922725,"Non-significant",0.27067099895103,"DNAJC28","DJC28_HUMAN"
0.0217540249999999,11.9475063075,0.736226339640873,0.484967901900885,0.589189167645224,-7.86857752358609,"LRBA_HUMAN",110,0.838176374165562,0.427503410321779,0.536203903786333,0.0217540249999999,"Non-significant",0.270670028498064,"LRBA","LRBA_HUMAN"
-0.0277009025000012,11.49026775375,-0.784564023785674,0.457832123865614,0.564991113752405,-7.82985744072146,"SAFB2_HUMAN",31,-0.83808644732737,0.42755088828425,0.536203903786333,-0.0277009025000012,"Non-significant",0.270670028498064,"SAFB2","SAFB2_HUMAN"
0.18126416225,7.415125131625,0.815792894437377,0.4408629037504,0.54849201707928,-7.80374159971673,"CC120_HUMAN",11,0.837058798748924,0.428093710982872,0.536804803611221,0.18126416225,"Non-significant",0.270183606526635,"CCDC120","CC120_HUMAN"
-0.0333185174999997,10.09816837375,-0.82849160366143,0.434089723987356,0.541824712496583,-7.79287985043002,"RMP_HUMAN",16,-0.835416030689673,0.428962456218796,0.537814151936373,-0.0333185174999997,"Non-significant",0.269367774022329,"URI1","RMP_HUMAN"
0.0661768915000014,8.53191876425,0.822014790175881,0.437535097057709,0.544995320392999,-7.79843709585233,"SPAS2_HUMAN",13,0.834651698668028,0.429367079537819,0.538241391050607,0.0661768915000014,"Non-significant",0.269022907810312,"SPATS2","SPAS2_HUMAN"
0.3148647545,6.39175647475,0.809936870247763,0.444011154377879,0.551513412945939,-7.80870360054334,"ACSM1_HUMAN",16,0.833499800154324,0.429977379068164,0.538926294151011,0.3148647545,"Non-significant",0.268470626709949,"ACSM1","ACSM1_HUMAN"
1.4608927945,9.883749306,0.808377931537076,0.444851888117818,0.552313531439843,-7.81001952770571,"EXPH5_HUMAN",18,0.832079362777618,0.430730792889561,0.539790343928949,1.4608927945,"Non-significant",0.267774888612186,"EXPH5","EXPH5_HUMAN"
0.291873931750001,7.634585499875,0.812166787286698,0.442810487947574,0.550442463694776,-7.80681762230076,"TISD_HUMAN",6,0.831738495204875,0.43091172986175,0.539936817452757,0.291873931750001,"Non-significant",0.267657057653032,"ZFP36L2","TISD_HUMAN"
-0.0277872074999959,10.72549056875,-0.780142070194399,0.460270731624618,0.567227656419759,-7.83348623061579,"NOL11_HUMAN",30,-0.831287795062894,0.431151049093471,0.540134462037794,-0.0277872074999959,"Non-significant",0.267498112673664,"NOL11","NOL11_HUMAN"
-0.0396213549999977,11.3442816725,-0.830749246016187,0.432893265206809,0.540571456656029,-7.79093428333269,"SRFB1_HUMAN",14,-0.831200097807908,0.431197626652309,0.540134462037794,-0.0396213549999977,"Non-significant",0.267498112673664,"SRFBP1","SRFB1_HUMAN"
0.0298428499999979,10.96582675,0.80511286985632,0.446616319180491,0.553933042138369,-7.81276877663561,"SMCE1_HUMAN",20,0.830721627666167,0.431451812609048,0.540372559952699,0.0298428499999979,"Non-significant",0.267306712506584,"SMARCE1","SMCE1_HUMAN"
0.0824468137499998,8.188002228625,0.815241364991418,0.441158743861685,0.548779080875169,-7.80421019536303,"MON1A_HUMAN",12,0.829519189153126,0.432091067532771,0.541092795756014,0.0824468137499998,"Non-significant",0.266728248333613,"MON1A","MON1A_HUMAN"
-0.0160582075000058,13.73752748875,-0.707187265517976,0.501772282576409,0.603601908068581,-7.89082089762419,"SCFD1_HUMAN",41,-0.828625782835053,0.432566459656317,0.541607648312997,-0.0160582075000058,"Non-significant",0.266315211389608,"SCFD1","SCFD1_HUMAN"
-0.0190696725000024,18.12754535625,-0.777662015957366,0.461642300715414,0.568221809686073,-7.83551386653898,"ST2A1_HUMAN",23,-0.828295784156424,0.432742148285434,0.541654253265173,-0.0190696725000024,"Non-significant",0.266277842266698,"SULT2A1","ST2A1_HUMAN"
-0.0216076375000007,11.79045164625,-0.765867365888267,0.468203264204573,0.573783849081178,-7.84508212838842,"KBP_HUMAN",28,-0.828265713192682,0.432758160301678,0.541654253265173,-0.0216076375000007,"Non-significant",0.266277842266698,"KIFBP","KBP_HUMAN"
0.016571042499999,12.87712979375,0.684607300364451,0.515095967582443,0.615675540378958,-7.9075781040177,"U520_HUMAN",130,0.828193780898167,0.43279646408126,0.541654253265173,0.016571042499999,"Non-significant",0.266277842266698,"SNRNP200","U520_HUMAN"
-0.559404849999998,7.369732976,-0.806548301970738,0.445840017273802,0.553377338477526,-7.8115612557455,"GBG10_HUMAN",4,-0.827983079744462,0.432908675585188,0.541714255716679,-0.559404849999998,"Non-significant",0.266229735397429,"GNG10","GBG10_HUMAN"
-0.0291609750000017,11.7817583075,-0.797329564538353,0.450841966942472,0.558270447973864,-7.81928499806816,"GALNS_HUMAN",21,-0.826667838817036,0.433609582700224,0.5425107870833,-0.0291609750000017,"Non-significant",0.265591622043161,"GALNS","GALNS_HUMAN"
-0.0474422000000025,12.3563174025,-0.840615401678191,0.427691953841007,0.53526584690807,-7.78238082224925,"ASPG_HUMAN",11,-0.825552486006139,0.434204587451836,0.543174601904352,-0.0474422000000025,"Non-significant",0.265060545264127,"AGA","ASPG_HUMAN"
0.0466861750000032,10.3518202325,1.02468417036045,0.338820861381399,0.447426138271003,-7.60824274123357,"T106B_HUMAN",6,0.824476890778057,0.434778921953114,0.543812365802463,0.0466861750000032,"Non-significant",0.264550921171626,"TMEM106B","T106B_HUMAN"
0.294660091500002,6.8810533285,0.803512348579666,0.447483009736064,0.554763095906058,-7.81411305870071,"S2529_HUMAN",6,0.82304064468213,0.435546658032742,0.544691807204449,0.294660091500002,"Non-significant",0.263849156969677,"SLC25A29","S2529_HUMAN"
-0.503769636249999,7.128547430125,-0.801928428286474,0.448341858594875,0.555501032793797,-7.81544119895971,"T161B_HUMAN",4,-0.822760251127956,0.435696650680084,0.544798556383686,-0.503769636249999,"Non-significant",0.263764051894518,"TMEM161B","T161B_HUMAN"
-0.0198979399999963,18.3699500575,-0.738298471285384,0.483783130042021,0.588088838062329,-7.86696083242043,"ATPB_HUMAN",36,-0.822331098080868,0.435926289790427,0.545004849694974,-0.0198979399999963,"Non-significant",0.263599633161165,"ATP5F1B","ATPB_HUMAN"
-0.0473160740000012,9.765878439,-0.836052013426265,0.430092179101071,0.537710913325857,-7.78634737247807,"CHM4C_HUMAN",11,-0.821275193512005,0.436491661188943,0.545630759626517,-0.0473160740000012,"Non-significant",0.263101154554823,"CHMP4C","CHM4C_HUMAN"
0.112942099250001,7.867892325125,0.812454752144982,0.442655602702262,0.550442463694776,-7.80657375829535,"HMBX1_HUMAN",8,0.820929841284565,0.436676686525821,0.545711996298156,0.112942099250001,"Non-significant",0.263036499086879,"HMBOX1","HMBX1_HUMAN"
-0.203222040000002,13.4723168625,-0.836345730198821,0.429937404707992,0.537597149426445,-7.7860926046842,"MT1E_HUMAN",2,-0.820867161589424,0.436710273542257,0.545711996298156,-0.203222040000002,"Non-significant",0.263036499086879,"MT1E","MT1E_HUMAN"
0.0313317777500011,9.913857817625,0.803790478756286,0.447332317097347,0.554657855371218,-7.81387961668194,"PRUN1_HUMAN",18,0.820704740905197,0.436797315287757,0.545711996298156,0.0313317777500011,"Non-significant",0.263036499086879,"PRUNE1","PRUN1_HUMAN"
0.434590697250001,7.945518314875,0.805320083008073,0.446504197448562,0.553875479071954,-7.8125945746022,"F161B_HUMAN",2,0.820670591870771,0.436815617395143,0.545711996298156,0.434590697250001,"Non-significant",0.263036499086879,"FAM161B","F161B_HUMAN"
0.0169250949999995,11.303032995,0.791339347122659,0.454112880075341,0.561684405605099,-7.82426394159952,"TMLH_HUMAN",20,0.820491528547335,0.436911594756346,0.545751012477955,0.0169250949999995,"Non-significant",0.263005449914414,"TMLHE","TMLH_HUMAN"
-0.0489978799999999,11.1193726075,-1.10370654453918,0.305364715638465,0.414212936613554,-7.52557772594617,"DDA1_HUMAN",5,-0.818288140449768,0.438093803494976,0.547146639451645,-0.0489978799999999,"Non-significant",0.261896263849523,"DDA1","DDA1_HUMAN"
0.0863971674999959,11.09737587125,0.962309081056193,0.367204722278305,0.476546359366256,-7.67024856268115,"UB2D4_HUMAN",3,0.817005184113434,0.438783184699191,0.54792643908585,0.0863971674999959,"Non-significant",0.261277743054873,"UBE2D4","UB2D4_HUMAN"
0.0374932290000007,9.71368479725,0.913836971004409,0.390484476844328,0.499082724247196,-7.71635273535998,"PRCC_HUMAN",9,0.81669949457636,0.438947554258861,0.548050501384675,0.0374932290000007,"Non-significant",0.261179420599294,"PRCC","PRCC_HUMAN"
0.0379567144999999,8.77618646625,0.777883789239803,0.46151953791658,0.568221809686073,-7.83533277161379,"RPGF2_HUMAN",31,0.81611539988686,0.439261741262848,0.548361554665958,0.0379567144999999,"Non-significant",0.260933000968066,"RAPGEF2","RPGF2_HUMAN"
0.0868859300000011,10.2603924275,0.894316644097434,0.400163348726792,0.509282329219104,-7.73438790489543,"HIG2A_HUMAN",4,0.815824336021822,0.439418363932819,0.548475846229785,0.0868859300000011,"Non-significant",0.260842493121347,"HIGD2A","HIG2A_HUMAN"
0.0590126512499971,8.714031338625,0.784513359016617,0.457860014177575,0.564991113752405,-7.82989911560337,"ZN318_HUMAN",38,0.815569273979253,0.439555645689632,0.548565966466969,0.0590126512499971,"Non-significant",0.260771139921584,"ZNF318","ZN318_HUMAN"
-0.0289483069999985,9.8116493225,-0.75918094426188,0.471950564913853,0.577285054659537,-7.85045127922261,"SLMAP_HUMAN",41,-0.815134281933259,0.439789839527235,0.548776988508521,-0.0289483069999985,"Non-significant",0.260604107894048,"SLMAP","SLMAP_HUMAN"
0.0459353922500032,9.809544920625,0.864796201521639,0.415132626728986,0.523903714732538,-7.76106841870514,"MAP12_HUMAN",9,0.814357980437228,0.440208004507099,0.549217476315918,0.0459353922500032,"Non-significant",0.260255651794333,"METAP1D","MAP12_HUMAN"
0.280654669,7.02046978475,0.803164725694965,0.447671403452367,0.554833445037495,-7.81440473296904,"LIN37_HUMAN",3,0.814185306339305,0.440301055093328,0.549252270738739,0.280654669,"Non-significant",0.260228138927678,"LIN37","LIN37_HUMAN"
0.147177815500001,8.3899893165,0.933252631735393,0.381030709277829,0.489888323444604,-7.69810929202977,"PGAM2_HUMAN",1,0.813435219643951,0.440705419714629,0.549675345187127,0.147177815500001,"Non-significant",0.259893742185283,"PGAM2","PGAM2_HUMAN"
-0.122486357499998,14.01459562875,-0.835427477453144,0.43042141022631,0.537944553823081,-7.78688884584461,"APOC1_HUMAN",4,-0.812568835099161,0.441172799144244,0.550176878826281,-0.122486357499998,"Non-significant",0.259497664780855,"APOC1","APOC1_HUMAN"
0.413500666749998,7.674292266125,0.790307157997165,0.454678144982598,0.56211236199154,-7.82511869427236,"APBP2_HUMAN",8,0.812400281581643,0.441263766773532,0.55020891865889,0.413500666749998,"Non-significant",0.259472374155442,"APPBP2","APBP2_HUMAN"
0.0527651299999974,10.804492355,0.828120323470601,0.434286710478192,0.54191009365221,-7.79319939009346,"GPN1_HUMAN",10,0.812087432693647,0.441432644389257,0.55033808010014,0.0527651299999974,"Non-significant",0.25937043557121,"GPN1","GPN1_HUMAN"
0.018740655000002,19.0899081225,0.723635807563799,0.492207862744799,0.595239609049629,-7.87831660295157,"ALDOB_HUMAN",36,0.811777064804755,0.441600226897341,0.550465588955588,0.018740655000002,"Non-significant",0.259269824728207,"ALDOB","ALDOB_HUMAN"
0.0287055975000001,11.28126406625,0.768061468582506,0.466978004130684,0.572924882017317,-7.84331156938579,"CAP2_HUMAN",27,0.810928176546361,0.442058806976043,0.550955742126433,0.0287055975000001,"Non-significant",0.258883286306569,"CAP2","CAP2_HUMAN"
0.0187475699999986,13.5236896275,0.711409721281781,0.499305616406204,0.601707321578194,-7.88763474825609,"MTREX_HUMAN",46,0.809583983792452,0.44278562944922,0.551761471081965,0.0187475699999986,"Non-significant",0.258248629120883,"MTREX","MTREX_HUMAN"
0.0557229474999978,11.57517921875,0.784929250956579,0.457631105366603,0.564934473804203,-7.82955695193241,"ASM_HUMAN",21,0.809490509972492,0.442836202618281,0.551761471081965,0.0557229474999978,"Non-significant",0.258248629120883,"SMPD1","ASM_HUMAN"
0.341319918749999,6.867089569625,0.788465151655698,0.455688097004531,0.562865616889096,-7.82664172598865,"SNX16_HUMAN",6,0.808739524422209,0.443242661264724,0.552186283151103,0.341319918749999,"Non-significant",0.257914385863679,"SNX16","SNX16_HUMAN"
-0.0254006424999993,18.96044945625,-0.747676325943648,0.478445204976842,0.583764203744469,-7.85959546474727,"G3P_HUMAN",37,-0.808615318849205,0.44330991029637,0.552188448926867,-0.0254006424999993,"Non-significant",0.257912682484498,"GAPDH","G3P_HUMAN"
0.731426000499999,8.92269885525,0.78799575609465,0.45594570759482,0.563018805935649,-7.82702936030177,"NDC80_HUMAN",2,0.808342024570708,0.443457905694906,0.552291177172335,0.731426000499999,"Non-significant",0.25783189455647,"NDC80","NDC80_HUMAN"
-0.557278395000001,6.857086897,-0.792133839896721,0.453678115866812,0.561370058520457,-7.82360538686362,"MZT2A_HUMAN",1,-0.807396104824909,0.443970406930888,0.552796004216688,-0.557278395000001,"Non-significant",0.257435104839565,"MZT2A","MZT2A_HUMAN"
-0.034176350000001,11.909644365,-0.824240928365814,0.43634873053619,0.543919469046073,-7.79653108761756,"LRC57_HUMAN",13,-0.807351806405459,0.443994417908053,0.552796004216688,-0.034176350000001,"Non-significant",0.257435104839565,"LRRC57","LRC57_HUMAN"
-0.126496795000003,12.68244791,-0.848279705375553,0.423682175389696,0.5314284384885,-7.77567910498937,"RIN1_HUMAN",3,-0.807119071292405,0.444120581524392,0.552871419534648,-0.126496795000003,"Non-significant",0.257375860159315,"RIN1","RIN1_HUMAN"
0.084442138750001,8.823641300375,0.789696184422761,0.455012964504177,0.562361331056555,-7.82562419827551,"B3GN2_HUMAN",12,0.804495492320441,0.445544508664273,0.554562118064259,0.084442138750001,"Non-significant",0.25604980024239,"B3GNT2","B3GN2_HUMAN"
0.0174813300000061,17.61720252,0.766400886370193,0.467905128804394,0.573585272061117,-7.84465199268474,"ETFA_HUMAN",21,0.803854556606944,0.445892848476161,0.554816041507243,0.0174813300000061,"Non-significant",0.255850990573949,"ETFA","ETFA_HUMAN"
0.105482334999998,12.302106975,0.949130912088001,0.373427543053152,0.482812752418516,-7.68296666617537,"FBLL1_HUMAN",2,0.80379828262098,0.445923441560449,0.554816041507243,0.105482334999998,"Non-significant",0.255850990573949,"FBLL1","FBLL1_HUMAN"
-0.483107686,9.23201030475,-0.781851628241113,0.459326898771384,0.566281472830773,-7.832085364604,"TM7S3_HUMAN",7,-0.803756822881685,0.445945981873481,0.554816041507243,-0.483107686,"Non-significant",0.255850990573949,"TM7SF3","TM7S3_HUMAN"
-0.0217177850000034,10.6120649575,-0.937048525323107,0.379202598145459,0.488217261002735,-7.69450740784783,"TLS1_HUMAN",12,-0.80250456985718,0.446627160283755,0.555553502024471,-0.0217177850000034,"Non-significant",0.255274110413267,"C9orf78","TLS1_HUMAN"
0.0173437599999993,13.56188476,0.744132107433317,0.480457966968699,0.585397543159752,-7.8623884568794,"EPN4_HUMAN",24,0.802424844528905,0.44667055204886,0.555553502024471,0.0173437599999993,"Non-significant",0.255274110413267,"CLINT1","EPN4_HUMAN"
0.0537099837500001,7.693136096125,0.775927619176045,0.462603144931751,0.568740068353228,-7.83692863043417,"UBP38_HUMAN",22,0.801203989487139,0.447335383312735,0.556298310112577,0.0537099837500001,"Non-significant",0.254692259329166,"USP38","UBP38_HUMAN"
0.0545012974999999,10.57109653875,0.783215193562985,0.458575034506935,0.56568549185701,-7.83096616341093,"ATG4A_HUMAN",16,0.800584047009701,0.447673240341471,0.556636339111707,0.0545012974999999,"Non-significant",0.254428444856929,"ATG4A","ATG4A_HUMAN"
-0.0453941799999971,11.1258891825,-1.56769638596601,0.159908432296038,0.252079329684553,-6.96312507074859,"CREB1_HUMAN",4,-0.799332842039784,0.448355656695667,0.557402629835955,-0.0453941799999971,"Non-significant",0.253830986608453,"CREB1","CREB1_HUMAN"
1.13317990475,8.458396793375,0.7762974903252,0.462398124660181,0.568615522442336,-7.83662714688805,"NDKM_HUMAN",7,0.798879331116612,0.448603180884962,0.557622259653405,1.13317990475,"Non-significant",0.253659898016777,"NME4","NDKM_HUMAN"
0.0943548679999999,9.28146708,1.00077260472844,0.349493777440486,0.458717385556813,-7.63236081235746,"S39A1_HUMAN",2,0.798766771624156,0.448664629845699,0.557622259653405,0.0943548679999999,"Non-significant",0.253659898016777,"SLC39A1","S39A1_HUMAN"
-0.0733354092499994,8.413617253375,-1.02174257272498,0.340119955661408,0.448763793942928,-7.61123271212138,"GDN_HUMAN",3,-0.798392016559024,0.448869259306363,0.55779433682638,-0.0733354092499994,"Non-significant",0.253525899352039,"SERPINE2","GDN_HUMAN"
0.389817953000003,8.49550783625,0.775485271280785,0.462848420429228,0.568792730106132,-7.83728903065241,"ACK1_HUMAN",19,0.798212779208538,0.448967151811271,0.557833744489564,0.389817953000003,"Non-significant",0.25349521792521,"TNK2","ACK1_HUMAN"
0.0469195839999976,8.85986721525,0.810679565200219,0.443611009359846,0.551178832236755,-7.80807593677222,"SEPT5_HUMAN",11,0.797912625368174,0.449131116972543,0.557955222544077,0.0469195839999976,"Non-significant",0.253400653002067,"SEPTIN5","SEPT5_HUMAN"
0.0603668724999995,14.13207614375,0.790318326635387,0.454672026035769,0.56211236199154,-7.82510945056962,"VPS29_HUMAN",12,0.797339639936431,0.449444235814057,0.558261930986838,0.0603668724999995,"Non-significant",0.253161986561266,"VPS29","VPS29_HUMAN"
-0.0246956350000005,10.9235259275,-0.730412950835096,0.488302017237527,0.591959974585807,-7.87309230433925,"BRE1B_HUMAN",46,-0.797158724049815,0.449543131795578,0.558302498586257,-0.0246956350000005,"Non-significant",0.253130428535392,"RNF40","BRE1B_HUMAN"
0.0327472689999979,9.38413000125,0.783305522652471,0.458525257167491,0.56568549185701,-7.8308919641489,"REL_HUMAN",17,0.796214217796737,0.450059679181736,0.55883651624968,0.0327472689999979,"Non-significant",0.252715223374623,"REL","REL_HUMAN"
0.0509893924999982,15.54521930125,0.777435399169543,0.461767767625342,0.568264208957923,-7.8356988715183,"PSB2_HUMAN",17,0.796130069324166,0.450105719399582,0.55883651624968,0.0509893924999982,"Non-significant",0.252715223374623,"PSMB2","PSB2_HUMAN"
0.0351378949999983,12.6966995025,0.765626688225026,0.468337798764388,0.573865286492954,-7.84527608469853,"TS101_HUMAN",23,0.795616791484598,0.450386619250325,0.558975478698129,0.0351378949999983,"Non-significant",0.252607243454678,"TSG101","TS101_HUMAN"
-0.182154536250001,6.995697796375,-0.778061572533869,0.461421141883744,0.568198510582626,-7.83518756641203,"RFIP3_HUMAN",8,-0.795600800785289,0.45039537235214,0.558975478698129,-0.182154536250001,"Non-significant",0.252607243454678,"RAB11FIP3","RFIP3_HUMAN"
0.0673418024999997,11.36145973125,0.812937549889266,0.442396009150584,0.550236972278335,-7.80616473816527,"ESPN_HUMAN",8,0.795562036897056,0.450416591685572,0.558975478698129,0.0673418024999997,"Non-significant",0.252607243454678,"ESPN","ESPN_HUMAN"
0.0402262240000031,10.126720548,0.771598779443592,0.465007225886159,0.571029415354667,-7.84044805282551,"RIPK2_HUMAN",20,0.795192030989816,0.450619167139387,0.559144554661843,0.0402262240000031,"Non-significant",0.25247590020631,"RIPK2","RIPK2_HUMAN"
-0.0166327950000031,13.688807845,-0.866443944528778,0.414286553948164,0.523070905217057,-7.75959825014022,"FN3K_HUMAN",15,-0.793884216313248,0.451335684872463,0.559951205150131,-0.0166327950000031,"Non-significant",0.251849816310472,"FN3K","FN3K_HUMAN"
0.0744483500000008,11.7408982525,0.770640795250103,0.465540399695662,0.57151762729897,-7.8412246587288,"AMRA1_HUMAN",20,0.793519738499813,0.45153551140493,0.560114100870804,0.0744483500000008,"Non-significant",0.251723493831358,"AMBRA1","AMRA1_HUMAN"
-0.0332632074999992,14.58513736625,-0.791595465172058,0.453972695253703,0.561652113355858,-7.82405170602324,"PPIE_HUMAN",15,-0.793402346630892,0.451599884863921,0.560114100870804,-0.0332632074999992,"Non-significant",0.251723493831358,"PPIE","PPIE_HUMAN"
-0.0136168025000032,15.82266485625,-0.644545174814875,0.539280045660707,0.637483488115253,-7.93612921561321,"PLST_HUMAN",52,-0.793085753364404,0.451773524406768,0.560247026221075,-0.0136168025000032,"Non-significant",0.251620440012366,"PLS3","PLST_HUMAN"
-0.0226116199999975,15.4765684625,-0.865420443526186,0.414811948363593,0.523655820391901,-7.76051171714224,"FKBP3_HUMAN",13,-0.792745659339042,0.451960104004725,0.560395957142664,-0.0226116199999975,"Non-significant",0.251505006500049,"FKBP3","FKBP3_HUMAN"
-0.0623621937500012,8.920841455375,-0.86118521729055,0.416991125677928,0.52546243060835,-7.76428231138773,"MED31_HUMAN",6,-0.792225962514902,0.452245317384541,0.560667124611604,-0.0623621937500012,"Non-significant",0.251294908532065,"MED31","MED31_HUMAN"
1.3278095705,9.3091483115,0.769509952836403,0.466170312390156,0.572116679980318,-7.84214034330238,"CLH2_HUMAN",6,0.791899085672905,0.452424772656516,0.560807118929672,1.3278095705,"Non-significant",0.251186482038098,"CLTCL1","CLH2_HUMAN"
0.0280249175000016,13.81374132625,0.782397319387093,0.459025905855741,0.566075985436436,-7.83163766382048,"PIPNA_HUMAN",17,0.791742628271931,0.452510684900831,0.56083113704295,0.0280249175000016,"Non-significant",0.251167882576091,"PITPNA","PIPNA_HUMAN"
0.0237390975000018,12.59726941625,0.750154042933101,0.477041452534453,0.582582208550117,-7.85763618004289,"PALMD_HUMAN",24,0.791457101708768,0.452667498925862,0.560943009180548,0.0237390975000018,"Non-significant",0.251081260055217,"PALMD","PALMD_HUMAN"
0.253888487750001,7.349234640625,0.789703950368179,0.455008707626905,0.562361331056555,-7.82561777498985,"TM104_HUMAN",2,0.790627906174505,0.453123111380122,0.561425063328391,0.253888487750001,"Non-significant",0.250708203347016,"TMEM104","TM104_HUMAN"
-0.0501255987499993,7.924146056125,-0.779275064171396,0.460749904144098,0.567537767357972,-7.83419569437556,"TYDP1_HUMAN",14,-0.789560296713897,0.453710183579097,0.562069832067637,-0.0501255987499993,"Non-significant",0.250209723937011,"TDP1","TYDP1_HUMAN"
0.459604501499999,8.8044315575,0.767162551554831,0.46747972680082,0.573230523305806,-7.84403748143348,"ORC2_HUMAN",10,0.789204497971416,0.453905950262412,0.562229721493294,0.459604501499999,"Non-significant",0.250086199747171,"ORC2","ORC2_HUMAN"
0.100595950750003,8.382445573625,0.781045866566079,0.459771588253876,0.566746814476736,-7.83274595334832,"PIGX_HUMAN",8,0.786836638237496,0.455210252483587,0.56376244757334,0.100595950750003,"Non-significant",0.248903856018223,"PIGX","PIGX_HUMAN"
0.0446531775000025,9.69984662525,0.834217714645451,0.43105965774652,0.538600927237684,-7.78793676459178,"AKA7G_HUMAN",9,0.786542102164236,0.455372671552752,0.563880747541963,0.0446531775000025,"Non-significant",0.248812733180799,"AKAP7","AKA7G_HUMAN"
0.0181324474999993,13.86584603875,0.795785048996244,0.451683778318041,0.559129104392436,-7.82057177723198,"VA0D1_HUMAN",17,0.786159443237447,0.455583743928934,0.563946559291059,0.0181324474999993,"Non-significant",0.248762048684447,"ATP6V0D1","VA0D1_HUMAN"
0.0195114624999988,13.98554575375,0.703873953161494,0.503713350110153,0.605073368687257,-7.89330948147569,"BAZ1B_HUMAN",40,0.786087960177374,0.455623180924728,0.563946559291059,0.0195114624999988,"Non-significant",0.248762048684447,"BAZ1B","BAZ1B_HUMAN"
-0.0195093124999985,13.14012622875,-0.79110300879523,0.454242264990037,0.56173827048137,-7.82445973531335,"SH3G1_HUMAN",17,-0.786081879681325,0.455626535623693,0.563946559291059,-0.0195093124999985,"Non-significant",0.248762048684447,"SH3GL1","SH3G1_HUMAN"
-0.0144367225000011,12.41497921875,-0.668570769602413,0.524693636506584,0.624578825323259,-7.91918934659245,"OPTN_HUMAN",37,-0.785828320347313,0.455766442971249,0.564036903216071,-0.0144367225000011,"Non-significant",0.248692480522334,"OPTN","OPTN_HUMAN"
-0.271660208749999,6.134483754625,-0.770937663993491,0.465375130695521,0.571397957266212,-7.8409840844787,"MARH7_HUMAN",4,-0.785430864923646,0.455985807095908,0.564184982951406,-0.271660208749999,"Non-significant",0.24857847774842,"MARCHF7","MARH7_HUMAN"
-0.0323250274999989,12.77383649375,-0.839948222330481,0.428042278309797,0.535624757107079,-7.78296184879593,"F107B_HUMAN",11,-0.785368986696259,0.456019965458291,0.564184982951406,-0.0323250274999989,"Non-significant",0.24857847774842,"FAM107B","F107B_HUMAN"
0.0502660274999993,12.65415799625,1.19624496931256,0.269640423720262,0.376104440102282,-7.42331613964025,"RAP2C_HUMAN",4,0.784999020821953,0.456224232321007,0.564354865605191,0.0502660274999993,"Non-significant",0.248447726318134,"RAP2C","RAP2C_HUMAN"
0.218665361500001,6.95270788675,0.763953713059181,0.469273683888465,0.574844918107233,-7.84662286459389,"SGSM3_HUMAN",10,0.784380516117964,0.456565862014828,0.564694592945413,0.218665361500001,"Non-significant",0.248186370692753,"SGSM3","SGSM3_HUMAN"
0.0160727499999958,16.6370170125,0.729886381341593,0.488604761013729,0.592080550322835,-7.87349972549663,"ECI2_HUMAN",23,0.784095320437132,0.456723447675562,0.564748559411278,0.0160727499999958,"Non-significant",0.248144868226157,"ECI2","ECI2_HUMAN"
0.0467810649999976,13.261542795,0.786983896244599,0.456501369780665,0.563622388440197,-7.82786431019961,"S22A1_HUMAN",12,0.784002606230416,0.456774685113484,0.564748559411278,0.0467810649999976,"Non-significant",0.248144868226157,"SLC22A1","S22A1_HUMAN"
0.0331630705000023,8.848585844,0.755624008503978,0.473952193454581,0.57956521668775,-7.85329114590353,"N4BP1_HUMAN",22,0.783937809012816,0.456810496863933,0.564748559411278,0.0331630705000023,"Non-significant",0.248144868226157,"N4BP1","N4BP1_HUMAN"
-0.490723728999996,8.52289885275,-0.763398347505666,0.469584641809873,0.574925915726266,-7.84706939225772,"TSN4_HUMAN",4,-0.783343595733933,0.457138992022753,0.56507179406948,-0.490723728999996,"Non-significant",0.24789637025599,"TSPAN4","TSN4_HUMAN"
0.183135748,8.26737177375,0.760496191215421,0.471211864666619,0.576558845688816,-7.84939830764369,"MALT1_HUMAN",18,0.782629747489368,0.457533835963314,0.56547693597284,0.183135748,"Non-significant",0.247585103884407,"MALT1","MALT1_HUMAN"
-0.131887675,10.4524210675,-0.812147591788573,0.442820813813255,0.550442463694776,-7.80683387551743,"HTD2_HUMAN",3,-0.781709732728508,0.458043055583717,0.566023297979058,-0.131887675,"Non-significant",0.247165692529918,"HTD2","HTD2_HUMAN"
0.0434710949999992,10.8996840725,0.750470772073069,0.476862207866337,0.582516701404121,-7.85738532333027,"KDM4B_HUMAN",28,0.781248328097991,0.458298583240784,0.566256047806592,0.0434710949999992,"Non-significant",0.246987146542018,"KDM4B","KDM4B_HUMAN"
0.0524091700000007,10.59855175,0.769399275982589,0.466231993686653,0.572116679980318,-7.84222990120099,"JMJD6_HUMAN",14,0.780869527435131,0.458508436636085,0.566432304324426,0.0524091700000007,"Non-significant",0.246851986268552,"JMJD6","JMJD6_HUMAN"
0.0398113727499982,9.857480406875,0.745818932991901,0.479499316924259,0.584567506849086,-7.86106058453289,"IKKA_HUMAN",31,0.779985178346683,0.458998614092918,0.566954765268055,0.0398113727499982,"Non-significant",0.246451590098546,"CHUK","IKKA_HUMAN"
0.366424560499999,6.7302093505,0.75853261464302,0.472314981614659,0.577646979110557,-7.85096975364624,"NET1_HUMAN",8,0.779558192923156,0.459235410649074,0.567164143056564,0.366424560499999,"Non-significant",0.246291233686977,"NTN1","NET1_HUMAN"
-0.0245027524999983,12.88171505875,-0.904774672102421,0.394956159532256,0.503948753965696,-7.72476405549498,"B4GT1_HUMAN",11,-0.77937449839692,0.459337308933412,0.567192480328291,-0.0245027524999983,"Non-significant",0.24626953553581,"B4GALT1","B4GT1_HUMAN"
-0.0422353750000006,11.49827528,-0.779874131192346,0.460418778474235,0.567227656419759,-7.83370555390746,"MINY3_HUMAN",13,-0.779274228542535,0.459392936671164,0.567192480328291,-0.0422353750000006,"Non-significant",0.24626953553581,"MINDY3","MINY3_HUMAN"
-0.0637786385000005,8.217159152,-0.766137605671128,0.468052236068529,0.573682172142159,-7.84486428702278,"GRK6_HUMAN",13,-0.778594694663345,0.459770048691094,0.567574947337029,-0.0637786385000005,"Non-significant",0.245976782477086,"GRK6","GRK6_HUMAN"
0.181343078250002,8.251993179375,0.773337025407815,0.464040849523577,0.570091870082238,-7.83903682960462,"PKRI1_HUMAN",4,0.777981749170116,0.460110386443917,0.56791191204214,0.181343078250002,"Non-significant",0.245719021825585,"PRKRIP1","PKRI1_HUMAN"
-0.0989644529999971,9.7079194785,-0.777356270637011,0.46181158279295,0.568264208957923,-7.83576345959327,"PG12A_HUMAN",7,-0.77720556270194,0.460541607829885,0.568360938857702,-0.0989644529999971,"Non-significant",0.245375777017401,"PLA2G12A","PG12A_HUMAN"
-0.0413908949999993,10.5853090275,-0.778246909803692,0.461318580248188,0.568155218134421,-7.83503616164781,"C1GLT_HUMAN",13,-0.776823344108851,0.460754055021696,0.568539881390408,-0.0413908949999993,"Non-significant",0.245239065434843,"C1GALT1","C1GLT_HUMAN"
-0.0664312825000017,11.95970547125,-1.53890796970838,0.166692596335534,0.260242988426044,-7.00121101692329,"PP2AA_HUMAN",2,-0.776316978629107,0.46103560818227,0.568804031230731,-0.0664312825000017,"Non-significant",0.245037334333392,"PPP2CA","PP2AA_HUMAN"
-0.0320324875000022,10.92260074625,-0.783091902225267,0.458642982204765,0.565686522827621,-7.8310674273065,"MK03_HUMAN",14,-0.77586575253757,0.461286600118162,0.569030404272792,-0.0320324875000022,"Non-significant",0.244864527884144,"MAPK3","MK03_HUMAN"
0.0201144199999987,14.4217422,0.810510735259124,0.443701948531276,0.551210570990439,-7.80821865978468,"ELAV1_HUMAN",15,0.775682912270391,0.461388330208486,0.569072612719832,0.0201144199999987,"Non-significant",0.244832314814899,"ELAVL1","ELAV1_HUMAN"
0.0359208599999992,11.04866898,0.745535118524667,0.479660524088104,0.58460392653559,-7.8612841839506,"WIPF2_HUMAN",24,0.775500155918751,0.461490028728618,0.56911476988347,0.0359208599999992,"Non-significant",0.244800143269459,"WIPF2","WIPF2_HUMAN"
0.0335865017499994,9.186267614375,0.747473646456757,0.478560154969852,0.583764203744469,-7.85975549075862,"4ET_HUMAN",22,0.775198898769064,0.461657702441595,0.569217756779159,0.0335865017499994,"Non-significant",0.244721560536241,"EIF4ENIF1","4ET_HUMAN"
0.808614849749999,7.985407412125,0.753264277265322,0.475283245339225,0.580940034072553,-7.85516888805464,"NR2C1_HUMAN",8,0.775107463473245,0.461708601625236,0.569217756779159,0.808614849749999,"Non-significant",0.244721560536241,"NR2C1","NR2C1_HUMAN"
-0.0286076075000032,11.38101160375,-0.742582989712704,0.481339477394364,0.586093733165152,-7.86360565646968,"CDC16_HUMAN",23,-0.774798806659451,0.461880449207051,0.56934634489123,-0.0286076075000032,"Non-significant",0.244623463103402,"CDC16","CDC16_HUMAN"
0.0240800350000008,12.103058695,0.805971171592824,0.446152024733949,0.553601562856242,-7.81204696763504,"RT26_HUMAN",14,0.774044568195453,0.462300559915126,0.569780877251732,0.0240800350000008,"Non-significant",0.244292130462307,"MRPS26","RT26_HUMAN"
0.0880568050000008,11.247318385,0.995119244437758,0.352054867215577,0.461360459539817,-7.63800030357601,"CES1P_HUMAN",2,0.773670469598497,0.46250902825205,0.569954473557973,0.0880568050000008,"Non-significant",0.244159833226096,"CES1P1","CES1P_HUMAN"
0.0189485550000086,16.6470365525,0.844039030461765,0.425897470288161,0.533688145662614,-7.77939333568086,"ARF3_HUMAN",14,0.772941182753494,0.46291560901549,0.570372119338045,0.0189485550000086,"Non-significant",0.243841711616172,"ARF3","ARF3_HUMAN"
-0.0291767124999964,17.22706460875,-0.728126845969805,0.489617276505299,0.593041580194301,-7.87485928904547,"LMAN1_HUMAN",32,-0.772194649084267,0.463332054075259,0.570723149468342,-0.0291767124999964,"Non-significant",0.243574511396267,"LMAN1","LMAN1_HUMAN"
-0.0507028100000007,10.181527495,-0.968630106227663,0.364247981569262,0.473438124386632,-7.66410021283193,"COA1_HUMAN",5,-0.772187712053138,0.463335924998441,0.570723149468342,-0.0507028100000007,"Non-significant",0.243574511396267,"COA1","COA1_HUMAN"
0.0422091484999996,9.32494711875,0.822725586370748,0.437156049470291,0.544684159790847,-7.79782897920428,"DPH6_HUMAN",9,0.770237843889576,0.464424830600707,0.571980844116506,0.0422091484999996,"Non-significant",0.242618515671669,"DPH6","DPH6_HUMAN"
0.0235249999999994,11.496893525,0.740718151572339,0.482402069494593,0.587087358326584,-7.86506804483968,"GSK3B_HUMAN",21,0.769804433231611,0.464667102568127,0.572195618341379,0.0235249999999994,"Non-significant",0.242455472181659,"GSK3B","GSK3B_HUMAN"
0.0247340149999982,13.2693085675,0.885362519817941,0.404661586251276,0.513456647676051,-7.74255669581181,"ENSA_HUMAN",11,0.76963484983908,0.464761920988589,0.572228780603683,0.0247340149999982,"Non-significant",0.242430302869395,"ENSA","ENSA_HUMAN"
-0.0788536069999992,9.66763520225,-0.852897317812127,0.421279338960535,0.529520362078489,-7.77161743336627,"RPC10_HUMAN",4,-0.769481763388924,0.464847526703667,0.572250591877496,-0.0788536069999992,"Non-significant",0.242413749463385,"POLR3K","RPC10_HUMAN"
0.0511426924999974,18.98061418375,0.752860576292836,0.475511211194253,0.581134406141273,-7.85548962879029,"SODC_HUMAN",16,0.769293710429201,0.464952700129068,0.572296482095198,0.0511426924999974,"Non-significant",0.242378923690316,"SOD1","SODC_HUMAN"
-0.0249152225000024,16.15788960375,-0.842406625402272,0.42675242066326,0.534399125953761,-7.78081902738014,"RAP1B_HUMAN",12,-0.768531420413295,0.465379193920644,0.572737804870361,-0.0249152225000024,"Non-significant",0.242044149338729,"RAP1B","RAP1B_HUMAN"
0.0332479474999978,17.43279934125,0.795692246423355,0.451734393274705,0.559129104392436,-7.82064902710721,"ADH1A_HUMAN",12,0.768176203711871,0.465578023822677,0.572898855883407,0.0332479474999978,"Non-significant",0.241922045064088,"ADH1A","ADH1A_HUMAN"
0.3692742585,6.82187384375,0.747345880858388,0.478632626892635,0.583764203744469,-7.85985634928287,"TTC31_HUMAN",7,0.767735424282634,0.465824826041286,0.573118881725587,0.3692742585,"Non-significant",0.241755283229305,"TTC31","TTC31_HUMAN"
0.0504472224999972,12.10886537875,0.77253967879637,0.464483964237446,0.570469959865574,-7.83968450203512,"ACTY_HUMAN",11,0.767454753980432,0.46598202530723,0.573177333254335,0.0504472224999972,"Non-significant",0.241710992449863,"ACTR1B","ACTY_HUMAN"
0.0441751500000009,13.75996232,0.944084626689242,0.375831419472558,0.484979031649447,-7.68780073649527,"MIA40_HUMAN",6,0.767407783807982,0.466008336076873,0.573177333254335,0.0441751500000009,"Non-significant",0.241710992449863,"CHCHD4","MIA40_HUMAN"
-0.0411016975000038,10.12331736125,-0.729873429919631,0.488612208808357,0.592080550322835,-7.87350974317471,"RLGPB_HUMAN",49,-0.767220286121703,0.466113374535944,0.573222882107306,-0.0411016975000038,"Non-significant",0.241676481612815,"RALGAPB","RLGPB_HUMAN"
-0.0415406230000031,9.80743312825,-1.159575306557,0.283360091941409,0.390651327277419,-7.46451446324662,"CLDN1_HUMAN",5,-0.766569803869171,0.466477905547773,0.573587493196524,-0.0415406230000031,"Non-significant",0.241400326822391,"CLDND1","CLDN1_HUMAN"
0.0716383457500012,9.359721779875,0.803336814846766,0.447578133113119,0.554799424119188,-7.81426035409789,"DUS22_HUMAN",6,0.765720868702212,0.466953937055798,0.574089080432223,0.0716383457500012,"Non-significant",0.241020713632522,"DUSP22","DUS22_HUMAN"
0.0322325249999995,11.671468615,1.06980958273999,0.319377110991198,0.427985638878348,-7.5615829971633,"FADD_HUMAN",7,0.76541112329211,0.467127704527291,0.574218961858034,0.0322325249999995,"Non-significant",0.240922470330734,"FADD","FADD_HUMAN"
0.0243344300000015,13.3361735325,0.767865650877137,0.467087267013908,0.572924882017317,-7.84346976155752,"GRB2_HUMAN",16,0.764927753575784,0.467398961882519,0.57442344165691,0.0243344300000015,"Non-significant",0.240767845272528,"GRB2","GRB2_HUMAN"
0.0145649925000022,11.34539508875,0.657834354224352,0.531181353027603,0.63034318241161,-7.92682723771359,"ITB5_HUMAN",36,0.764871840481443,0.467430345987038,0.57442344165691,0.0145649925000022,"Non-significant",0.240767845272528,"ITGB5","ITB5_HUMAN"
-1.4319089665,10.293922127,-0.743600863141208,0.480760145391193,0.585596425650632,-7.86280612019599,"DPYL5_HUMAN",1,-0.764395026944973,0.467698039436773,0.574668626007661,-1.4319089665,"Non-significant",0.240582512495125,"DPYSL5","DPYL5_HUMAN"
0.322992444250001,7.204478919625,0.747143694563983,0.478747327090077,0.583819620955188,-7.86001592557826,"FBX25_HUMAN",4,0.763801393483016,0.468031461426618,0.574994488903215,0.322992444250001,"Non-significant",0.240336317832792,"FBXO25","FBX25_HUMAN"
0.095951319000001,8.49937045575,0.742951122024857,0.481129897997944,0.585962131227376,-7.86331659806906,"RABL6_HUMAN",15,0.762533087276511,0.468744354596785,0.575786383692262,0.095951319000001,"Non-significant",0.239738609616387,"RABL6","RABL6_HUMAN"
0.0519125462499996,9.770618557875,0.784480550520064,0.457878075458854,0.564991113752405,-7.82992610139669,"UCHL1_HUMAN",9,0.761127993470388,0.46953498033521,0.576673517302271,0.0519125462499996,"Non-significant",0.239069992326876,"UCHL1","UCHL1_HUMAN"
0.0258414725000016,10.43078720625,0.705562975672117,0.502723250786706,0.604142326900648,-7.89204215025195,"MKLN1_HUMAN",42,0.760978474957242,0.46961916458775,0.57669288145544,0.0258414725000016,"Non-significant",0.239055409372356,"MKLN1","MKLN1_HUMAN"
0.0181961074999997,13.54379963875,0.707017369525905,0.501871696647701,0.603635349749353,-7.89094875146685,"CSK_HUMAN",25,0.760568451413569,0.469850074138796,0.576892392558763,0.0181961074999997,"Non-significant",0.238905188016263,"CSK","CSK_HUMAN"
0.0487842560000011,9.5000288485,0.738101591253262,0.483895616678947,0.588125167874587,-7.86711460733686,"ICA69_HUMAN",20,0.760320637423908,0.469989670202622,0.576939683089681,0.0487842560000011,"Non-significant",0.238869588353073,"ICA1","ICA69_HUMAN"
0.290393471499999,7.128748119,0.744806227928214,0.480074700632581,0.585015129627298,-7.86185809677199,"UBE2T_HUMAN",4,0.760226043173616,0.470042963371425,0.576939683089681,0.290393471499999,"Non-significant",0.238869588353073,"UBE2T","UBE2T_HUMAN"
0.0189418749999994,13.26294589,0.779852288450727,0.460430848881717,0.567227656419759,-7.83372343063058,"ADPRS_HUMAN",16,0.760135583597614,0.470093930888591,0.576939683089681,0.0189418749999994,"Non-significant",0.238869588353073,"ADPRS","ADPRS_HUMAN"
0.0467965602499945,9.505180239625,0.73463251467953,0.485880498762867,0.589957753395593,-7.86981837951887,"IRS2_HUMAN",23,0.759903771811576,0.470224557115168,0.577015983683761,0.0467965602499945,"Non-significant",0.238812156463829,"IRS2","IRS2_HUMAN"
-0.433359144999997,12.32494402,-0.739729529507895,0.482966020877613,0.587434428568168,-7.86584203359625,"DCD_HUMAN",5,-0.759401403861126,0.470507725126209,0.577273192170377,-0.433359144999997,"Non-significant",0.238618610114056,"DCD","DCD_HUMAN"
-0.0435893539999999,9.7633725405,-1.44241728604393,0.19138752379447,0.288949567985597,-7.12618597788237,"MEA1_HUMAN",4,-0.759288934754531,0.470571135769683,0.577273192170377,-0.0435893539999999,"Non-significant",0.238618610114056,"MEA1","MEA1_HUMAN"
0.0196270925000004,12.34071135375,0.98416657139729,0.357057833889059,0.466321735644697,-7.6488571310969,"SEC20_HUMAN",11,0.757374488170777,0.471651383774456,0.578514190022539,0.0196270925000004,"Non-significant",0.237685984036508,"BNIP1","SEC20_HUMAN"
-1.17482960075,9.688397824875,-0.737073283155348,0.484483417802923,0.588685415692783,-7.86791720416721,"UNC79_HUMAN",1,-0.757225735895718,0.47173538798424,0.578533040203573,-1.17482960075,"Non-significant",0.237671833309739,"UNC79","UNC79_HUMAN"
-0.067364573499999,8.12311536075,-0.733878175204272,0.486312815683432,0.590331064491369,-7.87040485647293,"RHG10_HUMAN",20,-0.755694512738059,0.472600687484603,0.579509920687768,-0.067364573499999,"Non-significant",0.236939124906468,"ARHGAP10","RHG10_HUMAN"
0.0838444249999988,11.7822281125,0.740396873439688,0.482585292063915,0.587225556056986,-7.86531966963807,"RM50_HUMAN",12,0.755109873420706,0.472931347379825,0.579712005363963,0.0838444249999988,"Non-significant",0.236787705650732,"MRPL50","RM50_HUMAN"
-0.0180044174999985,18.08154821375,-0.659851952192311,0.529958393265828,0.629512302260099,-7.92540026629212,"HSPA9_HUMAN",61,-0.755076955931545,0.472949969400853,0.579712005363963,-0.0180044174999985,"Non-significant",0.236787705650732,"HSPA9","HSPA9_HUMAN"
-0.0927927475000008,10.45792186125,-0.922788999247377,0.386104156837918,0.494375199451133,-7.70797870594393,"SDHF4_HUMAN",2,-0.754946997046701,0.473023494259369,0.579712005363963,-0.0927927475000008,"Non-significant",0.236787705650732,"SDHAF4","SDHF4_HUMAN"
-0.0297856325000012,10.35886287625,-0.776854438267571,0.462089524090174,0.568440250810869,-7.83617294725999,"TRBP2_HUMAN",13,-0.754916773046717,0.473040594719817,0.579712005363963,-0.0297856325000012,"Non-significant",0.236787705650732,"TARBP2","TRBP2_HUMAN"
-0.0244827275000041,15.66088080375,-0.864227651839765,0.415424850955924,0.524067747187006,-7.76157517013097,"TMED5_HUMAN",11,-0.75424405049329,0.473421321237488,0.58009424577857,-0.0244827275000041,"Non-significant",0.2365014424776,"TMED5","TMED5_HUMAN"
0.0310249349999978,10.4313535675,0.805981302890378,0.446146546257372,0.553601562856242,-7.81203844365281,"SSU72_HUMAN",11,0.753639403288208,0.473763694187126,0.580365030543385,0.0310249349999978,"Non-significant",0.236298763531985,"SSU72","SSU72_HUMAN"
-0.523360729250001,8.512879610125,-0.732664618339823,0.487008845504591,0.591072362672166,-7.87134727377946,"RIC8B_HUMAN",8,-0.753610581168199,0.473780018408949,0.580365030543385,-0.523360729250001,"Non-significant",0.236298763531985,"RIC8B","RIC8B_HUMAN"
0.0392541884999993,9.31706285475,0.763507804733341,0.469523343988416,0.574925915726266,-7.84698140776196,"WDR4_HUMAN",12,0.752634802147808,0.474332898668727,0.580857572636494,0.0392541884999993,"Non-significant",0.235930344375513,"WDR4","WDR4_HUMAN"
-0.0347421175000004,12.71694791375,-0.761982284805884,0.470378146434052,0.575695861230234,-7.84820669291265,"NAA50_HUMAN",13,-0.752541269859711,0.47438591690247,0.580857572636494,-0.0347421175000004,"Non-significant",0.235930344375513,"NAA50","NAA50_HUMAN"
0.0391030312499971,8.824401378625,0.72865519098854,0.4893130983756,0.592759428888752,-7.87445134284267,"TLK2_HUMAN",21,0.752536113757153,0.474388839723529,0.580857572636494,0.0391030312499971,"Non-significant",0.235930344375513,"TLK2","TLK2_HUMAN"
0.0487074854999996,8.443994999,0.738415475826467,0.483716288156508,0.588088838062329,-7.86686942829086,"CASC3_HUMAN",15,0.751772267201828,0.474821970566437,0.581303469848148,0.0487074854999996,"Non-significant",0.235597084696448,"CASC3","CASC3_HUMAN"
-0.0505340100000016,11.4840179675,-0.926999086743672,0.384056807601407,0.492726762750724,-7.70401821614551,"BOLA3_HUMAN",5,-0.750807513223899,0.475369398253726,0.581687165878156,-0.0505340100000016,"Non-significant",0.235310518202295,"BOLA3","BOLA3_HUMAN"
-0.0667626859999988,8.9536896945,-0.748095552616831,0.478207498331061,0.583764203744469,-7.85926434570635,"MITD1_HUMAN",10,-0.750806645109749,0.475369891033542,0.581687165878156,-0.0667626859999988,"Non-significant",0.235310518202295,"MITD1","MITD1_HUMAN"
-0.0218930224999969,12.36895465875,-0.748075977221602,0.478218596065972,0.583764203744469,-7.85927981053132,"DFFA_HUMAN",17,-0.750777671282475,0.475386338047769,0.581687165878156,-0.0218930224999969,"Non-significant",0.235310518202295,"DFFA","DFFA_HUMAN"
-0.0537991525000017,8.77136540425,-0.804620984239681,0.446882553668939,0.554181704410106,-7.81318215023063,"NECT1_HUMAN",7,-0.750685495368333,0.475438664279584,0.581687165878156,-0.0537991525000017,"Non-significant",0.235310518202295,"NECTIN1","NECT1_HUMAN"
-0.0210225575000003,12.73809969375,-0.77568163242029,0.462739530103072,0.568744624447154,-7.83712906806249,"PSMG1_HUMAN",15,-0.750611921332847,0.475480433372938,0.581687165878156,-0.0210225575000003,"Non-significant",0.235310518202295,"PSMG1","PSMG1_HUMAN"
-0.0310916875000018,12.85845780375,-0.733851647145644,0.486328023707209,0.590331064491369,-7.87042547183206,"NEUR1_HUMAN",18,-0.750217596902425,0.475704338733135,0.581876632010099,-0.0310916875000018,"Non-significant",0.235169083591684,"NEU1","NEUR1_HUMAN"
0.242056250500003,8.67175728075,0.741550615114014,0.481927536327959,0.58659454205175,-7.86441562442044,"BCL7C_HUMAN",3,0.750080209184078,0.475782366644764,0.581887633263017,0.242056250500003,"Non-significant",0.235160872678909,"BCL7C","BCL7C_HUMAN"
0.263186335749999,7.027893483625,0.738484788069481,0.483676694620133,0.588088838062329,-7.86681527559313,"FLVC1_HUMAN",3,0.749053242609938,0.476365889852974,0.582516768543553,0.263186335749999,"Non-significant",0.234691568360114,"FLVCR1","FLVC1_HUMAN"
0.0778219700000005,13.0993412725,1.92244671122479,0.0949778048364979,0.168902592784222,-6.46944598173967,"RALYL_HUMAN",1,0.748499387246653,0.476680787335702,0.582817284080741,0.0778219700000005,"Non-significant",0.234467577235636,"RALYL","RALYL_HUMAN"
0.0977826117500022,8.453954219875,0.766764244329333,0.467702155024629,0.573419849411287,-7.84435890018286,"NAF1_HUMAN",5,0.748312670122226,0.4767869773902,0.582862571779839,0.0977826117500022,"Non-significant",0.234433831781895,"NAF1","NAF1_HUMAN"
0.279199838999999,6.71604657175,0.729989428491384,0.488545505778964,0.592080550322835,-7.87342001503279,"NCS1_HUMAN",6,0.748024564823048,0.476950859766877,0.582978363830483,0.279199838999999,"Non-significant",0.234347562982659,"NCS1","NCS1_HUMAN"
0.369604945249998,6.951507747125,0.726548618739027,0.49052663088694,0.593802810820913,-7.87607635142875,"OLFL1_HUMAN",9,0.747060730566394,0.477499386313442,0.583564205775844,0.369604945249998,"Non-significant",0.233911354391293,"OLFML1","OLFL1_HUMAN"
0.027912615,11.8882029075,1.23734401872604,0.254928339195173,0.358969423834967,-7.37613118101425,"RM18_HUMAN",7,0.746826475784375,0.477632765692098,0.583642589448927,0.027912615,"Non-significant",0.2338530243732,"MRPL18","RM18_HUMAN"
-0.0508997442499997,7.865059733375,-0.721404057185408,0.493498545521495,0.596458164640189,-7.8800277880248,"LRCH4_HUMAN",24,-0.746183909658164,0.477998754611022,0.584005146052516,-0.0508997442499997,"Non-significant",0.233583326017113,"LRCH4","LRCH4_HUMAN"
-0.0435514450000003,11.833168985,-1.3535859713482,0.216969262678911,0.318390305557198,-7.237257832556,"LYRM7_HUMAN",4,-0.745713825240882,0.478266619662971,0.584247730020171,-0.0435514450000003,"Non-significant",0.233402966298386,"LYRM7","LYRM7_HUMAN"
0.1274657225,10.27603316375,0.746372441473744,0.479185026836657,0.584268854506897,-7.86062430075835,"UQCC6_HUMAN",5,0.745259135703533,0.47852580657097,0.584475822422911,0.1274657225,"Non-significant",0.233233449267734,"UQCC6","UQCC6_HUMAN"
-0.0245671299999941,16.29057431,-0.731819736930889,0.487493810816862,0.591575774744505,-7.87200259452345,"PSA3_HUMAN",18,-0.745143006190039,0.478592018787867,0.584475822422911,-0.0245671299999941,"Non-significant",0.233233449267734,"PSMA3","PSA3_HUMAN"
0.151299002499997,16.86138415375,0.731658328585172,0.487586496038642,0.591603076883505,-7.87212771464869,"MT2_HUMAN",7,0.744704497008818,0.478842092960986,0.584696508991475,0.151299002499997,"Non-significant",0.233069499168129,"MT2A","MT2_HUMAN"
0.0503468550000026,11.2990744125,0.767852636348908,0.467094529508009,0.572924882017317,-7.84348027418773,"HSPB8_HUMAN",9,0.744224788596369,0.479115760999304,0.58494593706013,0.0503468550000026,"Non-significant",0.23288427121944,"HSPB8","HSPB8_HUMAN"
-0.0151083450000016,15.45874846,-0.729047344508967,0.489087408550967,0.592571189690398,-7.8741483880075,"STA10_HUMAN",19,-0.743582227347051,0.479482496164183,0.585308900820839,-0.0151083450000016,"Non-significant",0.232614871498355,"STARD10","STA10_HUMAN"
0.0235443100000019,10.80282855,0.71575019782346,0.496778211964938,0.59930493039251,-7.88434238904411,"EPMIP_HUMAN",21,0.74336687632144,0.479605446893411,0.585374212549169,0.0235443100000019,"Non-significant",0.232566413426444,"EPM2AIP1","EPMIP_HUMAN"
-0.0203094474999972,17.05197477625,-0.690082859264969,0.511844519890915,0.612657974745885,-7.90355820868908,"PHB1_HUMAN",28,-0.743185954464586,0.479708756968787,0.585415536772826,-0.0203094474999972,"Non-significant",0.232535755689099,"PHB1","PHB1_HUMAN"
0.0564539432500002,8.208844781125,0.948813651732239,0.373578332355529,0.482812752418516,-7.68327117461556,"CA052_HUMAN",4,0.74287207690964,0.479888022228778,0.585549527991657,0.0564539432500002,"Non-significant",0.232436364769648,"C1orf52","CA052_HUMAN"
0.0387141724999971,11.75889718625,0.802100969755708,0.448248246054232,0.555466695970468,-7.81529662664126,"KAD6_HUMAN",9,0.74264568488572,0.480017349151099,0.58562255550653,0.0387141724999971,"Non-significant",0.232382204587341,"AK6","KAD6_HUMAN"
-0.31676542775,7.187130630125,-0.721600921164989,0.493384604772353,0.596458164640189,-7.87987702713666,"CBX4_HUMAN",10,-0.741966000883223,0.480405757898422,0.58595735850789,-0.31676542775,"Non-significant",0.232133987460649,"CBX4","CBX4_HUMAN"
0.0748529449999964,16.314685345,1.07045304423331,0.319106403515341,0.427758886009989,-7.56090704769712,"ACTN2_HUMAN",2,0.741922172655616,0.480430810849214,0.58595735850789,0.0748529449999964,"Non-significant",0.232133987460649,"ACTN2","ACTN2_HUMAN"
-0.0420897000000018,11.9893587825,-0.767638611966069,0.467213972444248,0.572988007235933,-7.84365313309433,"CAR19_HUMAN",10,-0.740883174182976,0.481024971517336,0.586584134151397,-0.0420897000000018,"Non-significant",0.231669687935222,"CARD19","CAR19_HUMAN"
0.102344990000001,8.1682047845,0.719817990447151,0.494417154819996,0.59739710406791,-7.88124111976194,"DCP1B_HUMAN",19,0.740780188260785,0.481083891255025,0.586584134151397,0.102344990000001,"Non-significant",0.231669687935222,"DCP1B","DCP1B_HUMAN"
-0.0228686325000034,14.42336273125,-0.681756551527389,0.516793946893631,0.617267419351908,-7.90965986837341,"SYFB_HUMAN",39,-0.740061257234346,0.481495334251991,0.58700089274082,-0.0228686325000034,"Non-significant",0.231361238254741,"FARSB","SYFB_HUMAN"
-0.333486676250001,7.294236600375,-0.718949474982603,0.494920649328227,0.59757715988936,-7.88190455000103,"TOP2A_HUMAN",13,-0.739723505835339,0.481688708601176,0.587005911613069,-0.333486676250001,"Non-significant",0.231357525041982,"TOP2A","TOP2A_HUMAN"
-0.433179736,6.843506515,-0.718993677284779,0.494895016360648,0.59757715988936,-7.8818708020647,"NOXA1_HUMAN",10,-0.73965640896735,0.481727129950017,0.587005911613069,-0.433179736,"Non-significant",0.231357525041982,"NOXA1","NOXA1_HUMAN"
-0.0109591474999959,18.02340054375,-0.557716713169922,0.594008125684615,0.686157940440678,-7.99268836490491,"AL1L1_HUMAN",84,-0.739621547655241,0.481747093205955,0.587005911613069,-0.0109591474999959,"Non-significant",0.231357525041982,"ALDH1L1","AL1L1_HUMAN"
-0.548318863,8.50196492675,-0.720846392455646,0.493821403511372,0.596762811497829,-7.88045466153391,"TF7L2_HUMAN",3,-0.739567549928547,0.481778015961468,0.587005911613069,-0.548318863,"Non-significant",0.231357525041982,"TCF7L2","TF7L2_HUMAN"
0.0319852824999973,10.22118067875,0.735718356175847,0.485258641475756,0.589452353470459,-7.86897325982806,"FA7_HUMAN",15,0.738658663228121,0.482298701657239,0.587555391858486,0.0319852824999973,"Non-significant",0.230951183959225,"F7","FA7_HUMAN"
-0.022336006499998,9.69925999625,-0.706291160057068,0.502296779071657,0.603888111652404,-7.89149495330835,"BIRC2_HUMAN",22,-0.738208474391321,0.482556743899647,0.587734205631213,-0.022336006499998,"Non-significant",0.230819032980354,"BIRC2","BIRC2_HUMAN"
-0.0396857250000053,16.3106935025,-0.867803436729366,0.413589427742764,0.522347211034426,-7.75838356087059,"TPM3_HUMAN",7,-0.738159296707639,0.482584937379716,0.587734205631213,-0.0396857250000053,"Non-significant",0.230819032980354,"TPM3","TPM3_HUMAN"
0.017701627500001,10.85131359125,0.705786198196313,0.502592492463251,0.604134611313319,-7.89187446102629,"PKHA1_HUMAN",21,0.737836190425752,0.482770200519847,0.587874894565413,0.017701627500001,"Non-significant",0.230715086136,"PLEKHA1","PKHA1_HUMAN"
0.0290615549999984,11.7895032175,0.875245359441829,0.409788346279324,0.518918814038704,-7.75170701200418,"PRPK_HUMAN",9,0.735945402187182,0.483855278299461,0.589111099347993,0.0290615549999984,"Non-significant",0.229802794714056,"TP53RK","PRPK_HUMAN"
-0.0187125200000011,16.3838236325,-0.687048633170289,0.513644661116621,0.614376450766567,-7.90578926028118,"PSA1_HUMAN",25,-0.73546422590494,0.484131668586439,0.589362483321071,-0.0187125200000011,"Non-significant",0.229617513218386,"PSMA1","PSA1_HUMAN"
-0.0571534635000006,9.22853147975,-0.92347235611575,0.38577129127891,0.494121812465179,-7.70733682687789,"CC126_HUMAN",4,-0.734855579205775,0.484481426614894,0.589703096741796,-0.0571534635000006,"Non-significant",0.229366591580608,"CCDC126","CC126_HUMAN"
0.0159435274999993,10.41221237125,0.630692698984652,0.547801908185295,0.644891380460035,-7.94564533286831,"KDM3B_HUMAN",58,0.734438742161871,0.484721056856053,0.589909585365242,0.0159435274999993,"Non-significant",0.229214546978147,"KDM3B","KDM3B_HUMAN"
-0.0259566300000031,12.3437244875,-0.714728992499586,0.497372097537058,0.599849679516363,-7.88511856083706,"CNOT3_HUMAN",19,-0.733482566238316,0.485271033747033,0.590493654316983,-0.0259566300000031,"Non-significant",0.228784765129088,"CNOT3","CNOT3_HUMAN"
0.054075242499998,12.14568901125,1.21644763783535,0.262321710755651,0.367354992516926,-7.40025284534128,"JTB_HUMAN",3,0.733162653581951,0.4854551333664,0.590632407497891,0.054075242499998,"Non-significant",0.228682727348296,"JTB","JTB_HUMAN"
0.0489888174999979,10.61855459125,0.773527567904208,0.46393500060488,0.570044915466258,-7.83888197117945,"CAH13_HUMAN",8,0.732396479043093,0.485896228121571,0.591083750445479,0.0489888174999979,"Non-significant",0.228350979728874,"CA13","CAH13_HUMAN"
-0.383624315500002,8.31978404525,-0.723710383181102,0.492164771782063,0.595239609049629,-7.87825934356496,"KPCD1_HUMAN",1,-0.732253574397822,0.485978528791749,0.59109855976705,-0.383624315500002,"Non-significant",0.228340098823985,"PRKD1","KPCD1_HUMAN"
-0.134023785500001,7.7024454475,-0.752450744340765,0.475742714002199,0.581248780449998,-7.85581509049014,"SYPL2_HUMAN",3,-0.732048832715587,0.486096458091796,0.591132664190269,-0.134023785500001,"Non-significant",0.228315042197977,"SYPL2","SYPL2_HUMAN"
0.283959627249999,7.082152128375,0.724629619227373,0.491633825606524,0.594750039353222,-7.87755313277927,"S35C2_HUMAN",2,0.731961390348523,0.486146829774225,0.591132664190269,0.283959627249999,"Non-significant",0.228315042197977,"SLC35C2","S35C2_HUMAN"
-0.0153284075000002,14.22583365375,-0.730538994355118,0.488229568588443,0.591957283318756,-7.87299474348996,"PPAL_HUMAN",18,-0.73167996177326,0.48630897147132,0.591244529140596,-0.0153284075000002,"Non-significant",0.228232864816572,"ACP2","PPAL_HUMAN"
0.0303695205000025,9.6387370825,0.849153010746169,0.423226990284777,0.5314284384885,-7.77491232296518,"PHLP_HUMAN",9,0.730991491115014,0.486705774371156,0.591572822500323,0.0303695205000025,"Non-significant",0.227991786178289,"PDCL","PHLP_HUMAN"
0.0239853899999982,11.763469935,0.698092112193969,0.507112143232066,0.608462385096525,-7.89762775332638,"GALT1_HUMAN",23,0.7309679179884,0.486719364579397,0.591572822500323,0.0239853899999982,"Non-significant",0.227991786178289,"GALNT1","GALT1_HUMAN"
-0.0432360150000015,11.2378634225,-0.99711249136591,0.351150234856468,0.460246513700072,-7.63601470364085,"LYRM2_HUMAN",5,-0.730832428206557,0.486797480968172,0.591582463535283,-0.0432360150000015,"Non-significant",0.227984708412027,"LYRM2","LYRM2_HUMAN"
-0.241033911499999,7.544067681,-0.728006248417696,0.489686724184641,0.593041580194301,-7.87495236916526,"LTO1_HUMAN",2,-0.729983120605417,0.487287334025996,0.59209239419131,-0.241033911499999,"Non-significant",0.227610517674899,"LTO1","LTO1_HUMAN"
0.0216042999999999,11.5412472475,0.6819701184406,0.516666618385633,0.617202795687713,-7.90950417501904,"RTF1_HUMAN",28,0.729733515530965,0.487431359216161,0.592182030388155,0.0216042999999999,"Non-significant",0.227544775301451,"RTF1","RTF1_HUMAN"
0.0320332049999976,11.11678922,0.709992503855181,0.500132646708144,0.602403269377386,-7.88870597869515,"CPEB2_HUMAN",19,0.729390703366875,0.487629211258724,0.592337025752959,0.0320332049999976,"Non-significant",0.227431119667647,"CPEB2","CPEB2_HUMAN"
-0.393296123000002,6.86525815725,-0.708758524827775,0.500853468469789,0.602926861715489,-7.88963719373566,"PLIN1_HUMAN",9,-0.728891645232604,0.487917333284157,0.592601614157372,-0.393296123000002,"Non-significant",0.227237169901724,"PLIN1","PLIN1_HUMAN"
-0.295797705750001,6.952423512875,-0.709831643926785,0.5002265740288,0.602430317543757,-7.88882745046074,"GREM2_HUMAN",7,-0.728611991255311,0.488078834831288,0.592687228500878,-0.295797705750001,"Non-significant",0.227174431038954,"GREM2","GREM2_HUMAN"
-0.0341172224999973,11.09157586125,-0.71835371565882,0.49526621533399,0.597908755234918,-7.88235922999938,"PAAF1_HUMAN",16,-0.728526083145673,0.488128454176426,0.592687228500878,-0.0341172224999973,"Non-significant",0.227174431038954,"PAAF1","PAAF1_HUMAN"
0.0585379590000041,9.816041946,0.719589061639116,0.49454983664414,0.597471774842118,-7.88141605817033,"HIF1N_HUMAN",12,0.727677376567931,0.488618831953454,0.593197196389985,0.0585379590000041,"Non-significant",0.226800910231714,"HIF1AN","HIF1N_HUMAN"
-0.4375401735,8.4500350355,-0.707522862981828,0.50157594622825,0.603451848523825,-7.89056826799986,"F241B_HUMAN",4,-0.725827145704126,0.489688995445729,0.59441079242685,-0.4375401735,"Non-significant",0.225913313902803,"FAM241B","F241B_HUMAN"
0.0516498087500015,8.490477204125,0.706469488178049,0.502192374234622,0.603888111652404,-7.89136087311369,"AAPK2_HUMAN",18,0.725508312075603,0.489873560847257,0.594534449513796,0.0516498087500015,"Non-significant",0.225822975695781,"PRKAA2","AAPK2_HUMAN"
-0.10222268075,9.892740606125,-0.703071948781626,0.5041839220018,0.605552333792131,-7.89391032671991,"ZMYM2_HUMAN",34,-0.725407486681825,0.489931935736484,0.594534449513796,-0.10222268075,"Non-significant",0.225822975695781,"ZMYM2","ZMYM2_HUMAN"
0.0520565499999961,10.9467185725,0.710758289051744,0.499685655577218,0.602036934085244,-7.88812737590246,"SESN2_HUMAN",15,0.725103112681387,0.490108186594044,0.594662718410997,0.0520565499999961,"Non-significant",0.225729288162758,"SESN2","SESN2_HUMAN"
0.0309486400000019,12.5777204025,0.794249228570607,0.452521925411248,0.560021628144385,-7.8218492396492,"SCO2_HUMAN",10,0.724855914464397,0.490251359532321,0.594750821746968,0.0309486400000019,"Non-significant",0.225664949240377,"SCO2","SCO2_HUMAN"
-0.0251030899999982,11.5775878425,-0.811267755241177,0.443294286013288,0.550866509922748,-7.80757850803104,"VAS1_HUMAN",11,-0.72469865597221,0.490342455067846,0.594775730862984,-0.0251030899999982,"Non-significant",0.225646760673484,"ATP6AP1","VAS1_HUMAN"
-0.010353327499999,11.81478345375,-0.554929579845922,0.595815467420473,0.687729140398239,-7.99438059904916,"ANFY1_HUMAN",50,-0.724434067599026,0.490495748660734,0.594876066972853,-0.010353327499999,"Non-significant",0.225573503239613,"ANKFY1","ANFY1_HUMAN"
0.0235273824999993,13.52978384375,0.829655814456103,0.433472448596262,0.541214526620929,-7.79187711447563,"CHM2A_HUMAN",11,0.724279878124901,0.490585095194292,0.594898830009019,0.0235273824999993,"Non-significant",0.225556885203673,"CHMP2A","CHM2A_HUMAN"
-0.129081607,8.118803203,-0.71346496940551,0.498107833408285,0.600543004928367,-7.88607795665534,"SIA4B_HUMAN",7,-0.723728921431229,0.490904438502516,0.595200447660775,-0.129081607,"Non-significant",0.2253367508215,"ST3GAL2","SIA4B_HUMAN"
0.0622427462500017,9.685811638875,0.72218463615775,0.493046863830062,0.59616870107927,-7.87942980189234,"ATGA1_HUMAN",10,0.723515153573686,0.491028378077126,0.595265094033093,0.0622427462500017,"Non-significant",0.225289583454085,"ATG101","ATGA1_HUMAN"
-0.02730751,17.4514350875,-0.691552431020078,0.510974100137011,0.612050687800891,-7.90247454617191,"VDAC1_HUMAN",24,-0.723109709023731,0.491263504830755,0.595464492697503,-0.02730751,"Non-significant",0.225144130210247,"VDAC1","VDAC1_HUMAN"
-0.019739389999998,13.9263740775,-0.713401869024242,0.498144580057437,0.600543004928367,-7.88612581136237,"HMOX1_HUMAN",18,-0.722734500379955,0.491481162109874,0.59564266217457,-0.019739389999998,"Non-significant",0.22501420399665,"HMOX1","HMOX1_HUMAN"
-0.0266852374999971,11.33032989375,-0.828329157884444,0.434175903498614,0.541852041840364,-7.79301967278053,"CAH5A_HUMAN",10,-0.721098917537012,0.492430688186346,0.596707629488602,-0.0266852374999971,"Non-significant",0.224238409242182,"CA5A","CAH5A_HUMAN"
0.024585962499998,10.60626947875,0.779877434827578,0.460416952887803,0.567227656419759,-7.83370285008133,"SLX9_HUMAN",12,0.720807730760336,0.492599859095148,0.596826823675866,0.024585962499998,"Non-significant",0.224151666244795,"SLX9","SLX9_HUMAN"
0.251446724999997,17.3396620725,0.706295439434555,0.502294273482718,0.603888111652404,-7.89149173610247,"ACTBL_HUMAN",4,0.719722015003329,0.493230959384571,0.597505570085161,0.251446724999997,"Non-significant",0.223658041767316,"ACTBL2","ACTBL_HUMAN"
0.0335032925000007,13.36723220375,0.705696287890356,0.502645157093404,0.604134611313319,-7.89194200899759,"PSME3_HUMAN",17,0.719331823217788,0.493457896106499,0.597694583457635,0.0335032925000007,"Non-significant",0.223520679895144,"PSME3","PSME3_HUMAN"
-0.0225529649999956,17.51553893,-0.675737839506551,0.520390449782704,0.620683614152881,-7.91402996710988,"HSP72_HUMAN",27,-0.718222171126779,0.494103641971951,0.598390746865169,-0.0225529649999956,"Non-significant",0.223015130745981,"HSPA2","HSP72_HUMAN"
0.0617632867500006,8.295365095125,0.704121389034831,0.503568225527208,0.604985258404908,-7.89312398719769,"SH2B1_HUMAN",13,0.716468086462044,0.49512551872149,0.599542163094877,0.0617632867500006,"Non-significant",0.222180269519998,"SH2B1","SH2B1_HUMAN"
-0.374218940750001,7.409058451625,-0.696307212277201,0.508164342475223,0.609551336661969,-7.89895456063661,"IL1R1_HUMAN",8,-0.715822217465047,0.495502125674912,0.59984651958325,-0.374218940750001,"Non-significant",0.221959856657716,"IL1R1","IL1R1_HUMAN"
0.0184223650000028,15.2505930675,0.645190020151135,0.538885325780252,0.637242481902602,-7.93568174236717,"SYK_HUMAN",39,0.715792947299644,0.495519197515503,0.59984651958325,0.0184223650000028,"Non-significant",0.221959856657716,"KARS1","SYK_HUMAN"
0.269262433499999,6.06661027675,0.719061754114537,0.494855540219699,0.59757715988936,-7.88181882269587,"DEF3_HUMAN",1,0.715530062718093,0.49567254209235,0.599874582699536,0.269262433499999,"Non-significant",0.221939539174716,"DEFA3","DEF3_HUMAN"
-0.19718933125,7.047183871375,-0.695232483131169,0.508798569472605,0.609964890070344,-7.89975203093803,"PITM2_HUMAN",18,-0.715509195301477,0.495684715684217,0.599874582699536,-0.19718933125,"Non-significant",0.221939539174716,"PITPNM2","PITM2_HUMAN"
0.115534782250003,7.922349691375,0.695921954751026,0.508391635247482,0.609575027375381,-7.89924055306007,"MOD5_HUMAN",15,0.715077383907714,0.495936668201723,0.600093335669296,0.115534782250003,"Non-significant",0.221781196260268,"TRIT1","MOD5_HUMAN"
-0.0182759774999983,14.62231457375,-0.730798553156382,0.488080398875334,0.591911832869376,-7.87279379278596,"PLPHP_HUMAN",16,-0.714416625131881,0.496322366215274,0.600473837351592,-0.0182759774999983,"Non-significant",0.22150591006184,"PLPBP","PLPHP_HUMAN"
-0.0315237049999997,11.5916321275,-0.687463807701793,0.513398109650685,0.614209755034601,-7.90548449311398,"IGBP1_HUMAN",22,-0.71274832895476,0.49729704297365,0.601566701381299,-0.0315237049999997,"Non-significant",0.220716211323647,"IGBP1","IGBP1_HUMAN"
-0.194669961750001,6.663586974125,-0.708477901160283,0.501017486921452,0.603038183244455,-7.88984876829456,"GA45B_HUMAN",3,-0.711621585767127,0.49795602159269,0.60227098336761,-0.194669961750001,"Non-significant",0.220208060068493,"GADD45B","GA45B_HUMAN"
0.0353703500000044,14.627619025,0.700387302339752,0.505761182332654,0.607158443118976,-7.89591726582539,"GNMT_HUMAN",16,0.711508559687646,0.498022156136225,0.60227098336761,0.0353703500000044,"Non-significant",0.220208060068493,"GNMT","GNMT_HUMAN"
-0.0295984749999985,10.3174582725,-0.683704903106158,0.515633075866559,0.616230142702286,-7.9082379058757,"MERL_HUMAN",23,-0.71133354417229,0.498124573468827,0.602308424869996,-0.0295984749999985,"Non-significant",0.220181062034533,"NF2","MERL_HUMAN"
-0.476713299750001,8.536383092375,-0.697643361821427,0.507376550268754,0.608692989213681,-7.89796161142211,"NPT4_HUMAN",1,-0.710670722698497,0.498512572605337,0.602691117970509,-0.476713299750001,"Non-significant",0.219905208805558,"SLC17A3","NPT4_HUMAN"
0.0137729675000031,16.48236322375,0.665527090438136,0.526527807692074,0.626143184401311,-7.92136572239603,"ECHD3_HUMAN",22,0.710493654072121,0.498616256990673,0.602723373623385,0.0137729675000031,"Non-significant",0.219881966257612,"ECHDC3","ECHD3_HUMAN"
-0.0826358797499953,8.800954103375,-0.899380864136819,0.397635543761894,0.506677248430689,-7.72973876659153,"TF2AA_HUMAN",2,-0.710380940995219,0.498682264521234,0.602723373623385,-0.0826358797499953,"Non-significant",0.219881966257612,"GTF2A1","TF2AA_HUMAN"
0.0296254199999986,12.1795756825,0.714977476073252,0.497227548565493,0.59976116297346,-7.88492978818647,"DDX3Y_HUMAN",14,0.70904293284288,0.499466263144836,0.603584391691444,0.0296254199999986,"Non-significant",0.219261999330381,"DDX3Y","DDX3Y_HUMAN"
0.0263946054999984,9.93219101425,0.812144568879245,0.44282243994712,0.550442463694776,-7.80683643504682,"RFOX2_HUMAN",10,0.708768243632225,0.499627313534373,0.603692463558089,0.0263946054999984,"Non-significant",0.219184245805571,"RBFOX2","RFOX2_HUMAN"
-0.0303382874999976,15.47770953125,-0.695906000886382,0.508401049050768,0.609575027375381,-7.89925239328572,"GGH_HUMAN",17,-0.708080512506148,0.5000306765332,0.604071096387564,-0.0303382874999976,"Non-significant",0.218911943909159,"GGH","GGH_HUMAN"
0.0171236975000006,14.92493820125,0.630546072989755,0.547892543943655,0.644908009063129,-7.94574507103352,"GARS_HUMAN",41,0.707989607886681,0.500084008849498,0.604071096387564,0.0171236975000006,"Non-significant",0.218911943909159,"GARS1","GARS_HUMAN"
0.0194175249999979,13.338035465,0.661864119080628,0.528740466192956,0.628331226496606,-7.92397328304307,"FGGY_HUMAN",26,0.707615150221365,0.500303735714345,0.604249919520879,0.0194175249999979,"Non-significant",0.218783398763325,"FGGY","FGGY_HUMAN"
-0.0107107175000039,12.07992363125,-0.57337661901572,0.583910566080292,0.677651405960455,-7.98303609920818,"RUFY1_HUMAN",36,-0.707357187909179,0.500455140591065,0.604346186252448,-0.0107107175000039,"Non-significant",0.218714214177672,"RUFY1","RUFY1_HUMAN"
-0.0635833737500029,9.243893861875,-0.69919487092662,0.506462765035159,0.607769738963747,-7.89680653504164,"MAGD1_HUMAN",11,-0.706419210109683,0.501005911690972,0.604924628225641,-0.0635833737500029,"Non-significant",0.21829873375226,"MAGED1","MAGD1_HUMAN"
-0.0959279535000004,8.5490876435,-0.710542324544685,0.49981168850487,0.60210271865193,-7.8882906066122,"PPA5_HUMAN",6,-0.706226655361283,0.501119025860878,0.604968216214158,-0.0959279535000004,"Non-significant",0.21826744168704,"ACP5","PPA5_HUMAN"
0.0571453569999996,9.5689264535,0.739455435999795,0.483122452623409,0.587539915331512,-7.86605646339291,"PRSS8_HUMAN",7,0.705907097955827,0.501306782394347,0.604968216214158,0.0571453569999996,"Non-significant",0.21826744168704,"PRSS8","PRSS8_HUMAN"
-0.0212633600000025,15.91747606,-0.711349579707576,0.499340694559196,0.601707321578194,-7.88768024507784,"PSA2_HUMAN",16,-0.705859455013546,0.501334778944914,0.604968216214158,-0.0212633600000025,"Non-significant",0.21826744168704,"PSMA2","PSA2_HUMAN"
-0.0428171159999984,8.63572788225,-1.17838444594238,0.276252135170628,0.382855844681556,-7.4434906336488,"LYSM1_HUMAN",4,-0.705831901078054,0.501350970994631,0.604968216214158,-0.0428171159999984,"Non-significant",0.21826744168704,"LYSMD1","LYSM1_HUMAN"
-0.0170753024999968,11.26936614625,-0.622715597471483,0.552746011156471,0.64935137673002,-7.95104134153695,"XPO7_HUMAN",50,-0.705746986656553,0.501400872994674,0.604968216214158,-0.0170753024999968,"Non-significant",0.21826744168704,"XPO7","XPO7_HUMAN"
0.0523619700000033,16.4744160175,0.699348011330644,0.506372627920252,0.607748096360502,-7.89669240281696,"HINT1_HUMAN",12,0.704996498560355,0.501842053419635,0.605348089328012,0.0523619700000033,"Non-significant",0.217994824022002,"HINT1","HINT1_HUMAN"
-0.539742231250001,6.766113042625,-0.685843269972546,0.514360892263318,0.61497134196986,-7.90667316680287,"ABHEA_HUMAN",5,-0.704915168892223,0.501889878610321,0.605348089328012,-0.539742231250001,"Non-significant",0.217994824022002,"ABHD14A","ABHEA_HUMAN"
0.0178427650000028,13.3091623775,0.63000567239573,0.548226666623317,0.645211194215015,-7.94611248397522,"SRRT_HUMAN",44,0.704844961521783,0.501931165774526,0.605348089328012,0.0178427650000028,"Non-significant",0.217994824022002,"SRRT","SRRT_HUMAN"
-0.0115132350000025,16.35422492,-0.567270877451345,0.587835960153456,0.681175324186621,-7.98682854819681,"HYES_HUMAN",48,-0.704722064666168,0.502003443505545,0.605348644536228,-0.0115132350000025,"Non-significant",0.217994425699519,"EPHX2","HYES_HUMAN"
0.0469329352499983,8.661970257875,0.743637440132426,0.480739335890381,0.585596425650632,-7.86277737162187,"MEF2D_HUMAN",8,0.703719348385256,0.502593406414791,0.605973368998752,0.0469329352499983,"Non-significant",0.217546461561482,"MEF2D","MEF2D_HUMAN"
-0.0349674225000012,13.05612373375,-0.716490285843256,0.496348099539257,0.598871762241111,-7.88377928159136,"RD23A_HUMAN",12,-0.703096337259584,0.502960187050665,0.606328863937365,-0.0349674225000012,"Non-significant",0.217291756933519,"RAD23A","RD23A_HUMAN"
0.0362455845000014,8.2862194775,0.682859960668958,0.516136308402377,0.616744108806866,-7.90885500638527,"ZHX1_HUMAN",19,0.70189538959432,0.50366769363904,0.60708579896912,0.0362455845000014,"Non-significant",0.21674992608189,"ZHX1","ZHX1_HUMAN"
0.0333044524999995,10.17673742625,0.696021951708441,0.508332633170612,0.609575027375381,-7.89916633451088,"FRMD8_HUMAN",15,0.701786075619325,0.503732124568753,0.60708579896912,0.0333044524999995,"Non-significant",0.21674992608189,"FRMD8","FRMD8_HUMAN"
-0.09900105,7.98718613375,-0.682727005524754,0.516215522395974,0.61675133072653,-7.9089520486787,"MATN2_HUMAN",15,-0.701139011534543,0.504113619240364,0.607458712877345,-0.09900105,"Non-significant",0.216483234402702,"MATN2","MATN2_HUMAN"
0.0325221975000005,10.14471530875,0.666599297014151,0.52588122258837,0.6254625123744,-7.92060004413278,"BCAS3_HUMAN",33,0.700525847749853,0.504475296834991,0.607807643942558,0.0325221975000005,"Non-significant",0.216233842424556,"BCAS3","BCAS3_HUMAN"
0.0516047480000044,8.33888149275,0.823477892809303,0.436755116961082,0.544265062221313,-7.79718487507351,"IF4E3_HUMAN",5,0.700188480606026,0.504674364903367,0.607910044569195,0.0516047480000044,"Non-significant",0.216160680657449,"EIF4E3","IF4E3_HUMAN"
0.0223526925000002,11.31595206375,0.647673388369912,0.537366869708632,0.635982216340081,-7.93395475570942,"E41L2_HUMAN",38,0.700137364510887,0.504704531011416,0.607910044569195,0.0223526925000002,"Non-significant",0.216160680657449,"EPB41L2","E41L2_HUMAN"
0.0277397630000014,9.79255592825,0.666979595603958,0.525652005803617,0.625366373594733,-7.92032820584497,"IFT74_HUMAN",26,0.699369532325464,0.505157804422533,0.60836907179276,0.0277397630000014,"Non-significant",0.215832872678145,"IFT74","IFT74_HUMAN"
0.0707085129999996,8.368633151,0.72474826064482,0.491565326258567,0.594750039353222,-7.87746192911521,"BANP_HUMAN",6,0.699055185128547,0.505343447294262,0.608505702463334,0.0707085129999996,"Non-significant",0.215735347529635,"BANP","BANP_HUMAN"
0.00872993250000142,14.69530534875,0.499588836030636,0.632322404234659,0.718792386418603,-8.02635744688182,"XDH_HUMAN",58,0.698282282665649,0.505800081902667,0.608968560256761,0.00872993250000142,"Non-significant",0.215405128482825,"XDH","XDH_HUMAN"
-0.0430910589999982,8.5926615,-0.826276340898714,0.435265987586899,0.542810624259502,-7.79478464846971,"ZN511_HUMAN",6,-0.697734559106752,0.506123838408686,0.609271327327451,-0.0430910589999982,"Non-significant",0.215189259552329,"ZNF511","ZN511_HUMAN"
0.0592625150000021,11.79683268,1.41344685588988,0.199419359155544,0.298138662348719,-7.16285023985099,"CF120_HUMAN",2,0.697301311677202,0.506380021902279,0.609344786574643,0.0592625150000021,"Non-significant",0.215136900248402,"C6orf120","CF120_HUMAN"
-0.00976729500000317,13.33378446,-0.541251245595132,0.604729444887778,0.694880556552962,-8.00257254367583,"THOP1_HUMAN",41,-0.69719690311541,0.50644177202935,0.609344786574643,-0.00976729500000317,"Non-significant",0.215136900248402,"THOP1","THOP1_HUMAN"
0.251507043749999,7.035577416375,0.692290343015665,0.510537394793308,0.611701449994711,-7.90192964909651,"FKB1B_HUMAN",2,0.697191334969199,0.506445065320154,0.609344786574643,0.251507043749999,"Non-significant",0.215136900248402,"FKBP1B","FKB1B_HUMAN"
-0.146324395749998,8.343771815125,-0.724580972808713,0.491661914131362,0.594750039353222,-7.87759052519711,"CYBR1_HUMAN",2,-0.697142368636551,0.506474027137496,0.609344786574643,-0.146324395749998,"Non-significant",0.215136900248402,"CYBRD1","CYBR1_HUMAN"
0.0259897675000005,11.83383905875,0.670146777945457,0.523745478845796,0.623802549271049,-7.91805898134483,"DEN10_HUMAN",22,0.696813453147184,0.506668596023466,0.609491878961295,0.0259897675000005,"Non-significant",0.215032076667082,"DENND10","DEN10_HUMAN"
0.018416402499998,11.36831903625,0.623764145131977,0.552094612018567,0.648776786967872,-7.95033557993317,"DIAP2_HUMAN",49,0.696257394226142,0.506997638749006,0.609642384345122,0.018416402499998,"Non-significant",0.21492484703702,"DIAPH2","DIAP2_HUMAN"
-0.485253095249999,7.094124317125,-0.676899169719645,0.519695268411353,0.620077625121821,-7.91318939589052,"CALL3_HUMAN",8,-0.696254399094276,0.506999411457628,0.609642384345122,-0.485253095249999,"Non-significant",0.21492484703702,"CALML3","CALL3_HUMAN"
0.0571169852500013,8.786115884875,0.674976101887198,0.520846749424176,0.621139961926483,-7.91458062309293,"FCSD2_HUMAN",22,0.69623534160415,0.507010690978681,0.609642384345122,0.0571169852500013,"Non-significant",0.21492484703702,"FCHSD2","FCSD2_HUMAN"
-0.0860466950000003,10.894688605,-0.691943386297213,0.510742698358256,0.611860461123044,-7.90218591600082,"RN181_HUMAN",8,-0.696008696828419,0.50714484700304,0.609716718783145,-0.0860466950000003,"Non-significant",0.214871896210302,"RNF181","RN181_HUMAN"
-0.0210983700000043,13.845155835,-0.820425069305114,0.438383685326573,0.54589098590895,-7.79979559533061,"RBBP9_HUMAN",11,-0.695449754984921,0.507475793186701,0.610027589955891,-0.0210983700000043,"Non-significant",0.214650522539013,"RBBP9","RBBP9_HUMAN"
-0.0372028350000022,9.5558030605,-0.713072398854691,0.49833647633697,0.600668977412316,-7.88637561865836,"TATD3_HUMAN",11,-0.695011263505528,0.507735517238174,0.610252769827545,-0.0372028350000022,"Non-significant",0.214490240721772,"TATDN3","TATD3_HUMAN"
-0.0284340350000019,11.96700871,-0.725294654241769,0.491249938682888,0.594507642951624,-7.87704173151576,"ERGI2_HUMAN",12,-0.694552300641119,0.508007456968452,0.610492565552763,-0.0284340350000019,"Non-significant",0.214319620431745,"ERGIC2","ERGI2_HUMAN"
-0.130192754999998,11.7883446225,-0.73474570678133,0.485815649521154,0.589957753395593,-7.86973033124966,"MT1B_HUMAN",2,-0.693947490817383,0.508365953250173,0.610836296499744,-0.130192754999998,"Non-significant",0.214075164639185,"MT1B","MT1B_HUMAN"
0.016582725000001,12.53324759,0.607299410121099,0.562376046672455,0.658828032995431,-7.96129444153025,"RBGPR_HUMAN",58,0.693464647921514,0.508652269557151,0.611093212670642,0.016582725000001,"Non-significant",0.213892539903242,"RAB3GAP2","RBGPR_HUMAN"
0.0126762374999991,16.88755893625,0.594349965695306,0.570541119416114,0.666263659678363,-7.96972762062042,"6PGD_HUMAN",34,0.692694188263561,0.509109348244219,0.611498187681223,0.0126762374999991,"Non-significant",0.213604825759684,"PGD","6PGD_HUMAN"
-0.0730972275000017,11.07540440625,-0.816479476678521,0.440494815271988,0.548195895161315,-7.80315789171851,"CO4A_HUMAN",3,-0.692566963308343,0.509184850013267,0.611498187681223,-0.0730972275000017,"Non-significant",0.213604825759684,"C4A","CO4A_HUMAN"
-0.0824050950000021,11.06522274,-0.717964069280864,0.49549231202536,0.598027845403624,-7.88265642932128,"PGK2_HUMAN",5,-0.692529646262405,0.509206997192372,0.611498187681223,-0.0824050950000021,"Non-significant",0.213604825759684,"PGK2","PGK2_HUMAN"
0.121126175000001,9.8726859095,0.686351799709458,0.514058644797221,0.614780882660637,-7.90630042209718,"GON7_HUMAN",6,0.691951940569394,0.509549935684085,0.611822850125521,0.121126175000001,"Non-significant",0.213374307184441,"GON7","GON7_HUMAN"
-0.0167171974999984,11.78409755125,-0.651269260804381,0.535172829289917,0.633652448108542,-7.93144365637318,"MCES_HUMAN",23,-0.6915399311511,0.509794602485063,0.612029440869762,-0.0167171974999984,"Non-significant",0.213227686188184,"RNMT","MCES_HUMAN"
-0.0202257649999993,14.4449640525,-0.640148046026033,0.541976304076811,0.63973088741961,-7.9391698571655,"SEPT2_HUMAN",31,-0.690463736837648,0.510434037548571,0.612709840856864,-0.0202257649999993,"Non-significant",0.212745144320385,"SEPTIN2","SEPT2_HUMAN"
-0.368481159250001,6.741102814625,-0.672624107811653,0.522257238089747,0.622251924295956,-7.91627741462967,"ANKMT_HUMAN",5,-0.690248953714671,0.510561714372553,0.61277583517674,-0.368481159250001,"Non-significant",0.212698369446476,"ANTKMT","ANKMT_HUMAN"
-0.840430737750001,8.434259772875,-0.672559651003614,0.522295926491148,0.622251924295956,-7.91632384203299,"LY6E_HUMAN",1,-0.690116157242704,0.510640664699226,0.612783337521323,-0.840430737750001,"Non-significant",0.212693052319525,"LY6E","LY6E_HUMAN"
-0.00852108249999795,14.13816881125,-0.548037080274851,0.600298077525963,0.691433792766649,-7.99853201000042,"SYWC_HUMAN",29,-0.68984955212494,0.510799190372883,0.612886316818937,-0.00852108249999795,"Non-significant",0.212620074514044,"WARS1","SYWC_HUMAN"
0.0405454642499983,9.953989983125,0.70827390877112,0.501136737850623,0.603095597279112,-7.89000252144654,"ISY1_HUMAN",10,0.687024340539554,0.512480992320852,0.614816721359588,0.0405454642499983,"Non-significant",0.211254329370984,"ISY1","ISY1_HUMAN"
0.0438017850000012,11.119837285,0.700305486594561,0.50580929974866,0.607158443118976,-7.89597832306263,"TF2H4_HUMAN",10,0.685552675617305,0.513358429660681,0.615701105512341,0.0438017850000012,"Non-significant",0.210630066617259,"GTF2H4","TF2H4_HUMAN"
0.347101330749999,6.534748256125,0.666687897837504,0.525827814778318,0.6254625123744,-7.92053672429952,"SEGN_HUMAN",9,0.685542897710552,0.513364262610124,0.615701105512341,0.347101330749999,"Non-significant",0.210630066617259,"SCGN","SEGN_HUMAN"
0.492247581499999,7.26521158225,0.667708811849351,0.525212660883325,0.624931891387005,-7.91980657749319,"LMBL2_HUMAN",3,0.684906062657831,0.513744252320255,0.616069185205211,0.492247581499999,"Non-significant",0.210370513378353,"L3MBTL2","LMBL2_HUMAN"
0.0380635264999967,9.70371699325,0.671968565450111,0.522650792930598,0.622586706276429,-7.91674941043279,"WDR20_HUMAN",16,0.684463193662729,0.514008609621896,0.616298516430009,0.0380635264999967,"Non-significant",0.210208877713161,"WDR20","WDR20_HUMAN"
0.0903043747500005,7.471980929375,0.674574397848496,0.521087481322091,0.621163396982591,-7.91487079253072,"GPTC4_HUMAN",9,0.683945835736548,0.514317539032452,0.616542204964973,0.0903043747500005,"Non-significant",0.210037188725962,"GPATCH4","GPTC4_HUMAN"
0.0711817739999994,8.17813313,0.673668010993774,0.52163091468994,0.621723272047724,-7.9155249588423,"KLH11_HUMAN",11,0.683877851995459,0.514358142758772,0.616542204964973,0.0711817739999994,"Non-significant",0.210037188725962,"KLHL11","KLH11_HUMAN"
0.0200679325000017,11.58682787625,0.690316005204343,0.51170636575698,0.612579599057745,-7.90338642147989,"GIPC1_HUMAN",16,0.683605958054333,0.514520553280215,0.6166224311637,0.0200679325000017,"Non-significant",0.209980680787867,"GIPC1","GIPC1_HUMAN"
0.0178511125000007,13.83138859375,0.667727540339557,0.525201380191348,0.624931891387005,-7.91979317386261,"UFD1_HUMAN",19,0.683520875601672,0.514571382228671,0.6166224311637,0.0178511125000007,"Non-significant",0.209980680787867,"UFD1","UFD1_HUMAN"
0.0280864225000013,12.31099736375,0.643938690954487,0.539651445162642,0.637611722915042,-7.93654970534092,"PLOD3_HUMAN",38,0.683079091747226,0.514835358152256,0.616851063804601,0.0280864225000013,"Non-significant",0.209819681956731,"PLOD3","PLOD3_HUMAN"
0.037272452749999,8.632301330625,0.655314717737056,0.532711072362736,0.631536094085162,-7.9286038433808,"FEM1B_HUMAN",26,0.681184724834416,0.515968248327223,0.618120574921854,0.037272452749999,"Non-significant",0.208926800128755,"FEM1B","FEM1B_HUMAN"
0.0753445622500006,8.596974849625,0.664045022784016,0.527422371518235,0.626993334137663,-7.92242229498095,"BRAF_HUMAN",15,0.680968177573073,0.516097849702096,0.61818797429856,0.0753445622500006,"Non-significant",0.20887944758487,"BRAF","BRAF_HUMAN"
0.0122327800000033,15.900125505,0.669105680941771,0.524371703063594,0.624283769085174,-7.91880595377339,"RDH11_HUMAN",19,0.680687488829471,0.516265869448249,0.618301365953295,0.0122327800000033,"Non-significant",0.208799794055349,"RDH11","RDH11_HUMAN"
0.220730185500004,8.43348997825,0.664678006963138,0.527040191753231,0.626664095963886,-7.92197129246761,"IGHG2_HUMAN",6,0.680106465838996,0.516613777496931,0.618630136457116,0.220730185500004,"Non-significant",0.208568927239028,"IGHG2","IGHG2_HUMAN"
0.0263116375000028,10.93119776375,0.898539499052236,0.398054696312338,0.507134678841702,-7.73051262119496,"RM40_HUMAN",8,0.679876244065315,0.516751671495336,0.618704591310474,0.0263116375000028,"Non-significant",0.208516661136287,"MRPL40","RM40_HUMAN"
-0.014532805,12.2808469525,-0.738001930102976,0.483952564287358,0.588125167874587,-7.86719243514733,"THYN1_HUMAN",15,-0.679713829758425,0.516848965277526,0.618704591310474,-0.014532805,"Non-significant",0.208516661136287,"THYN1","THYN1_HUMAN"
0.0315980925000012,10.43565964625,0.674649176950635,0.52104266264773,0.621163396982591,-7.91481678764302,"HNF1A_HUMAN",15,0.679635053750666,0.516896159925063,0.618704591310474,0.0315980925000012,"Non-significant",0.208516661136287,"HNF1A","HNF1A_HUMAN"
-0.0262517925000019,10.26754188625,-0.680213498476599,0.517714503874745,0.618191748570652,-7.91078350342529,"STAR7_HUMAN",15,-0.678511201966304,0.517569752166091,0.619389327080357,-0.0262517925000019,"Non-significant",0.208036282398737,"STARD7","STAR7_HUMAN"
0.0317683219999996,9.5321712495,0.863910024628077,0.415588170112639,0.524089576085925,-7.76185815528498,"USF2_HUMAN",7,0.678403262872052,0.517634475446092,0.619389327080357,0.0317683219999996,"Non-significant",0.208036282398737,"USF2","USF2_HUMAN"
-0.0164062949999977,13.88798201,-0.643531494056194,0.539900892699178,0.6378170461894,-7.93683182684911,"MTAP_HUMAN",22,-0.678312887085143,0.517688671168717,0.619389327080357,-0.0164062949999977,"Non-significant",0.208036282398737,"MTAP","MTAP_HUMAN"
0.260972857500002,7.18507105125,0.663365353603566,0.527832930524389,0.627341197319525,-7.92290613767544,"GA2L1_HUMAN",4,0.677199599546882,0.518356567968403,0.620036105690614,0.260972857500002,"Non-significant",0.207583020105553,"GAS2L1","GA2L1_HUMAN"
0.0271284580000017,9.20886623875,0.677373142536284,0.519411712654904,0.620042674687464,-7.91284596928259,"T2EB_HUMAN",15,0.677151165273422,0.518385637443364,0.620036105690614,0.0271284580000017,"Non-significant",0.207583020105553,"GTF2E2","T2EB_HUMAN"
0.0387570857499995,8.526294350625,0.658509769404043,0.530771758075921,0.630170576954119,-7.92634997289909,"CPNE2_HUMAN",19,0.677044047322416,0.518449931534873,0.620036105690614,0.0387570857499995,"Non-significant",0.207583020105553,"CPNE2","CPNE2_HUMAN"
0.0498039699999993,10.4148882625,0.885913962026764,0.404383498310521,0.513258320623307,-7.74205552296999,"RPB11_HUMAN",4,0.676702364411923,0.51865504892193,0.620193418550567,0.0498039699999993,"Non-significant",0.207472846777083,"POLR2J","RPB11_HUMAN"
-0.598909376500004,9.65493249925,-0.657108842715712,0.531621546018423,0.630687967823968,-7.92733941831364,"DSC1_HUMAN",21,-0.676385486710207,0.518845320613745,0.620332937227413,-0.598909376500004,"Non-significant",0.207375158902174,"DSC1","DSC1_HUMAN"
0.313800692499999,6.80955392125,0.658257311225252,0.530924834484167,0.630170576954119,-7.92652841678108,"FOXP1_HUMAN",6,0.675598550094209,0.519318031127323,0.620809081823167,0.313800692499999,"Non-significant",0.207041938404448,"FOXP1","FOXP1_HUMAN"
0.0421180725000028,11.26971983875,0.879562914927214,0.40759472929373,0.516556303295271,-7.74781241734821,"DYLT1_HUMAN",5,0.675337303774383,0.519475020361188,0.620809081823167,0.0421180725000028,"Non-significant",0.207041938404448,"DYNLT1","DYLT1_HUMAN"
0.0694823262500037,9.864502906375,0.747447828025311,0.478574799256251,0.583764203744469,-7.8597758730903,"RLP24_HUMAN",4,0.675194848473295,0.519560637656779,0.620809081823167,0.0694823262500037,"Non-significant",0.207041938404448,"RSL24D1","RLP24_HUMAN"
0.0350067625000001,10.15175282875,0.709404383954009,0.500476109777978,0.602610544515036,-7.88914997546012,"ERI1_HUMAN",10,0.67517792595711,0.519570808870399,0.620809081823167,0.0350067625000001,"Non-significant",0.207041938404448,"ERI1","ERI1_HUMAN"
-0.0215277649999983,10.19243455,-0.68740601086557,0.513432427805647,0.614209755034601,-7.90552692970414,"TOX4_HUMAN",15,-0.675109686953324,0.519611824921395,0.620809081823167,-0.0215277649999983,"Non-significant",0.207041938404448,"TOX4","TOX4_HUMAN"
0.119036793500001,8.07870906575,0.781990443923194,0.459250317875996,0.566269884344173,-7.83197150117208,"S39A9_HUMAN",1,0.67463147189959,0.519899319670802,0.620982430343443,0.119036793500001,"Non-significant",0.206920687283702,"SLC39A9","S39A9_HUMAN"
-0.165235996250001,6.592941999375,-0.655902823924789,0.532353778579226,0.631290095616811,-7.92818970818151,"PLCB1_HUMAN",15,-0.674623254989907,0.51990426040262,0.620982430343443,-0.165235996250001,"Non-significant",0.206920687283702,"PLCB1","PLCB1_HUMAN"
-0.32045102125,7.359418630625,-0.6581974439553,0.530961138631884,0.630170576954119,-7.92657072360261,"S2611_HUMAN",4,-0.673842893927405,0.520373615628862,0.621454973949515,-0.32045102125,"Non-significant",0.206590331662144,"SLC26A11","S2611_HUMAN"
-0.0403828622500004,9.200188875375,-0.692818074502439,0.510225222936113,0.611414330982158,-7.90153964410069,"CFDP1_HUMAN",10,-0.673369575028345,0.52065842600802,0.621707022640827,-0.0403828622500004,"Non-significant",0.206414226926626,"CFDP1","CFDP1_HUMAN"
-0.0446510324999991,17.88733243875,-0.676832352425781,0.519735249909321,0.620077625121821,-7.91323779270599,"THIO_HUMAN",11,-0.672843657812752,0.520975000104032,0.621996922928737,-0.0446510324999991,"Non-significant",0.206211763795316,"TXN","THIO_HUMAN"
0.0142271550000022,13.0164023625,0.659074630054253,0.530429357448478,0.62989420314641,-7.92595049545535,"KCC2D_HUMAN",19,0.67269323962691,0.521065565831942,0.622016945814678,0.0142271550000022,"Non-significant",0.206197783518897,"CAMK2D","KCC2D_HUMAN"
0.0719482899999999,8.37469112875,0.654849090352957,0.532994061282931,0.631721856850976,-7.92893149720403,"IGHM_HUMAN",16,0.672162402833543,0.521385257131029,0.622310440718981,0.0719482899999999,"Non-significant",0.205992912644642,"IGHM","IGHM_HUMAN"
0.0239088550000002,10.302405715,0.654777466228678,0.533037599675658,0.631721856850976,-7.92898187951074,"LCMT1_HUMAN",19,0.671979708891357,0.521495310970259,0.622353670702013,0.0239088550000002,"Non-significant",0.205962744597024,"LCMT1","LCMT1_HUMAN"
0.0382397174999998,13.32799875875,0.95216182199859,0.37198931136817,0.481495378612148,-7.68005359741902,"LSM3_HUMAN",5,0.671014860877901,0.522076769515937,0.622959384236952,0.0382397174999998,"Non-significant",0.205540267589271,"LSM3","LSM3_HUMAN"
0.348810076749999,6.771017730125,0.650880390782356,0.535409834377325,0.63384403005147,-7.93171581107452,"IF140_HUMAN",14,0.669811792338969,0.522802353430168,0.623736877149737,0.348810076749999,"Non-significant",0.204998578428928,"IFT140","IF140_HUMAN"
-0.0363762400000027,16.036785485,-1.00909850728593,0.345748268938565,0.454721822262938,-7.62401149277399,"DYL1_HUMAN",5,-0.669536887555878,0.522968239282207,0.623846488665401,-0.0363762400000027,"Non-significant",0.204922265009187,"DYNLL1","DYL1_HUMAN"
-0.2117877005,6.60724341875,-0.661496202259482,0.528963029416075,0.628507101064012,-7.92423448859989,"PHLA3_HUMAN",3,-0.668652366432536,0.523502207416698,0.624395090747892,-0.2117877005,"Non-significant",0.204540520198798,"PHLDA3","PHLA3_HUMAN"
-0.0473575592500008,9.413167953375,-0.748062140442647,0.478226440552964,0.583764203744469,-7.85929074156366,"RN141_HUMAN",6,-0.667748122009356,0.524048431111078,0.624898767674705,-0.0473575592500008,"Non-significant",0.204190331777788,"RNF141","RN141_HUMAN"
0.0342891249999955,10.80794084,0.644122884009697,0.539538632215554,0.637567801898907,-7.93642203717478,"PIBF1_HUMAN",23,0.667707841815486,0.524072771229385,0.624898767674705,0.0342891249999955,"Non-significant",0.204190331777788,"PIBF1","PIBF1_HUMAN"
-0.245422363500001,6.61121428025,-0.649896727047172,0.53600963722352,0.634464995387874,-7.93240359357126,"RGL3_HUMAN",8,-0.667249849657136,0.524349571419025,0.625140387198156,-0.245422363500001,"Non-significant",0.204022442593433,"RGL3","RGL3_HUMAN"
-0.303578973000001,7.42880481475,-0.653671829402177,0.533709965228828,0.632364534286448,-7.92975899342721,"MFS4B_HUMAN",3,-0.667008837119556,0.524495270311117,0.625225658810975,-0.303578973000001,"Non-significant",0.203963207154202,"MFSD4B","MFS4B_HUMAN"
0.0763432950000009,12.55345261,0.717939175716191,0.495506759081612,0.598027845403624,-7.88267541192273,"THIOM_HUMAN",4,0.666857465389968,0.524586791603328,0.62524633292201,0.0763432950000009,"Non-significant",0.203948846732855,"TXN2","THIOM_HUMAN"
-0.389260887999999,6.73882824175,-0.653069509283347,0.534076471222867,0.632620935348166,-7.93018185299645,"SHF_HUMAN",2,-0.666711393660239,0.524675117811588,0.625263193557738,-0.389260887999999,"Non-significant",0.203937135536894,"SHF","SHF_HUMAN"
0.0435695644999985,8.9671456815,0.645847659084932,0.538482956850247,0.637090845827884,-7.935224981104,"RSBN1_HUMAN",21,0.666193798543832,0.524988169670633,0.625493136525459,0.0435695644999985,"Non-significant",0.203777451414964,"RSBN1","RSBN1_HUMAN"
0.0900607104999978,10.06464505225,0.695098836217451,0.508877473547682,0.609972728175969,-7.89985112436635,"MICA_HUMAN",4,0.666146994011808,0.525016483677497,0.625493136525459,0.0900607104999978,"Non-significant",0.203777451414964,"MICA","MICA_HUMAN"
0.0206065150000008,12.4727597225,0.739940032633772,0.482845904483168,0.587373088308359,-7.86567730575454,"AT1B3_HUMAN",12,0.665979438432897,0.525117852749025,0.62552549191938,0.0206065150000008,"Non-significant",0.203754986890898,"ATP1B3","AT1B3_HUMAN"
-0.0506298524999984,12.09585154125,-0.70504396729668,0.503027358086486,0.604421611020812,-7.89243186130451,"RAB3D_HUMAN",7,-0.665735221940383,0.525265622394737,0.625613103174401,-0.0506298524999984,"Non-significant",0.203694163757762,"RAB3D","RAB3D_HUMAN"
-0.0135548100000022,12.7853657,-0.604698756219955,0.564010312532071,0.66028373949067,-7.96300126657586,"VATH_HUMAN",26,-0.6654683764403,0.525427113690882,0.62571703041826,-0.0135548100000022,"Non-significant",0.203622024475858,"ATP6V1H","VATH_HUMAN"
-0.0193533925000047,17.12556052125,-0.611767661141096,0.559574701226278,0.656093358831033,-7.95834647947024,"APMAP_HUMAN",35,-0.664907390628218,0.52576671473127,0.62599242601104,-0.0193533925000047,"Non-significant",0.203430921360673,"APMAP","APMAP_HUMAN"
-0.0634887217499998,8.227720379875,-0.660168309894626,0.529766792628432,0.629373403109944,-7.92517616738253,"NF2IP_HUMAN",10,-0.664841020378843,0.525806901905109,0.62599242601104,-0.0634887217499998,"Non-significant",0.203430921360673,"NFATC2IP","NF2IP_HUMAN"
0.0113015175000086,16.51534962625,0.562108796893635,0.591166264235645,0.683530924724589,-7.99000590212241,"ERO1A_HUMAN",33,0.663366189394042,0.526700400920336,0.626967614652946,0.0113015175000086,"Non-significant",0.202754891610694,"ERO1A","ERO1A_HUMAN"
-0.0683746349999996,13.368418215,-1.79225504841697,0.115165244406671,0.196623019060934,-6.65523325657009,"PLM_HUMAN",1,-0.662959301822278,0.526947070904337,0.627132893157324,-0.0683746349999996,"Non-significant",0.202640419856003,"FXYD1","PLM_HUMAN"
0.0405738355,9.02194654925,0.693559694541871,0.509786734402743,0.610975740691131,-7.90099113165926,"SAAL1_HUMAN",9,0.662663606160263,0.527126376991738,0.627132893157324,0.0405738355,"Non-significant",0.202640419856003,"SAAL1","SAAL1_HUMAN"
-0.0819177627500025,9.534646511125,-0.702042465244581,0.504788380766325,0.606105592803327,-7.89468072014977,"TXN4B_HUMAN",4,-0.662603337712043,0.527162927623719,0.627132893157324,-0.0819177627500025,"Non-significant",0.202640419856003,"TXNL4B","TXN4B_HUMAN"
-0.0448627472500025,9.260959625375,-0.644210282070979,0.539485108460168,0.637567801898907,-7.93636144832474,"NXN_HUMAN",19,-0.662558632097131,0.527190040969446,0.627132893157324,-0.0448627472500025,"Non-significant",0.202640419856003,"NXN","NXN_HUMAN"
0.041109323749998,9.183084607125,0.645538313359305,0.538672203615282,0.63716924000466,-7.93543988789672,"EOGT_HUMAN",18,0.662449895378348,0.527255991892588,0.627132893157324,0.041109323749998,"Non-significant",0.202640419856003,"EOGT","EOGT_HUMAN"
-0.142585039250001,9.119773507125,-0.669890976552176,0.523899301071923,0.623897599425719,-7.91824261017983,"DRB3_HUMAN",3,-0.662400985561982,0.527285658299437,0.627132893157324,-0.142585039250001,"Non-significant",0.202640419856003,"HLA-DRB3","DRB3_HUMAN"
0.0166268325000001,14.93529581875,0.639296171314385,0.542499609966761,0.640258920807873,-7.93975678780233,"GLRX3_HUMAN",20,0.66128035665713,0.527965660989206,0.627853069480533,0.0166268325000001,"Non-significant",0.202141978205162,"GLRX3","GLRX3_HUMAN"
0.0894199609999982,7.010461986,0.640849650234748,0.541545540132166,0.639311954870312,-7.93868593754018,"DOC11_HUMAN",27,0.66081721897778,0.528246852581817,0.628098846157729,0.0894199609999982,"Non-significant",0.20197200441123,"DOCK11","DOC11_HUMAN"
0.0305128125000014,10.82798814875,0.849233145329197,0.423185239954985,0.5314284384885,-7.77484193067669,"EIF1A_HUMAN",7,0.660359018221886,0.5285251373858,0.628341097746813,0.0305128125000014,"Non-significant",0.201804533566028,"EIF1AD","EIF1A_HUMAN"
-0.0310885924999997,11.82583367875,-0.837360064943889,0.42940320334078,0.537008842872319,-7.78521221244885,"UB2R2_HUMAN",7,-0.660179525303054,0.52863417563769,0.628382099344251,-0.0310885924999997,"Non-significant",0.201776195157755,"UBE2R2","UB2R2_HUMAN"
-0.0569846624999997,15.78520357375,-0.730726406170271,0.488121859090643,0.591911832869376,-7.87284965523049,"ATPMK_HUMAN",5,-0.659534921205389,0.529025873347861,0.628759036442346,-0.0569846624999997,"Non-significant",0.201515760267872,"ATP5MK","ATPMK_HUMAN"
0.0120358449999998,16.21035838,0.540100744280355,0.605482532798366,0.695315023018723,-8.00325299662147,"M2GD_HUMAN",63,0.659323727904358,0.529154245054247,0.628822942557768,0.0120358449999998,"Non-significant",0.201471621478075,"DMGDH","M2GD_HUMAN"
-0.036442994999998,13.57840574,-0.65827922998688,0.530911543098983,0.630170576954119,-7.92651292644424,"ANGT_HUMAN",13,-0.65858987106536,0.529600461234772,0.629264489392147,-0.036442994999998,"Non-significant",0.201166775635606,"AGT","ANGT_HUMAN"
0.0137324300000046,15.58680272,0.553061396252779,0.597028619466463,0.688797458730197,-7.99551052913241,"COPA_HUMAN",90,0.658174170155418,0.529853327534122,0.629476208285428,0.0137324300000046,"Non-significant",0.201020679862103,"COPA","COPA_HUMAN"
-0.026051282500001,14.35672366625,-0.676862034110692,0.519717489025426,0.620077625121821,-7.91321629431427,"NDUS8_HUMAN",13,-0.658020811141694,0.529946632844621,0.629498332616588,-0.026051282500001,"Non-significant",0.2010054158919,"NDUFS8","NDUS8_HUMAN"
0.194642782000001,7.20776367175,0.645413412716905,0.538748624941659,0.637170220237581,-7.93552663214521,"SMBT1_HUMAN",5,0.657762064087343,0.530104080250112,0.629596631312976,0.194642782000001,"Non-significant",0.200937604356266,"SFMBT1","SMBT1_HUMAN"
-0.0136237149999943,16.96753335,-0.582015415036403,0.57838221522526,0.673007246346144,-7.97760707673504,"GLYC_HUMAN",32,-0.657531085742167,0.530244654653509,0.629611827401366,-0.0136237149999943,"Non-significant",0.200927122251752,"SHMT1","GLYC_HUMAN"
-0.0267364974999982,11.42355144125,-0.620750620827952,0.553967970375352,0.650605548598835,-7.95236106767026,"TAOK1_HUMAN",35,-0.657495578098225,0.530266266783995,0.629611827401366,-0.0267364974999982,"Non-significant",0.200927122251752,"TAOK1","TAOK1_HUMAN"
0.0215990550000011,11.04434979,0.613705080831288,0.558362618317786,0.654945520428697,-7.95706220208075,"RPAP3_HUMAN",32,0.656864114107619,0.530650704728651,0.629979547909549,0.0215990550000011,"Non-significant",0.200673549553092,"RPAP3","RPAP3_HUMAN"
-0.024680137499999,10.07993936375,-0.636490154749162,0.5442255157598,0.641846491162635,-7.94168516393012,"KKCC2_HUMAN",20,-0.656598694065837,0.530812344554445,0.630082699936547,-0.024680137499999,"Non-significant",0.200602444563955,"CAMKK2","KKCC2_HUMAN"
-0.0185248875000017,12.38621699875,-0.654686983205488,0.533092605027997,0.631721856850976,-7.92904552067751,"RPAC1_HUMAN",17,-0.655924047610868,0.531223337537793,0.630481767404402,-0.0185248875000017,"Non-significant",0.200327468060211,"POLR1C","RPAC1_HUMAN"
0.0493800640000011,9.29758036125,0.8431200290515,0.426378634943065,0.53409801069031,-7.78019624111091,"DPOD4_HUMAN",4,0.655705632434997,0.531356437283531,0.63055095169124,0.0493800640000011,"Non-significant",0.200279814492491,"POLD4","DPOD4_HUMAN"
0.0357792374999999,15.52022564375,0.64617139215443,0.538284952010452,0.636979343043114,-7.93499998109951,"SET_HUMAN",15,0.654886696957803,0.531855669095505,0.631054537557152,0.0357792374999999,"Non-significant",0.199933106149496,"SET","SET_HUMAN"
0.0534195900000007,9.47067618375,0.655572183736879,0.532554635104917,0.631439445674405,-7.92842258038652,"LRC20_HUMAN",10,0.654735621246531,0.531947797809124,0.631075015866729,0.0534195900000007,"Non-significant",0.199919013116297,"LRRC20","LRC20_HUMAN"
0.024184227500001,10.70088505875,0.6163528017832,0.55670868064507,0.65355117954837,-7.95530117050519,"CORO7_HUMAN",32,0.654520830121721,0.532078798144887,0.631141597180306,0.024184227500001,"Non-significant",0.199873195470082,"CORO7","CORO7_HUMAN"
0.021179195000002,11.096309185,0.608327707559668,0.56173062930266,0.658254897037692,-7.96061774062537,"STA5B_HUMAN",34,0.653731261901192,0.532560522508694,0.631624123290528,0.021179195000002,"Non-significant",0.199541291564479,"STAT5B","STA5B_HUMAN"
-0.0244483924999965,10.94664764375,-0.635492335747743,0.544840049951871,0.642481362765014,-7.94236906852231,"DHYS_HUMAN",19,-0.652379448848159,0.533385897263277,0.632453313340342,-0.0244483924999965,"Non-significant",0.198971527870739,"DHPS","DHYS_HUMAN"
0.0656495092500027,8.059632420375,0.727114344431345,0.490200539605112,0.593493299099611,-7.87564034951419,"DDIT4_HUMAN",4,0.652340436031822,0.533409728857099,0.632453313340342,0.0656495092500027,"Non-significant",0.198971527870739,"DDIT4","DDIT4_HUMAN"
0.0362272275000031,11.34502100875,0.676844458091831,0.519728006092148,0.620077625121821,-7.91322902469371,"RM43_HUMAN",10,0.651312493285537,0.534037898007376,0.633109063615214,0.0362272275000031,"Non-significant",0.198521469056482,"MRPL43","RM43_HUMAN"
0.0294241900000003,13.253483535,0.620879898548648,0.553887526902962,0.650601723002378,-7.95227435668356,"CL16A_HUMAN",29,0.650796725438411,0.534353250294547,0.633393833037932,0.0294241900000003,"Non-significant",0.198326169398958,"CLEC16A","CL16A_HUMAN"
0.0404310225000035,12.10188031125,0.63738714512014,0.543673438789197,0.64128511272798,-7.94106954944662,"DHRSX_HUMAN",16,0.650606786074102,0.534469412168437,0.633442445889729,0.0404310225000035,"Non-significant",0.198292838662151,"DHRSX","DHRSX_HUMAN"
-0.0254633449999986,11.625252365,-0.731188346665497,0.487856438999996,0.591845412252586,-7.87249189873982,"IFT27_HUMAN",10,-0.650018233018072,0.534829453300403,0.633780045250822,-0.0254633449999986,"Non-significant",0.198061438818618,"IFT27","IFT27_HUMAN"
-0.0326788427499984,10.090091586125,-0.739942326682533,0.482844595571948,0.587373088308359,-7.86567551034018,"MRGBP_HUMAN",8,-0.649775278021341,0.534978121529269,0.633851442497436,-0.0326788427499984,"Non-significant",0.198012516982012,"MRGBP","MRGBP_HUMAN"
-0.0123755949999982,12.3541589975,-0.615964292541383,0.556951186100942,0.653653793879816,-7.95555999969782,"NCK1_HUMAN",21,-0.649674002344069,0.535040101242052,0.633851442497436,-0.0123755949999982,"Non-significant",0.198012516982012,"NCK1","NCK1_HUMAN"
-0.0345869064999995,9.8822567465,-0.657576431116562,0.531337818070175,0.630440099734446,-7.92700937795639,"CEP43_HUMAN",12,-0.649411285354103,0.535200901821293,0.633891171524482,-0.0345869064999995,"Non-significant",0.19798529679231,"CEP43","CEP43_HUMAN"
-0.180460572,7.41858452575,-0.634651388226742,0.545358297074352,0.642912599446113,-7.94294470912398,"IFT43_HUMAN",7,-0.649373479306352,0.535224044102473,0.633891171524482,-0.180460572,"Non-significant",0.19798529679231,"IFT43","IFT43_HUMAN"
0.0261702525,11.65508508625,0.656138398083739,0.53221070110275,0.631209230279313,-7.92802372812904,"TBL1R_HUMAN",14,0.648849799792275,0.535544667593698,0.634181793080539,0.0261702525,"Non-significant",0.197786230423338,"TBL1XR1","TBL1R_HUMAN"
-0.29777169225,6.213904500125,-0.644486414566905,0.539316022511552,0.637483488115253,-7.93616997091626,"TSN7_HUMAN",1,-0.648641792862279,0.53567205253912,0.6342365918983,-0.29777169225,"Non-significant",0.197748705227449,"TSPAN7","TSN7_HUMAN"
0.549654364749999,6.821816146375,0.634155244436791,0.545664193489281,0.643093328708214,-7.9432840071677,"A0AAQ5BIG5_HUMAN;GAK5_HUMAN",1,0.648528514996528,0.535741432473116,0.6342365918983,0.549654364749999,"Non-significant",0.197748705227449,"LOC124906262;ERVK-5","A0AAQ5BIG5_HUMAN;GAK5_HUMAN"
0.0230069175000018,13.97452449875,0.820647925470053,0.438264655834903,0.54582340189604,-7.79960528434493,"LTOR1_HUMAN",9,0.647990997589987,0.536070723282867,0.634537301860874,0.0230069175000018,"Non-significant",0.197542842416925,"LAMTOR1","LTOR1_HUMAN"
0.304825425000001,7.12296599125,0.630904296145363,0.547671126938563,0.644827479950433,-7.94550136333396,"MTEF2_HUMAN",6,0.647574524859983,0.53632594498415,0.634750265413003,0.304825425000001,"Non-significant",0.197397108859316,"MTERF2","MTEF2_HUMAN"
-0.00864362500000482,17.0708119875,-0.483644503960986,0.643053451087977,0.728436707327047,-8.03499044938137,"S2513_HUMAN",49,-0.647227199123081,0.53653884866988,0.634913092157576,-0.00864362500000482,"Non-significant",0.197285717510356,"SLC25A13","S2513_HUMAN"
0.0426914689999975,8.5406080485,0.625579907342978,0.550967677887805,0.647713606264478,-7.94911089914737,"LAMC2_HUMAN",23,0.646688457386753,0.536869188073796,0.635214821206349,0.0426914689999975,"Non-significant",0.197079377248091,"LAMC2","LAMC2_HUMAN"
-0.0222144099999966,10.28167367,-0.634295524673494,0.545577693470278,0.643081300274224,-7.9431880977142,"AAKG2_HUMAN",18,-0.646407520788988,0.537041498496254,0.635329514501744,-0.0222144099999966,"Non-significant",0.197000968861958,"PRKAG2","AAKG2_HUMAN"
0.0285496700000021,10.13032341,0.614110411777753,0.558109233480753,0.654823336175647,-7.95679305376679,"TTC17_HUMAN",32,0.646186592340172,0.537177026934278,0.635342702520734,0.0285496700000021,"Non-significant",0.196991953973935,"TTC17","TTC17_HUMAN"
0.0194964425000013,12.53437471375,0.642718309012765,0.540399258022517,0.638316332100868,-7.93739475664553,"STX5_HUMAN",17,0.646143608278197,0.537203397895987,0.635342702520734,0.0194964425000013,"Non-significant",0.196991953973935,"STX5","STX5_HUMAN"
-0.0555787085000006,8.54369878775,-0.763783586240974,0.469368925808509,0.574878040633525,-7.84675968007823,"PADC1_HUMAN",4,-0.644719409141352,0.538077596127322,0.636287325723513,-0.0555787085000006,"Non-significant",0.196346727436668,"PRADC1","PADC1_HUMAN"
0.0550541874999997,12.67838597375,0.669604547367342,0.524071574395638,0.624014592538612,-7.91844815199458,"DNS2A_HUMAN",7,0.644498779022459,0.538213099837388,0.636358285668305,0.0550541874999997,"Non-significant",0.196298296809609,"DNASE2","DNS2A_HUMAN"
0.33887648575,6.984336376125,0.628698076934917,0.549035644061133,0.645982892768187,-7.94700033826155,"PSTK_HUMAN",4,0.644281019189646,0.538346860986141,0.636427165673517,0.33887648575,"Non-significant",0.196251290920007,"PSTK","PSTK_HUMAN"
-0.1081473825,7.06658530225,-0.627671252099637,0.549671419241173,0.646501183340988,-7.94769639198361,"HAUS5_HUMAN",13,-0.644134420730009,0.538436921893699,0.636444371706911,-0.1081473825,"Non-significant",0.196239549773883,"HAUS5","HAUS5_HUMAN"
-0.388186097250001,7.354029357375,-0.626588586551456,0.550342248596615,0.6470686027927,-7.94842919450583,"TANC2_HUMAN",6,-0.643855074170898,0.538608560176885,0.636557985660538,-0.388186097250001,"Non-significant",0.196162029236748,"TANC2","TANC2_HUMAN"
0.0348637125000018,11.52359569125,0.971893782677113,0.362728474891223,0.472191245537934,-7.66091358270474,"RNAS6_HUMAN",5,0.643002388279622,0.539132678937715,0.637088090672367,0.0348637125000018,"Non-significant",0.195800513272403,"RNASE6","RNAS6_HUMAN"
0.500123023749999,8.060981988875,0.623750694591257,0.552102965110991,0.648776786967872,-7.95034464003354,"ZFY27_HUMAN",7,0.641556955698072,0.54002184473643,0.63804935930521,0.500123023749999,"Non-significant",0.195145723089649,"ZFYVE27","ZFY27_HUMAN"
0.0492391575000042,10.42243838375,0.644600781488057,0.539246000985218,0.637483488115253,-7.93609064453955,"RPB4_HUMAN",10,0.641193130310776,0.540245793460828,0.638224497979162,0.0492391575000042,"Non-significant",0.195026529611371,"POLR2D","RPB4_HUMAN"
0.106021166,8.757975936,0.633188224310967,0.546260706175305,0.643706345918026,-7.94394464192819,"SPP24_HUMAN",7,0.640752778768519,0.540516922046957,0.638402181085204,0.106021166,"Non-significant",0.194905637898476,"SPP2","SPP24_HUMAN"
-0.0530247699999951,11.1844935425,-0.656306427154992,0.532108662092067,0.631177021217848,-7.92790530647779,"CAAP1_HUMAN",8,-0.640702837340265,0.540547676640776,0.638402181085204,-0.0530247699999951,"Non-significant",0.194905637898476,"CAAP1","CAAP1_HUMAN"
-0.257375955500001,7.123567462,-0.627993632867836,0.549471764286151,0.646405792207672,-7.94747796948643,"TRHY_HUMAN",3,-0.639241592964478,0.541447997843584,0.639375899947264,-0.257375955500001,"Non-significant",0.194243737656405,"TCHH","TRHY_HUMAN"
0.00820970500000229,15.6534037575,0.459544319670264,0.659447022660316,0.742020952343319,-8.04754049480211,"COPB_HUMAN",64,0.638869414752891,0.541677453612632,0.639502999889863,0.00820970500000229,"Non-significant",0.19415741391784,"COPB1","COPB_HUMAN"
-0.0114562499999984,12.6878470175,-0.55002645851713,0.59900235328646,0.690318681412575,-7.99733868459017,"LSG1_HUMAN",32,-0.638820897735642,0.541707369701462,0.639502999889863,-0.0114562499999984,"Non-significant",0.19415741391784,"LSG1","LSG1_HUMAN"
0.077394962249997,8.788576841375,0.679173458879267,0.51833555614823,0.618845666115217,-7.9115395871474,"BORG1_HUMAN",4,0.63855846717397,0.541869204327649,0.639604470421194,0.077394962249997,"Non-significant",0.194088509477911,"CDC42EP2","BORG1_HUMAN"
0.15330505,16.86709547,0.67655928336801,0.519898666508356,0.620184808944089,-7.91343553721947,"SAA1_HUMAN",1,0.638080170631977,0.542164233238953,0.639863108648997,0.15330505,"Non-significant",0.193912928386977,"SAA1","SAA1_HUMAN"
-0.0333070800000002,10.8417551525,-0.760481591447222,0.47122006026222,0.576558845688816,-7.84941000456108,"RWDD4_HUMAN",7,-0.637807350804675,0.542332560731113,0.639972162173114,-0.0333070800000002,"Non-significant",0.193838916762278,"RWDD4","RWDD4_HUMAN"
-0.0141191499999991,16.2702350625,-0.764637006286366,0.468891287940762,0.574459980530914,-7.84607310150275,"DEST_HUMAN",13,-0.637150509073836,0.542737955493983,0.640360894017186,-0.0141191499999991,"Non-significant",0.193575197725747,"DSTN","DEST_HUMAN"
-0.0131535549999988,15.3561999775,-0.634975366832153,0.545158604813248,0.642767083504108,-7.942723021783,"NDRG1_HUMAN",18,-0.635528086878418,0.543740075859877,0.641453477875844,-0.0131535549999988,"Non-significant",0.192834835835365,"NDRG1","NDRG1_HUMAN"
0.0411546250000043,10.8325198875,0.659110722841998,0.530407483797607,0.62989420314641,-7.92592495981317,"RPB7_HUMAN",9,0.635141609074663,0.543978955205372,0.641645481867629,0.0411546250000043,"Non-significant",0.192704859461953,"POLR2G","RPB7_HUMAN"
0.0109999175000013,10.94154202875,0.535970008667277,0.608190622618172,0.697474660958989,-8.0056850761854,"CUL4B_HUMAN",35,0.634882892802079,0.544138901216014,0.64174434005174,0.0109999175000013,"Non-significant",0.192637952956693,"CUL4B","CUL4B_HUMAN"
-0.0220270124999988,11.69547605625,-0.641020559021039,0.541440638867195,0.639311954870312,-7.9385679845077,"LS14A_HUMAN",15,-0.634387774910515,0.544445076376066,0.641926172513203,-0.0220270124999988,"Non-significant",0.192514916968253,"LSM14A","LS14A_HUMAN"
-0.0109686850000017,14.8768186575,-0.598434237632807,0.567958409579338,0.66398355538755,-7.96708553277823,"LACB2_HUMAN",21,-0.634387264958104,0.544445391778015,0.641926172513203,-0.0109686850000017,"Non-significant",0.192514916968253,"LACTB2","LACB2_HUMAN"
0.042461632500002,13.28044855625,0.690875871624632,0.511374705504656,0.612356498465513,-7.90297369180183,"CREG1_HUMAN",7,0.634262477254944,0.544522575383431,0.641927382924048,0.042461632500002,"Non-significant",0.192514098066832,"CREG1","CREG1_HUMAN"
0.0220444174999983,10.43557250625,0.938706874195072,0.378406001781324,0.487480389578906,-7.69293023024526,"LYSM2_HUMAN",8,0.634010508287894,0.544678443069775,0.642000467104064,0.0220444174999983,"Non-significant",0.192464655948836,"LYSMD2","LYSM2_HUMAN"
0.0158629425000001,13.28950357375,0.552835275390466,0.59717554977867,0.68887268497118,-7.99564705608181,"USP9X_HUMAN",113,0.633889196587196,0.544753495880154,0.642000467104064,0.0158629425000001,"Non-significant",0.192464655948836,"USP9X","USP9X_HUMAN"
-0.0201525675000003,15.14862632875,-0.674802881429314,0.520950547846653,0.621163396982591,-7.91470576690789,"PGDH_HUMAN",13,-0.633792915977384,0.54481306693503,0.642000467104064,-0.0201525675000003,"Non-significant",0.192464655948836,"HPGD","PGDH_HUMAN"
0.0462419974999975,11.74368512625,0.632764793173418,0.546522026573147,0.64385935930378,-7.94423363171963,"COMD8_HUMAN",11,0.632987910034012,0.545311295727181,0.642492451905178,0.0462419974999975,"Non-significant",0.19213197012147,"COMMD8","COMD8_HUMAN"
0.0156548025000021,10.55403959625,0.565632864374661,0.588891572988759,0.681929807490349,-7.98783965244754,"HIP1_HUMAN",41,0.632872055479242,0.545383022111941,0.642492451905178,0.0156548025000021,"Non-significant",0.19213197012147,"HIP1","HIP1_HUMAN"
0.0210516450000036,12.967460275,0.652635308192935,0.534340774602291,0.632756165934632,-7.93048646976026,"IMA3_HUMAN",14,0.632628096232056,0.54553407751488,0.64258059521701,0.0210516450000036,"Non-significant",0.19207239350193,"KPNA4","IMA3_HUMAN"
0.0180943024999998,11.41778075875,0.689611883179538,0.512123676305731,0.612905078458186,-7.90390507957245,"RB22A_HUMAN",13,0.632253753685594,0.545765912765168,0.642763850593489,0.0180943024999998,"Non-significant",0.191948556191888,"RAB22A","RB22A_HUMAN"
-0.52696156825,10.860396267125,-0.613995973797904,0.558180765265396,0.654823336175647,-7.95686905920791,"DSG1_HUMAN",30,-0.632036960799239,0.545900202421231,0.642832188629304,-0.52696156825,"Non-significant",0.191902384873712,"DSG1","DSG1_HUMAN"
0.014832734999997,11.0528751625,0.557521616324141,0.594134538318618,0.686209923744536,-7.99280707284598,"WDR3_HUMAN",44,0.631426661036987,0.546278351242265,0.643187627129634,0.014832734999997,"Non-significant",0.191662318614408,"WDR3","WDR3_HUMAN"
0.0209968087500023,9.327739596375,0.586709803957248,0.575390698584724,0.670533416061197,-7.97462593293185,"PLXB1_HUMAN",37,0.631294253748979,0.546360413025863,0.643194402429469,0.0209968087500023,"Non-significant",0.191657743806514,"PLXNB1","PLXB1_HUMAN"
0.0130405400000022,16.9273390775,0.582643034818739,0.577981745595797,0.672808746530448,-7.97720977159545,"KAD3_HUMAN",24,0.630887278305208,0.546612689503566,0.643401530488139,0.0130405400000022,"Non-significant",0.191517910357016,"AK3","KAD3_HUMAN"
0.0117499850000016,13.024436595,0.547108620465597,0.600903332375397,0.691839165318599,-7.99908758430403,"TBC15_HUMAN",32,0.630335826069248,0.546954635583575,0.64371413338927,0.0117499850000016,"Non-significant",0.191306955395519,"TBC1D15","TBC15_HUMAN"
0.28772258725,6.867367148375,0.612448268333846,0.559148724216621,0.655685113581232,-7.95789573500882,"TGFI1_HUMAN",6,0.628528767078065,0.548076057463571,0.644943890598973,0.28772258725,"Non-significant",0.190478066858086,"TGFB1I1","TGFI1_HUMAN"
0.0168969624999971,10.94141471375,0.574072551252957,0.583464096822277,0.677325822247659,-7.98260148359901,"COG7_HUMAN",34,0.62830542823034,0.54821475196657,0.645017049738445,0.0168969624999971,"Non-significant",0.190428805505103,"COG7","COG7_HUMAN"
-0.13318657875,7.453032731875,-0.684829544553776,0.514963741926812,0.615604790909247,-7.9074154895371,"WASH6_HUMAN",1,-0.628113380506263,0.548334031273398,0.645067348165175,-0.13318657875,"Non-significant",0.190394940543673,"WASH6P","WASH6_HUMAN"
0.0112824425000007,16.37538743125,0.584760013261814,0.576632126049241,0.671701518859737,-7.97586677903486,"COMT_HUMAN",22,0.627854687633446,0.548494727817749,0.645166349536116,0.0112824425000007,"Non-significant",0.190328292541437,"COMT","COMT_HUMAN"
0.23838722675,6.864305794375,0.614987211805117,0.557561352409146,0.654278802653027,-7.95621029289812,"MED21_HUMAN",4,0.627658107343194,0.548616859635764,0.645219967890311,0.23838722675,"Non-significant",0.190292200783403,"MED21","MED21_HUMAN"
0.0252218225000007,10.56845974875,0.800776593674225,0.44896713458512,0.556194000208404,-7.81640565421446,"CSTOS_HUMAN",8,0.625724924365544,0.549818774936935,0.646543311097017,0.0252218225000007,"Non-significant",0.189402376985591,"CUSTOS","CSTOS_HUMAN"
0.0220193875000021,14.67621159625,0.609134354142236,0.561224638541864,0.657753403541348,-7.96008618092399,"TM9S2_HUMAN",19,0.625099822797481,0.550207753591133,0.646910469384804,0.0220193875000021,"Non-significant",0.189155820324565,"TM9SF2","TM9S2_HUMAN"
0.022306685000002,12.37452209,0.891835434843619,0.401406137573249,0.51063270956911,-7.73665808783096,"STAR5_HUMAN",8,0.623760774755203,0.551041546489029,0.64780044565635,0.022306685000002,"Non-significant",0.188558757551487,"STARD5","STAR5_HUMAN"
0.0539963247500008,8.512154460125,0.627203063130121,0.549961452978903,0.646711089168412,-7.94801342493269,"SUFU_HUMAN",9,0.622910057893871,0.55157165700524,0.648333216691838,0.0539963247500008,"Non-significant",0.18820172719176,"SUFU","SUFU_HUMAN"
0.0586661095000007,7.49480038875,0.605107216975029,0.563753448689409,0.660114279595965,-7.96273362896206,"KDM6A_HUMAN",19,0.622588220576426,0.551772283632272,0.64847860830123,0.0586661095000007,"Non-significant",0.188104345639985,"KDM6A","KDM6A_HUMAN"
0.0199635025000013,11.60182034875,0.583529846496457,0.577416163192576,0.672428963740014,-7.97664772508337,"IP3KC_HUMAN",29,0.622312295346001,0.551944324092993,0.648590367737326,0.0199635025000013,"Non-significant",0.188029505354058,"ITPKC","IP3KC_HUMAN"
0.110382199249999,6.954959690625,0.719206382312858,0.494771680569778,0.59757715988936,-7.88170837917536,"SELW_HUMAN",1,0.621975818435462,0.552154161810161,0.648746505422058,0.110382199249999,"Non-significant",0.187924968534629,"SELENOW","SELW_HUMAN"
0.13538396375,8.222445428375,0.640962839388718,0.541476064932056,0.639311954870312,-7.93860782296068,"S39A8_HUMAN",2,0.62006354633179,0.553347613343687,0.650058123048632,0.13538396375,"Non-significant",0.187047810448274,"SLC39A8","S39A8_HUMAN"
0.0556465389999987,7.8531305195,0.607760636874943,0.562086500732701,0.658580360672218,-7.96099104561799,"NGAP_HUMAN",13,0.618997237423362,0.554013760625416,0.650749998371186,0.0556465389999987,"Non-significant",0.186585824305757,"RASAL2","NGAP_HUMAN"
-0.0271484875000034,11.06217944625,-0.672855283338504,0.522118496213599,0.622216429320575,-7.9161108696467,"CD2B2_HUMAN",10,-0.618538950129386,0.55430020866716,0.650995744580673,-0.0271484875000034,"Non-significant",0.186421850312257,"CD2BP2","CD2B2_HUMAN"
0.029008389999996,11.7974958425,0.645770191715629,0.538530344824258,0.637090845827884,-7.93527880736733,"NECP1_HUMAN",11,0.61836016564871,0.554411979903626,0.651036302397278,0.029008389999996,"Non-significant",0.186394794087341,"NECAP1","NECP1_HUMAN"
-0.0293955774999972,17.52435612625,-0.631916659706808,0.547045679139461,0.64436109970186,-7.94481195894168,"ACTA_HUMAN",12,-0.617278562984477,0.555088452563134,0.651713662332594,-0.0293955774999972,"Non-significant",0.185943174487812,"ACTA2","ACTA_HUMAN"
0.32603502275,7.712862968375,0.603485937283574,0.564773408796385,0.660993482747116,-7.96379498576085,"YBEY_HUMAN",3,0.617190671000748,0.555143444720373,0.651713662332594,0.32603502275,"Non-significant",0.185943174487812,"YBEY","YBEY_HUMAN"
-0.214527011000001,7.28334754725,-0.60363240820487,0.564681218249647,0.6609773626755,-7.96369920550532,"LGR4_HUMAN",5,-0.616885130017591,0.555334640268073,0.651769751526951,-0.214527011000001,"Non-significant",0.18590579890273,"LGR4","LGR4_HUMAN"
0.2691715955,6.909064591,0.599760381009589,0.56712128633943,0.663201731113426,-7.96622413826283,"ASTRA_HUMAN",11,0.616867182951555,0.555345872044912,0.651769751526951,0.2691715955,"Non-significant",0.18590579890273,"GRAMD1A","ASTRA_HUMAN"
0.500902533499996,8.11309248225,0.599519958169981,0.567272998826919,0.663274255390775,-7.96638043257186,"MFS10_HUMAN",4,0.615963469050445,0.555911614743138,0.652342893034931,0.500902533499996,"Non-significant",0.185524064684709,"MFSD10","MFS10_HUMAN"
0.0461611747500008,8.542217731375,0.603153114605493,0.564982924215444,0.661146892713034,-7.96401254708484,"BUD13_HUMAN",15,0.61578470410888,0.556023565347489,0.652383439910076,0.0461611747500008,"Non-significant",0.185497071615443,"BUD13","BUD13_HUMAN"
-0.490182876749998,6.744390487625,-0.596704957893471,0.569051094575853,0.664894367286503,-7.96820619180641,"TMM94_HUMAN",7,-0.613761058160252,0.557291788796208,0.653780443669205,-0.490182876749998,"Non-significant",0.184568074476935,"TMEM94","TMM94_HUMAN"
-0.0379211900000023,11.174799085,-0.609282243170522,0.561131900376657,0.657736168582234,-7.95998865690447,"HAT1_HUMAN",13,-0.613118255770369,0.557694990263951,0.654162409258954,-0.0379211900000023,"Non-significant",0.184314415760502,"HAT1","HAT1_HUMAN"
-0.0543215275000026,10.76338136125,-0.805582444007081,0.446362263609406,0.55378091256457,-7.81237395668609,"LFA3_HUMAN",3,-0.612466535346953,0.55810396057926,0.654551034329008,-0.0543215275000026,"Non-significant",0.184056486525892,"CD58","LFA3_HUMAN"
-0.0255370142499984,9.195222854625,-0.653085853119257,0.534066524108835,0.632620935348166,-7.9301703833537,"APBA3_HUMAN",11,-0.612328514074717,0.558190594858944,0.654561564282977,-0.0255370142499984,"Non-significant",0.184049499959712,"APBA3","APBA3_HUMAN"
-0.325433253500002,9.92650818925,-0.594017354682138,0.57075174818016,0.666324997979303,-7.96994206274208,"PIP_HUMAN",8,-0.610694514549247,0.559216836390934,0.655673767413991,-0.325433253500002,"Non-significant",0.183312191497811,"PIP","PIP_HUMAN"
0.140262365499998,7.4989802835,0.594360082286361,0.570534713706869,0.666263659678363,-7.96972109651248,"MBIP1_HUMAN",12,0.610481437881083,0.559350741740857,0.65573955523417,0.140262365499998,"Non-significant",0.183268618221849,"MBIP","MBIP1_HUMAN"
0.0184659975000017,14.10912466125,0.59974294092335,0.567132290647238,0.663201731113426,-7.96623547763727,"AIMP2_HUMAN",18,0.609427256607936,0.560013505073099,0.656425230741365,0.0184659975000017,"Non-significant",0.182814734503221,"AIMP2","AIMP2_HUMAN"
0.0136709224999993,12.97071361625,0.588174821043817,0.574458940551952,0.669818012161074,-7.97369112812651,"YTHD3_HUMAN",20,0.609158898205514,0.560182295285374,0.656531780723083,0.0136709224999993,"Non-significant",0.182744246179834,"YTHDF3","YTHD3_HUMAN"
0.209468960500002,7.13810330625,0.605649991050051,0.563412227313862,0.659858505492364,-7.96237773218085,"KCP3_HUMAN",2,0.608594047558108,0.560537668415389,0.65677704763367,0.209468960500002,"Non-significant",0.182582032898693,"KRTCAP3","KCP3_HUMAN"
0.035346269499998,9.45735371125,0.587289432753975,0.57502194761933,0.670289032842392,-7.97425633385496,"GCFC2_HUMAN",24,0.60857857387425,0.56054740546644,0.65677704763367,0.035346269499998,"Non-significant",0.182582032898693,"GCFC2","GCFC2_HUMAN"
0.0214762675000006,13.16868710375,0.652677783938924,0.534314915553779,0.632756165934632,-7.93045667854493,"SAP18_HUMAN",12,0.608096932356555,0.560850535182701,0.656966129677604,0.0214762675000006,"Non-significant",0.182457020201702,"SAP18","SAP18_HUMAN"
-0.0292227275000005,10.10828030125,-0.583293708128654,0.577566734216907,0.672463490713566,-7.97679746159648,"PHAR4_HUMAN",26,-0.608064257199349,0.560871103349291,0.656966129677604,-0.0292227275000005,"Non-significant",0.182457020201702,"PHACTR4","PHAR4_HUMAN"
0.0496041775000009,8.7877203225,0.591669966004158,0.572239536455077,0.66769200619876,-7.97145238544054,"DHX35_HUMAN",18,0.607950669809369,0.560942607105199,0.656966129677604,0.0496041775000009,"Non-significant",0.182457020201702,"DHX35","DHX35_HUMAN"
-0.36974155925,7.331002772125,-0.596701901170209,0.569053027121229,0.664894367286503,-7.96820817011555,"ZCH10_HUMAN",1,-0.606496816055668,0.561858284761863,0.657945815207796,-0.36974155925,"Non-significant",0.181809871014039,"ZCCHC10","ZCH10_HUMAN"
0.0381500722499979,8.857067465625,0.592246949377344,0.571873632700509,0.667449854615423,-7.97108165371782,"SIR1_HUMAN",17,0.606374734894079,0.561935214578351,0.657945815207796,0.0381500722499979,"Non-significant",0.181809871014039,"SIRT1","SIR1_HUMAN"
-0.0127935425000025,14.67761778875,-0.539566011450373,0.605832729357214,0.695527659459542,-8.00356880489157,"PCY2_HUMAN",31,-0.605450937672854,0.56251754742124,0.65853616766856,-0.0127935425000025,"Non-significant",0.181420368025607,"PCYT2","PCY2_HUMAN"
0.18469011825,6.970297753875,0.605673306556061,0.563397572466622,0.659858505492364,-7.96236243775917,"ZNHI1_HUMAN",2,0.604564585779821,0.563076606519939,0.659099113505981,0.18469011825,"Non-significant",0.181049272489276,"ZNHIT1","ZNHI1_HUMAN"
0.0168359300000009,10.9767361875,0.584477217304017,0.576812309586111,0.671818565358758,-7.97604643856728,"CCDC9_HUMAN",20,0.604026035769133,0.563416450494755,0.65940534035272,0.0168359300000009,"Non-significant",0.180847539940324,"CCDC9","CCDC9_HUMAN"
-0.0220317825000009,10.44755291875,-0.575996999334163,0.582230495703005,0.676167105026265,-7.98139714673796,"NSUN6_HUMAN",24,-0.602914588717087,0.56411819000623,0.660134974810845,-0.0220317825000009,"Non-significant",0.180367257151502,"NSUN6","NSUN6_HUMAN"
0.0177013849999987,10.8385454425,0.562542295743791,0.590886186438201,0.683530924724589,-7.98974009807787,"UTP4_HUMAN",28,0.602270567739831,0.56452504103154,0.660519374077575,0.0177013849999987,"Non-significant",0.180114439318821,"UTP4","UTP4_HUMAN"
-0.0438141822500011,8.638066530125,-0.577676560045143,0.581155087343576,0.675197275150792,-7.98034306056307,"UBP34_HUMAN",53,-0.601721809082724,0.564871845968173,0.660833419800934,-0.0438141822500011,"Non-significant",0.179908001904196,"USP34","UBP34_HUMAN"
-0.027921677500002,11.26100230125,-0.628997987522574,0.548850033166449,0.645854659997207,-7.94679684562833,"GLTP_HUMAN",11,-0.601328823879073,0.565120281096168,0.66095710827788,-0.027921677500002,"Non-significant",0.179826722424538,"GLTP","GLTP_HUMAN"
0.0336880699999984,10.04543590575,0.600592968305956,0.566596087541195,0.662758593100851,-7.96568245119567,"ARH_HUMAN",13,0.601306488929203,0.565134402581407,0.66095710827788,0.0336880699999984,"Non-significant",0.179826722424538,"LDLRAP1","ARH_HUMAN"
-0.0204360474999987,10.27286064625,-0.56669760512941,0.588205282342711,0.68132229282214,-7.98718271883539,"RABX5_HUMAN",28,-0.600879951121712,0.565404124490655,0.661165873001932,-0.0204360474999987,"Non-significant",0.179689571237078,"RABGEF1","RABX5_HUMAN"
-0.0157918950000013,11.3749520775,-0.544630477851996,0.60252045807131,0.693235727693567,-8.00056621788881,"EDEM3_HUMAN",37,-0.600776140939107,0.565469780338228,0.661165873001932,-0.0157918950000013,"Non-significant",0.179689571237078,"EDEM3","EDEM3_HUMAN"
-0.0235230924999978,10.13942897125,-0.631778278330576,0.547131146999641,0.644371725312278,-7.94490625292397,"SIDT2_HUMAN",12,-0.60062825744542,0.565563318456652,0.661183524448144,-0.0235230924999978,"Non-significant",0.179677976834414,"SIDT2","SIDT2_HUMAN"
0.0136504175000027,15.57292533125,0.62292169021672,0.552617941891968,0.649291417926874,-7.95090270774017,"FAH2A_HUMAN",16,0.600130219590958,0.565878399500494,0.661460134432071,0.0136504175000027,"Non-significant",0.17949632519967,"FAHD2A","FAH2A_HUMAN"
-0.068333387500001,14.25043571125,-0.612982549058906,0.558814464378881,0.655384321726672,-7.95754158170144,"TIM9_HUMAN",6,-0.599870944559324,0.566042468773128,0.661560173223612,-0.068333387500001,"Non-significant",0.179430647756967,"TIMM9","TIM9_HUMAN"
0.0193398000000009,12.1604121925,0.580055447546099,0.579633849428255,0.674177072434679,-7.97884529585591,"PP2BA_HUMAN",20,0.598847157076588,0.566690590951869,0.662225841000042,0.0193398000000009,"Non-significant",0.178993876461085,"PPP3CA","PP2BA_HUMAN"
0.118955135499999,6.85414350025,0.580909891067461,0.57908801155124,0.673724340837185,-7.97830596428803,"CIZ1_HUMAN",16,0.59746037064526,0.567569199297718,0.663115846663842,0.118955135499999,"Non-significant",0.178410593507942,"CIZ1","CIZ1_HUMAN"
0.0349664700000005,13.362630845,0.727769351528708,0.48982316319577,0.593121597841854,-7.87513517322921,"SYPL1_HUMAN",6,0.59739672318838,0.567609542493726,0.663115846663842,0.0349664700000005,"Non-significant",0.178410593507942,"SYPL1","SYPL1_HUMAN"
-0.236657619500001,7.209078908,-0.586152192113566,0.575745571398335,0.670854219147991,-7.97498118007443,"TM134_HUMAN",3,-0.596450848624922,0.568209284236841,0.663724508984525,-0.236657619500001,"Non-significant",0.178012145111898,"TMEM134","TM134_HUMAN"
0.315115809499998,7.489129126,0.57869376992304,0.580504328505587,0.674929158340255,-7.97970330388746,"SHAN2_HUMAN",38,0.595774868278987,0.568638120889188,0.664133396283077,0.315115809499998,"Non-significant",0.177744680494804,"SHANK2","SHAN2_HUMAN"
0.0357539652500005,9.645911335875,0.625400409222234,0.551079020013259,0.647754156978352,-7.94923210777339,"TRM7_HUMAN",9,0.595602351081196,0.568747594368842,0.664169225953861,0.0357539652500005,"Non-significant",0.177721251152645,"FTSJ1","TRM7_HUMAN"
-0.0168907624999974,10.52919995875,-0.552595714196405,0.597331235337936,0.688957988870205,-7.99579164209043,"KS6A1_HUMAN",29,-0.594870710194072,0.569212003645282,0.664552998880183,-0.0168907624999974,"Non-significant",0.177470377846359,"RPS6KA1","KS6A1_HUMAN"
-0.221409678750001,7.395291149625,-0.578130625751765,0.580864547850868,0.675138896005925,-7.9800576104175,"HS12A_HUMAN",13,-0.594720081494987,0.569307642397473,0.664552998880183,-0.221409678750001,"Non-significant",0.177470377846359,"HSPA12A","HS12A_HUMAN"
0.0178756699999987,11.15294218,0.54234501886592,0.604013965512142,0.694480113941051,-8.00192440492579,"COG1_HUMAN",48,0.594712030986082,0.569312754171764,0.664552998880183,0.0178756699999987,"Non-significant",0.177470377846359,"COG1","COG1_HUMAN"
-0.022030114999998,10.990694405,-0.562702794244167,0.590782509409913,0.683530924724589,-7.98964163927672,"ASPC1_HUMAN",28,-0.593899112064061,0.569829063724362,0.665063580466996,-0.022030114999998,"Non-significant",0.17713683390586,"ASPSCR1","ASPC1_HUMAN"
0.0331432820000011,9.4503360985,0.578600144495751,0.580564207851069,0.674929158340255,-7.97976223082692,"DPH2_HUMAN",18,0.593333729385233,0.570188314460563,0.665390738278843,0.0331432820000011,"Non-significant",0.176923248466272,"DPH2","DPH2_HUMAN"
0.330468535500001,6.95012182,0.577679946672239,0.581152920061624,0.675197275150792,-7.98034093230323,"MEGF8_HUMAN",5,0.592965841085129,0.570422144981241,0.665571464569059,0.330468535500001,"Non-significant",0.176805306077089,"MEGF8","MEGF8_HUMAN"
-0.0904862880000001,7.1377516985,-0.591948794202929,0.572062695890354,0.667578078867478,-7.97127326961568,"ST1C2_HUMAN",6,-0.592776858269915,0.570542284279572,0.665619503694466,-0.0904862880000001,"Non-significant",0.176773961022043,"SULT1C2","ST1C2_HUMAN"
0.022391080000002,12.9531563525,0.56230649071862,0.591038527663388,0.683530924724589,-7.98988470749487,"PSMD5_HUMAN",27,0.591855588629943,0.571128158047927,0.666206696854901,0.022391080000002,"Non-significant",0.176391006000124,"PSMD5","PSMD5_HUMAN"
-0.0270781514999996,9.49416279775,-0.566900640595372,0.588074464784194,0.68132229282214,-7.98705731990145,"TIF1A_HUMAN",26,-0.591736875909224,0.571203677562032,0.666206696854901,-0.0270781514999996,"Non-significant",0.176391006000124,"TRIM24","TIF1A_HUMAN"
-0.0317249299999993,10.824080945,-0.763348358099097,0.469612638483254,0.574925915726266,-7.84710957144566,"TNR5_HUMAN",6,-0.591426920826752,0.57140088362776,0.666344500290314,-0.0317249299999993,"Non-significant",0.176301182401707,"CD40","TNR5_HUMAN"
-0.079180956250001,9.217822909375,-0.690963033153483,0.511323084058904,0.612356498465513,-7.90290941057915,"MUC24_HUMAN",2,-0.590864786993949,0.571758635880786,0.666642725400652,-0.079180956250001,"Non-significant",0.176106855675315,"CD164","MUC24_HUMAN"
0.0182955275000012,13.40212285625,0.690367430551321,0.511675896091507,0.612579599057745,-7.90334852328197,"RHEB_HUMAN",11,0.590776563322028,0.571814794714286,0.666642725400652,0.0182955275000012,"Non-significant",0.176106855675315,"RHEB","RHEB_HUMAN"
-0.0611286162500022,9.263830185125,-0.826861223883821,0.434955207657862,0.542566566479947,-7.79428214482376,"CYTM1_HUMAN",2,-0.590338047939735,0.572093978939809,0.666875167842208,-0.0611286162500022,"Non-significant",0.17595545392621,"CYSTM1","CYTM1_HUMAN"
-0.388206601250001,6.514024794125,-0.577123839142841,0.581508864555272,0.675422105461814,-7.98069025492331,"ASPN_HUMAN",2,-0.590214883770382,0.572172406434316,0.666875167842208,-0.388206601250001,"Non-significant",0.17595545392621,"ASPN","ASPN_HUMAN"
0.0109560499999954,15.272897125,0.529331852133437,0.612556327851333,0.701123781894936,-8.00955734288335,"HNRPL_HUMAN",26,0.589868345740051,0.572393105242933,0.666993395056131,0.0109560499999954,"Non-significant",0.175878466690465,"HNRNPL","HNRPL_HUMAN"
-0.379188656750001,8.614215791375,-0.579535491204281,0.579966153474383,0.674466709110869,-7.97917314275045,"EMP3_HUMAN",1,-0.589807115598332,0.572432105805677,0.666993395056131,-0.379188656750001,"Non-significant",0.175878466690465,"EMP3","EMP3_HUMAN"
0.0215544702500026,9.867897749125,0.627615018502748,0.549706249970917,0.646501183340988,-7.94773448161661,"CDK7_HUMAN",12,0.589128201948771,0.572864642235951,0.66740512362223,0.0215544702500026,"Non-significant",0.175610463620212,"CDK7","CDK7_HUMAN"
-0.0113279824999974,12.12233698375,-0.496490264669003,0.6344005678279,0.720765923469655,-8.02805563286109,"EP15R_HUMAN",47,-0.588312448925071,0.573384606802496,0.667918580809596,-0.0113279824999974,"Non-significant",0.175276474740338,"EPS15L1","EP15R_HUMAN"
-0.0176722999999992,9.670708537,-0.550132522887646,0.598933314781713,0.690318681412575,-7.9972749504522,"KDM4A_HUMAN",28,-0.588010930465286,0.573576864385068,0.668050212781779,-0.0176722999999992,"Non-significant",0.1751908933411,"KDM4A","KDM4A_HUMAN"
0.014045239999998,11.942448615,0.680395142550411,0.517606084617437,0.61814985650898,-7.91065134827405,"CAVN1_HUMAN",13,0.587550354656415,0.573870613121486,0.668299999723819,0.014045239999998,"Non-significant",0.175028539055783,"CAVIN1","CAVN1_HUMAN"
-0.0426566575000003,10.28294265375,-0.583233120209882,0.577605371072039,0.672463490713566,-7.97683587181261,"BAG4_HUMAN",12,-0.587368252051921,0.573986779327619,0.668342942803219,-0.0426566575000003,"Non-significant",0.175000633409731,"BAG4","BAG4_HUMAN"
-0.021489619999997,12.877834795,-0.554864260187842,0.595857861232452,0.687729140398239,-7.99442016521567,"SSRP1_HUMAN",28,-0.585955220332429,0.574888632128531,0.669228005463118,-0.021489619999997,"Non-significant",0.174425893227269,"SSRP1","SSRP1_HUMAN"
-1.2264934775,10.5296008,-0.569348538121267,0.586498555925105,0.679977662241085,-7.98554221650858,"CAHD1_HUMAN",5,-0.585928519751584,0.574905681285851,0.669228005463118,-1.2264934775,"Non-significant",0.174425893227269,"CACHD1","CAHD1_HUMAN"
-0.0369195950000005,12.8273253425,-0.686233989262548,0.514128656053485,0.614780882660637,-7.9063867969528,"RASN_HUMAN",6,-0.585284333549192,0.575317101870067,0.669614450657663,-0.0369195950000005,"Non-significant",0.174175182593703,"NRAS","RASN_HUMAN"
0.0846776962500027,8.478685617375,0.571846337835801,0.584892987228852,0.678417915144076,-7.98399008102822,"ANR16_HUMAN",11,0.584447568487245,0.575851767067928,0.67014421436084,0.0846776962500027,"Non-significant",0.173831727505856,"ANKRD16","ANR16_HUMAN"
0.128958225250001,7.960093975125,0.582410693975064,0.578129978336513,0.672888371637457,-7.97735689683327,"NIPA1_HUMAN",4,0.584319940699031,0.575933341902965,0.670146623260643,0.128958225250001,"Non-significant",0.1738301663941,"NIPA1","NIPA1_HUMAN"
-0.288044453000002,7.5488096475,-0.571100751811339,0.585371983689506,0.678880084000942,-7.984454038498,"CSAD_HUMAN",3,-0.583519518264726,0.57644509171637,0.670649506980992,-0.288044453000002,"Non-significant",0.173504390341945,"CSAD","CSAD_HUMAN"
0.0140652650000028,14.84541297,0.588025137796049,0.574554099839358,0.669836308097641,-7.97378673579293,"EIF3F_HUMAN",17,0.583044362349771,0.576749004983491,0.670910483439946,0.0140652650000028,"Non-significant",0.173335421919706,"EIF3F","EIF3F_HUMAN"
0.0165243175000001,11.19590997625,0.537490844442187,0.607192803679296,0.69651988870615,-8.00479164731482,"ITIH1_HUMAN",32,0.582688055419913,0.576976961396504,0.671083042308697,0.0165243175000001,"Non-significant",0.173223735293091,"ITIH1","ITIH1_HUMAN"
0.0327033997500017,9.196752309875,0.556869810732401,0.594556983402267,0.686509700424343,-7.99320339202851,"SYNJ1_HUMAN",35,0.58196893986718,0.577437189986113,0.671525672515583,0.0327033997500017,"Non-significant",0.172937379542206,"SYNJ1","SYNJ1_HUMAN"
0.0507206915000005,8.42708349225,0.57283380727431,0.5842589369912,0.677899571311256,-7.98337475589426,"FOXO3_HUMAN",12,0.580851647690036,0.578152662620502,0.672161651599426,0.0507206915000005,"Non-significant",0.172526268679751,"FOXO3","FOXO3_HUMAN"
0.0157113074999984,17.19504857125,0.573462313660263,0.58385557894482,0.677651405960455,-7.98298260813586,"DHI1_HUMAN",18,0.580782807578615,0.578196761749388,0.672161651599426,0.0157113074999984,"Non-significant",0.172526268679751,"HSD11B1","DHI1_HUMAN"
0.357394337500001,7.1357458235,0.565486589348809,0.588985891448846,0.681945340525044,-7.98792981430109,"IFT22_HUMAN",5,0.580741393084013,0.578223292887346,0.672161651599426,0.357394337500001,"Non-significant",0.172526268679751,"IFT22","IFT22_HUMAN"
0.2491300105,8.5090254545,0.572792812848186,0.584285251581003,0.677899571311256,-7.98340032016214,"CRUM3_HUMAN",2,0.580612155326106,0.578306090200411,0.672165200537681,0.2491300105,"Non-significant",0.17252397565957,"CRB3","CRUM3_HUMAN"
0.0157477850000003,12.4191979175,0.572476965107954,0.584488018882216,0.678041496168208,-7.98359722793842,"GOSR1_HUMAN",18,0.579859324783513,0.578788531546653,0.672633190735798,0.0157477850000003,"Non-significant",0.172221706456765,"GOSR1","GOSR1_HUMAN"
0.0490323305000002,8.01764243825,0.558654174775733,0.593400908741968,0.685560461174919,-7.99211742930515,"SRGP2_HUMAN",35,0.578925349433364,0.579387374361199,0.673236308035642,0.0490323305000002,"Non-significant",0.171832470304173,"SRGAP2","SRGP2_HUMAN"
0.175899863500001,7.12172395,0.562216044973024,0.591096965752716,0.683530924724589,-7.9899401593819,"AMOL2_HUMAN",19,0.578678793009188,0.579545519062461,0.67332724744004,0.175899863500001,"Non-significant",0.171773810642078,"AMOTL2","AMOL2_HUMAN"
0.0223000050000017,10.1147521725,0.55082248325131,0.598484319263195,0.689917081820942,-7.99686007724562,"TLR3_HUMAN",26,0.578175548921859,0.579868382679245,0.673609509041256,0.0223000050000017,"Non-significant",0.171591790726048,"TLR3","TLR3_HUMAN"
0.0169508475000004,10.44909298375,0.555305281509406,0.59557166185474,0.687587116528366,-7.99415294178271,"CIAO3_HUMAN",21,0.57757365847472,0.580254668049268,0.673965357170633,0.0169508475000004,"Non-significant",0.171362426278178,"CIAO3","CIAO3_HUMAN"
-0.0901180507499992,7.807871758875,-0.638447041789693,0.543021535316049,0.640785177261512,-7.9403411331144,"ZNG1B_HUMAN",2,-0.577292281342445,0.580435302137147,0.674082276345276,-0.0901180507499992,"Non-significant",0.171287091621982,"ZNG1B","ZNG1B_HUMAN"
0.0298287867500004,9.733325123875,0.578537890658628,0.580604025047478,0.674929158340255,-7.9798014079841,"ATG13_HUMAN",13,0.576380058475149,0.581021135389557,0.674632925278473,0.0298287867500004,"Non-significant",0.170932467004193,"ATG13","ATG13_HUMAN"
0.0438201450000051,10.6037708525,0.735603497183012,0.485324395905206,0.589452353470459,-7.8690627063114,"RM42_HUMAN",4,0.576228162056652,0.581118716340794,0.674632925278473,0.0438201450000051,"Non-significant",0.170932467004193,"MRPL42","RM42_HUMAN"
-0.0106513499999981,11.2882751225,-0.566007265923474,0.58865019681968,0.681743955618726,-7.98760877949035,"T2FB_HUMAN",19,-0.576180147817901,0.58114956346506,0.674632925278473,-0.0106513499999981,"Non-significant",0.170932467004193,"GTF2F2","T2FB_HUMAN"
-0.274710655250001,6.278870105625,-0.558914066260507,0.593232632077719,0.685543989002344,-7.9919589938366,"F13B_HUMAN",11,-0.57493016256575,0.5819529517613,0.675472518644451,-0.274710655250001,"Non-significant",0.170392315396729,"F13B","F13B_HUMAN"
-0.3937027455,7.53400576125,-0.558914816673837,0.593232146232594,0.685543989002344,-7.99195853627063,"SIAH1_HUMAN",4,-0.57381516639002,0.582670108673875,0.67621180586701,-0.3937027455,"Non-significant",0.1699172512305,"SIAH1","SIAH1_HUMAN"
-0.0276992299999996,10.1575173125,-0.631295985286814,0.547429086494113,0.644632546809008,-7.94523474619168,"PCLI1_HUMAN",9,-0.573122303060541,0.583116003831205,0.676633288342499,-0.0276992299999996,"Non-significant",0.169646640027444,"PID1","PCLI1_HUMAN"
-0.0129480399999995,13.8071212775,-0.514197289233599,0.622572657130839,0.710680515568235,-8.01821871261131,"NPL4_HUMAN",32,-0.573001393252973,0.583193835544934,0.676633288342499,-0.0129480399999995,"Non-significant",0.169646640027444,"NPLOC4","NPL4_HUMAN"
-0.0126168725000007,11.42593586375,-0.582000394823482,0.578391801225705,0.673007246346144,-7.97761658027922,"2A5E_HUMAN",17,-0.572600515462944,0.583451929286177,0.676839569495346,-0.0126168725000007,"Non-significant",0.169514259438389,"PPP2R5E","2A5E_HUMAN"
0.0217409149999988,17.6011099825,0.548586906285907,0.59993980946365,0.691210040181672,-7.99820259523726,"HCDH_HUMAN",23,0.571953643764322,0.583868534721712,0.677229651736522,0.0217409149999988,"Non-significant",0.16926403505272,"HADH","HCDH_HUMAN"
0.0237069149999982,12.3167638775,0.546993605648784,0.60097833295323,0.691839165318599,-7.99915634686818,"RBM12_HUMAN",25,0.571607578463781,0.584091480187802,0.677395031164417,0.0237069149999982,"Non-significant",0.169157993321429,"RBM12","RBM12_HUMAN"
0.0344893924999994,10.22975122875,0.564890840742509,0.589370119368063,0.682202792660451,-7.9882968049685,"TM63A_HUMAN",14,0.571371090079993,0.584243860499169,0.67747853902153,0.0344893924999994,"Non-significant",0.16910445769658,"TMEM63A","TM63A_HUMAN"
-0.0279910575000013,11.00268828875,-0.568980985985007,0.586735026339923,0.680086569997142,-7.98577009004711,"COA7_HUMAN",14,-0.570235623641694,0.584975804659126,0.678233983146049,-0.0279910575000013,"Non-significant",0.168620453538977,"COA7","COA7_HUMAN"
0.0375843075000049,16.09178733875,1.3118329760593,0.229999167218774,0.332532243651294,-7.28802474700701,"RL38_HUMAN",3,0.569879131758265,0.585205712531675,0.678407227469328,0.0375843075000049,"Non-significant",0.168509533933348,"RPL38","RL38_HUMAN"
0.0283410549999967,9.59068810925,0.542742358108392,0.603754165518608,0.69427610656976,-8.00168865459614,"APC5_HUMAN",34,0.56919925112455,0.585644319999042,0.678822328557745,0.0283410549999967,"Non-significant",0.168243880835902,"ANAPC5","APC5_HUMAN"
0.0214710250000003,18.73459196,0.543444028444456,0.603295528599196,0.694032757003224,-8.00127194943137,"NNMT_HUMAN",24,0.568232682931287,0.586268193704938,0.679452028700525,0.0214710250000003,"Non-significant",0.167841200309108,"NNMT","NNMT_HUMAN"
0.302075624999999,6.96414899825,0.551877347421574,0.597798221156645,0.689402272011131,-7.99622486387116,"DUS9_HUMAN",8,0.56737018262123,0.586825210681405,0.680004083150064,0.302075624999999,"Non-significant",0.167488479522855,"DUSP9","DUS9_HUMAN"
0.0129456499999989,18.30350566,0.503089874304893,0.629978571734188,0.7171919747633,-8.02442683296259,"TBB4B_HUMAN",36,0.56505341269243,0.588322883680109,0.681645853819882,0.0129456499999989,"Non-significant",0.166441202585353,"TUBB4B","TBB4B_HUMAN"
-0.0250320425000012,12.85010886125,-0.750370933542569,0.476918704044352,0.582516701404121,-7.8574644074906,"LTOR2_HUMAN",7,-0.564417764900095,0.588734170090485,0.682028631073763,-0.0250320425000012,"Non-significant",0.166197393589341,"LAMTOR2","LTOR2_HUMAN"
0.0405962450000015,10.8795434225,0.752535506433972,0.475694828039666,0.581248780449998,-7.85574779039272,"RM54_HUMAN",4,0.564028634028026,0.58898603051316,0.682226638889024,0.0405962450000015,"Non-significant",0.16607132671016,"MRPL54","RM54_HUMAN"
0.0466754434999999,8.067257762,0.559845558428237,0.592629721195675,0.685129052250493,-7.99139058134132,"TB10B_HUMAN",11,0.563678426556048,0.589212749556496,0.68231845082973,0.0466754434999999,"Non-significant",0.166012884640957,"TBC1D10B","TB10B_HUMAN"
0.0146367549999979,12.010951875,0.63273028196288,0.546543328487192,0.64385935930378,-7.9442571778427,"TXND9_HUMAN",13,0.563656119796943,0.589227192263567,0.68231845082973,0.0146367549999979,"Non-significant",0.166012884640957,"TXNDC9","TXND9_HUMAN"
0.0437312124999991,8.84638190275,0.59402180205231,0.570748931546859,0.666324997979303,-7.96993919613569,"HOMEZ_HUMAN",7,0.563071620751808,0.589605701585935,0.682662975091737,0.0437312124999991,"Non-significant",0.165793650904575,"HOMEZ","HOMEZ_HUMAN"
-0.0384016037500015,8.915712833375,-0.791304289974153,0.454132070731849,0.561684405605099,-7.82429298768001,"RPC9_HUMAN",4,-0.56274954628231,0.589814328098401,0.68281073637432,-0.0384016037500015,"Non-significant",0.165699658747309,"CRCP","RPC9_HUMAN"
-0.0171957000000038,12.441106795,-0.535167254090139,0.608717668701498,0.697794264855831,-8.00615571958436,"CTBP1_HUMAN",23,-0.56177506580494,0.590445806351929,0.683447912900358,-0.0171957000000038,"Non-significant",0.165294578392333,"CTBP1","CTBP1_HUMAN"
-0.0156762574999991,14.39979922875,-0.553910486739527,0.59647707112034,0.688289889849311,-7.99499740884014,"METK2_HUMAN",18,-0.561544847995831,0.590595045890235,0.683526794151969,-0.0156762574999991,"Non-significant",0.165244456481281,"MAT2A","METK2_HUMAN"
0.206138253249999,7.605556905375,0.544757096549701,0.602437774348635,0.693235221840907,-8.00049081806084,"RPGF6_HUMAN",20,0.560744295279375,0.591114170286691,0.684033682227694,0.206138253249999,"Non-significant",0.164922512833285,"RAPGEF6","RPGF6_HUMAN"
0.0220589650000029,13.19014287,0.6050534663534,0.563787246270181,0.660114279595965,-7.9627688575511,"GOSR2_HUMAN",11,0.56016947080382,0.591487075756869,0.684371250728161,0.0220589650000029,"Non-significant",0.164708242720016,"GOSR2","GOSR2_HUMAN"
-0.345836877750002,6.968067646125,-0.545446469720357,0.601987713833313,0.69281191151024,-8.00008002207303,"N42L1_HUMAN",3,-0.558814660962227,0.592366496728609,0.685294702295559,-0.345836877750002,"Non-significant",0.164122625504506,"N4BP2L1","N42L1_HUMAN"
-0.0416615007499992,8.550522446625,-0.546770444913297,0.60112386965685,0.691912207747861,-7.99928972743461,"CEP97_HUMAN",15,-0.558181050002934,0.592778028630558,0.685676684963219,-0.0416615007499992,"Non-significant",0.163880617581391,"CEP97","CEP97_HUMAN"
0.0239470000000033,12.1245275725,0.637880338738401,0.543370034406879,0.641087833288937,-7.94073073541791,"SCAM2_HUMAN",9,0.556908091221156,0.593605296748188,0.686539386154017,0.0239470000000033,"Non-significant",0.163334542624329,"SCAMP2","SCAM2_HUMAN"
0.016467332499996,14.67826330625,0.547486838728348,0.600656734567295,0.69165787099286,-7.9988613696124,"ASPDH_HUMAN",18,0.555988790648622,0.59420312682467,0.687063428396638,0.016467332499996,"Non-significant",0.163003167844246,"ASPDH","ASPDH_HUMAN"
0.0243287074999987,11.10666394375,0.541182482540257,0.604774440962455,0.694880556552962,-8.00261325041594,"CDK2_HUMAN",19,0.555960660769131,0.594221425200082,0.687063428396638,0.0243287074999987,"Non-significant",0.163003167844246,"CDK2","CDK2_HUMAN"
-0.00955295499999309,16.28685093,-0.502515114298124,0.630363044199549,0.717413934125981,-8.02474464102107,"IPYR2_HUMAN",24,-0.555682645445591,0.594402289802773,0.687178288403178,-0.00955295499999309,"Non-significant",0.162930570619845,"PPA2","IPYR2_HUMAN"
0.0227012625,11.88085842125,0.523908840739334,0.616135385122883,0.704477097287138,-8.01268764276704,"VINEX_HUMAN",36,0.555174972337566,0.594732638107769,0.687465908750739,0.0227012625,"Non-significant",0.162748833510112,"SORBS3","VINEX_HUMAN"
-0.288936257250001,6.600727260125,-0.538945359609171,0.606239333027071,0.695615482995533,-8.00393499448356,"TREA_HUMAN",18,-0.554725320677508,0.595025315808277,0.68770991182613,-0.288936257250001,"Non-significant",0.16259471621291,"TREH","TREA_HUMAN"
-0.021069765,10.4017349475,-0.543182121111233,0.603466698260021,0.694078501481962,-8.00142754790229,"KPCI_HUMAN",18,-0.55456861412442,0.595127334567505,0.687733521122772,-0.021069765,"Non-significant",0.162579807003257,"PRKCI","KPCI_HUMAN"
0.0254611950000019,12.362015485,0.539422947789499,0.605926440521479,0.695540510303085,-8.00365324806756,"AASD1_HUMAN",19,0.554253864878258,0.595332271069346,0.687876040143046,0.0254611950000019,"Non-significant",0.162489817480015,"AARSD1","AASD1_HUMAN"
0.0126814850000052,18.2400319575,0.491276899470327,0.637905037365105,0.723966818358755,-8.03089057316606,"ECHB_HUMAN",38,0.554002798469017,0.595495770896916,0.68797064869656,0.0126814850000052,"Non-significant",0.162430089934598,"HADHB","ECHB_HUMAN"
-0.203545570249999,6.647964000625,-0.557248977967448,0.594311218983988,0.686319943117692,-7.99297289763025,"PA2GD_HUMAN",1,-0.55358975447996,0.595764807816947,0.688181736320683,-0.203545570249999,"Non-significant",0.162296857318688,"PLA2G2D","PA2GD_HUMAN"
0.0234413124999993,12.13336586875,0.63778263753379,0.54343013036534,0.641087833288937,-7.94079787274686,"RT28_HUMAN",9,0.553471609850381,0.595841773836557,0.688181736320683,0.0234413124999993,"Non-significant",0.162296857318688,"MRPS28","RT28_HUMAN"
-0.0351009349999991,10.9202742575,-0.590133152024594,0.573214795039007,0.668737371264193,-7.97243824230034,"GSTA4_HUMAN",8,-0.553092745675777,0.596088624072983,0.688356611136999,-0.0351009349999991,"Non-significant",0.162186512164412,"GSTA4","GSTA4_HUMAN"
0.22773897675,7.060779988875,0.537853469728526,0.606955017353027,0.696341886656957,-8.00457827494974,"DEFI8_HUMAN",10,0.552988562916459,0.596156514568762,0.688356611136999,0.22773897675,"Non-significant",0.162186512164412,"DEF8","DEFI8_HUMAN"
0.0112082949999976,10.9803045975,0.460004854357765,0.65913183629015,0.741917698166352,-8.04730633127076,"AKP13_HUMAN",98,0.55222695863523,0.596652941753975,0.688754946191094,0.0112082949999976,"Non-significant",0.161935269307802,"AKAP13","AKP13_HUMAN"
0.13053011875,7.448879957375,0.540932271812443,0.604938185350159,0.694973962698172,-8.00276133134778,"KNOP1_HUMAN",7,0.552208585096176,0.596664920760158,0.688754946191094,0.13053011875,"Non-significant",0.161935269307802,"KNOP1","KNOP1_HUMAN"
0.0636489390000037,8.45832049825,0.57406442693458,0.58346930778743,0.677325822247659,-7.98260656007909,"LYRM9_HUMAN",5,0.551327176589186,0.597239728409485,0.689324068295707,0.0636489390000037,"Non-significant",0.161576557505335,"LYRM9","LYRM9_HUMAN"
-0.0158975149999989,14.586419225,-0.543131200254288,0.603499980704864,0.694078501481962,-8.00145779183162,"NPS3A_HUMAN",18,-0.551155046995852,0.597352017646041,0.689359276661894,-0.0158975149999989,"Non-significant",0.161554375763297,"NIPSNAP3A","NPS3A_HUMAN"
0.0471680162499997,8.583532452625,0.747930262903167,0.4783012102114,0.583764203744469,-7.85939491592318,"ARL5A_HUMAN",3,0.550980396936031,0.597465962963897,0.689396386286474,0.0471680162499997,"Non-significant",0.161530997429314,"ARL5A","ARL5A_HUMAN"
0.0204422474999983,12.42989981125,0.517122540771201,0.620629915883195,0.709231231152311,-8.01656278390474,"MA2B1_HUMAN",34,0.550193406213585,0.597979560003236,0.689871375635504,0.0204422474999983,"Non-significant",0.16123187456558,"MAN2B1","MA2B1_HUMAN"
0.0247929124999988,11.97043335375,0.721429467560972,0.493483837561866,0.596458164640189,-7.88000833044164,"NOP10_HUMAN",7,0.550098821896833,0.598041302855454,0.689871375635504,0.0247929124999988,"Non-significant",0.16123187456558,"NOP10","NOP10_HUMAN"
0.0452616219999982,9.0818065405,0.539291253395616,0.606012711461111,0.695544818206115,-8.00373096229591,"KHDC4_HUMAN",14,0.549947421542867,0.598140141418543,0.689890975919115,0.0452616219999982,"Non-significant",0.161219535781285,"KHDC4","KHDC4_HUMAN"
0.0661919114999989,7.57485675825,0.53915889227228,0.606099425925336,0.695549633917584,-8.00380905233953,"STN1_HUMAN",11,0.549280233182842,0.598575808102278,0.690299013065276,0.0661919114999989,"Non-significant",0.160962747531021,"STN1","STN1_HUMAN"
0.0433738232499969,8.883233904875,0.577408334695766,0.581326753603739,0.675303639212502,-7.98051158545706,"NUD14_HUMAN",7,0.548974559084689,0.598775467999983,0.690390731819676,0.0433738232499969,"Non-significant",0.160905047458823,"NUDT14","NUD14_HUMAN"
0.0189571350000044,18.45271206,0.709330600663055,0.500519210125729,0.602610544515036,-7.88920565504366,"RIDA_HUMAN",9,0.5488682227224,0.598844933228247,0.690390731819676,0.0189571350000044,"Non-significant",0.160905047458823,"RIDA","RIDA_HUMAN"
0.0180220650000003,11.9971034525,0.549745769196267,0.599185078402149,0.690434863411034,-7.99750729646344,"AGFG2_HUMAN",16,0.548782310276647,0.598901059564061,0.690390731819676,0.0180220650000003,"Non-significant",0.160905047458823,"AGFG2","AGFG2_HUMAN"
0.0137906124999994,11.02960848875,0.494993069128097,0.635405977494059,0.721713648335456,-8.02887264354247,"RHG12_HUMAN",36,0.548332719501063,0.599194822801102,0.690569316262427,0.0137906124999994,"Non-significant",0.160792722357773,"ARHGAP12","RHG12_HUMAN"
-0.0370151975000006,13.35177242625,-0.595962854126797,0.569520385471872,0.665348209167347,-7.96868621153082,"LSM8_HUMAN",7,-0.54829444691322,0.599219833805124,0.690569316262427,-0.0370151975000006,"Non-significant",0.160792722357773,"LSM8","LSM8_HUMAN"
0.00903844749999649,14.33632111625,0.515537878427319,0.621681934766482,0.710106212455084,-8.01746091346072,"MMAA_HUMAN",21,0.548058016605674,0.59937435285982,0.690652962440932,0.00903844749999649,"Non-significant",0.160740121014222,"MMAA","MMAA_HUMAN"
0.0458614824999994,9.42596733575,0.586775094545367,0.575349154895726,0.670533416061197,-7.97458431709307,"SMAD5_HUMAN",6,0.54764867451878,0.599641929962031,0.690866843582554,0.0458614824999994,"Non-significant",0.160605649687895,"SMAD5","SMAD5_HUMAN"
0.0314764975000017,10.23094415625,0.550813479904024,0.598490177040542,0.689917081820942,-7.9968654940355,"RCCD1_HUMAN",12,0.54730746399788,0.599865021002874,0.690980658331049,0.0314764975000017,"Non-significant",0.160534109062357,"RCCD1","RCCD1_HUMAN"
-0.0382080074999998,10.52965283375,-0.532824723567321,0.610257067747696,0.69917858149318,-8.00752538739659,"PSIP1_HUMAN",18,-0.547134199862253,0.599978322321168,0.690980658331049,-0.0382080074999998,"Non-significant",0.160534109062357,"PSIP1","PSIP1_HUMAN"
-0.303316950750003,6.936438262375,-0.536412417927077,0.607900266303378,0.69723654166161,-8.00542541975594,"NXT2_HUMAN",2,-0.547121471868296,0.599986645904016,0.690980658331049,-0.303316950750003,"Non-significant",0.160534109062357,"NXT2","NXT2_HUMAN"
-0.0622150900000005,10.593884825,-0.994392956955844,0.352384938740113,0.461649463574823,-7.63872305696134,"RASLC_HUMAN",1,-0.546548527179713,0.600361393430676,0.691317784867099,-0.0622150900000005,"Non-significant",0.160322270297822,"RASL12","RASLC_HUMAN"
0.0301787850000039,11.26321852,0.541374300291586,0.604648926887636,0.694880556552962,-8.00249968516919,"ATG5_HUMAN",14,0.545715304162789,0.600906609960856,0.691851088015305,0.0301787850000039,"Non-significant",0.159987371746437,"ATG5","ATG5_HUMAN"
0.0161991125000007,14.35336399125,0.509691929473488,0.625571074970173,0.712848261582207,-8.02075203499774,"HEM6_HUMAN",28,0.545247227377307,0.601213012814324,0.692015488576806,0.0161991125000007,"Non-significant",0.159884185126823,"CPOX","HEM6_HUMAN"
-0.0129008274999975,15.55754589875,-0.521337973474097,0.617836005359787,0.706325741106422,-8.01416118079648,"HTAI2_HUMAN",21,-0.545246332580502,0.601213598629487,0.692015488576806,-0.0129008274999975,"Non-significant",0.159884185126823,"HTATIP2","HTAI2_HUMAN"
0.0536911487499978,9.146547436625,0.547859382987898,0.600413890792858,0.691472699206586,-7.99863840802253,"PO2F1_HUMAN",8,0.543658584022838,0.602253572848083,0.693117881695316,0.0536911487499978,"Non-significant",0.15919289667819,"POU2F1","PO2F1_HUMAN"
0.0111918450000008,10.5150530325,0.471725261471878,0.651135492579033,0.735106059857173,-8.04127266688994,"AFG2A_HUMAN",38,0.542020103736261,0.603327801929976,0.694259391463177,0.0111918450000008,"Non-significant",0.15847823670115,"AFG2A","AFG2A_HUMAN"
-0.0324292174999972,11.22798347625,-0.526725730458072,0.614274906031244,0.702826548518712,-8.01106538597148,"SCRN3_HUMAN",18,-0.540410211826892,0.604384300567004,0.695380189664111,-0.0324292174999972,"Non-significant",0.157777685873224,"SCRN3","SCRN3_HUMAN"
-0.0415983200000039,13.19143844,-0.589251001900045,0.573775039950158,0.669113144955712,-7.97300308530381,"VAMP2_HUMAN",6,-0.539241492814558,0.605151905452108,0.696158804564923,-0.0415983200000039,"Non-significant",0.157291679815699,"VAMP2","VAMP2_HUMAN"
0.324490070500001,7.80515348925,0.525021309141229,0.615400269116498,0.703827526239207,-8.01204793058547,"BPIB2_HUMAN",5,0.53912840360657,0.605226209497183,0.696158804564923,0.324490070500001,"Non-significant",0.157291679815699,"BPIFB2","BPIB2_HUMAN"
0.0316126325000017,14.73181998625,0.533121433958589,0.610061967191222,0.699050070888364,-8.00735220900177,"DNPH1_HUMAN",14,0.538680313770193,0.605520670630125,0.696402474108518,0.0316126325000017,"Non-significant",0.157139694634304,"DNPH1","DNPH1_HUMAN"
-0.0158431499999985,12.3904672875,-0.51440603984152,0.622433913394076,0.710680515568235,-8.01810083194312,"VP26B_HUMAN",22,-0.538106288955899,0.605898002822767,0.696670853911772,-0.0158431499999985,"Non-significant",0.156972358333041,"VPS26B","VP26B_HUMAN"
-0.018315317499999,10.46988892625,-0.51644490699898,0.621079664772306,0.709552791320923,-8.01694715545994,"DEN11_HUMAN",22,-0.538073850753815,0.605919329698327,0.696670853911772,-0.018315317499999,"Non-significant",0.156972358333041,"DENND11","DEN11_HUMAN"
0.0729362962500009,9.362833142375,0.539876397524596,0.605629444022884,0.695388991100516,-8.00338552885702,"MBTP2_HUMAN",6,0.536621864474579,0.606874370425678,0.697643050181885,0.0729362962500009,"Non-significant",0.156366727789415,"MBTPS2","MBTP2_HUMAN"
0.0127749425000001,13.31240868625,0.53233217498446,0.610581015449307,0.699454658768987,-8.00781267233077,"KPRA_HUMAN",18,0.536536692603764,0.606930417248044,0.697643050181885,0.0127749425000001,"Non-significant",0.156366727789415,"PRPSAP1","KPRA_HUMAN"
-0.251776576249998,8.621938526625,-0.531602901375609,0.611060827461898,0.69990918802505,-8.00823757917186,"MLP3A_HUMAN",1,-0.53559973220741,0.607547162509669,0.698256753857922,-0.251776576249998,"Non-significant",0.155984854912254,"MAP1LC3A","MLP3A_HUMAN"
-0.0154981599999928,17.90150833,-0.488583254748199,0.639719615424728,0.725537760820106,-8.03234437049157,"ASSY_HUMAN",41,-0.535187569939506,0.607818571332665,0.698473447547789,-0.0154981599999928,"Non-significant",0.155850098930844,"ASS1","ASSY_HUMAN"
0.0260312574999997,11.12749946125,0.567335601153385,0.587794271093956,0.681175324186621,-7.98678854099054,"GALD1_HUMAN",10,0.533931485366619,0.608646105500697,0.699329065330612,0.0260312574999997,"Non-significant",0.155318421351666,"GATD1","GALD1_HUMAN"
-0.0178642274999987,13.74155616875,-0.562495108499068,0.590916669870688,0.683530924724589,-7.9897690404951,"HPRT_HUMAN",13,-0.533504356891808,0.608927644472357,0.699447743734342,-0.0178642274999987,"Non-significant",0.155244726426713,"HPRT1","HPRT_HUMAN"
0.0659250022499993,8.108018457875,0.530324155328242,0.611902646903002,0.700587803687232,-8.00898133312999,"BST1_HUMAN",8,0.533431347539003,0.608975775119715,0.699447743734342,0.0659250022499993,"Non-significant",0.155244726426713,"BST1","BST1_HUMAN"
-0.0104627625000013,15.55809021125,-0.467514661205097,0.654002646936679,0.737470008164451,-8.04345672415525,"ANXA7_HUMAN",32,-0.533329055394644,0.609043213578288,0.699447743734342,-0.0104627625000013,"Non-significant",0.155244726426713,"ANXA7","ANXA7_HUMAN"
-0.399276971500002,6.640216589,-0.518656531194626,0.619612438468819,0.708164507641176,-8.01569093687125,"SH23A_HUMAN",6,-0.533271258731673,0.60908131913751,0.699447743734342,-0.399276971500002,"Non-significant",0.155244726426713,"SH2D3A","SH23A_HUMAN"
0.25992262325,7.849933445375,0.520453438008423,0.618421702052081,0.706899447599267,-8.0146666144977,"PCGF6_HUMAN",4,0.532967077028904,0.609281888399815,0.699582759477189,0.25992262325,"Non-significant",0.155160901817978,"PCGF6","PCGF6_HUMAN"
0.19738304625,6.632325231875,0.516759230909498,0.620871024923546,0.70941058276814,-8.01676892090621,"MET25_HUMAN",10,0.531161024290036,0.610473481296555,0.700855485405702,0.19738304625,"Non-significant",0.154371523204645,"METTL25","MET25_HUMAN"
-0.0418410302499979,9.170898914375,-0.511444617100663,0.624403718823218,0.711903009057339,-8.019768977606,"UVRAG_HUMAN",25,-0.528655555650416,0.612128598786941,0.702648324284256,-0.0418410302499979,"Non-significant",0.153261985132815,"UVRAG","UVRAG_HUMAN"
-0.0271141525000012,13.93635117875,-0.707941700141616,0.501330981368704,0.603243232256503,-7.89025283137742,"RUXF_HUMAN",6,-0.528544771833513,0.612201838123571,0.702648324284256,-0.0271141525000012,"Non-significant",0.153261985132815,"SNRPF","RUXF_HUMAN"
0.0300981999999976,10.335376145,0.558640824982085,0.593409553296027,0.685560461174919,-7.99212556580432,"RNF13_HUMAN",9,0.52726513807632,0.613048144928641,0.703523868427981,0.0300981999999976,"Non-significant",0.152721163686635,"RNF13","RNF13_HUMAN"
0.0136747375000041,11.67348694875,0.479456657592189,0.645887294959855,0.730861056412488,-8.03721447361021,"HGFL_HUMAN",34,0.526992061506544,0.613228829370158,0.70363542101294,0.0136747375000041,"Non-significant",0.152652306276454,"MST1","HGFL_HUMAN"
0.0427930374999974,10.43418228625,0.595109409199001,0.570060364822498,0.665886753753996,-7.96923758194335,"TM165_HUMAN",5,0.526521333381261,0.613540359013355,0.70383913813165,0.0427930374999974,"Non-significant",0.15252658717117,"TMEM165","TM165_HUMAN"
-0.0249962799999981,12.054171085,-0.663973013514011,0.527465859813758,0.626993334137663,-7.92247357766661,"S38A3_HUMAN",7,-0.526471451333082,0.613573376081547,0.70383913813165,-0.0249962799999981,"Non-significant",0.15252658717117,"SLC38A3","S38A3_HUMAN"
0.236489295749998,7.267821788875,0.514419658821596,0.622424862261407,0.710680515568235,-8.01809313981306,"CRYAA_HUMAN",4,0.526303352853491,0.613684647908699,0.703870988872286,0.236489295749998,"Non-significant",0.152506934544341,"CRYAA","CRYAA_HUMAN"
0.0598990949999987,14.09370935,0.525125420304464,0.615331496841599,0.703827526239207,-8.01198799835883,"TOM22_HUMAN",8,0.525982021229167,0.613897381448768,0.704019187514513,0.0598990949999987,"Non-significant",0.15241550432647,"TOMM22","TOM22_HUMAN"
0.0237765325000012,12.85339593875,0.589283220675851,0.573754572549206,0.669113144955712,-7.97298246903039,"RAB5B_HUMAN",9,0.524454723360808,0.614909046215448,0.705026931336141,0.0237765325000012,"Non-significant",0.151794293069192,"RAB5B","RAB5B_HUMAN"
0.3129704,7.05958843225,0.512039560290069,0.624007725451971,0.711644042461732,-8.01943456931003,"NTAQ1_HUMAN",3,0.524402868914949,0.614943409560246,0.705026931336141,0.3129704,"Non-significant",0.151794293069192,"NTAQ1","NTAQ1_HUMAN"
-0.0142188075000007,17.40062689875,-0.469713974362329,0.652504270925955,0.736174340735494,-8.04231822755685,"RPN1_HUMAN",54,-0.523956250005067,0.615239421013026,0.705270376678743,-0.0142188075000007,"Non-significant",0.151644357350835,"RPN1","RPN1_HUMAN"
-0.0194177649999983,12.117685795,-0.512427118789308,0.623749838353682,0.711446195870525,-8.01921653436119,"OSGEP_HUMAN",18,-0.522966556543985,0.615895642623182,0.705926621113788,-0.0194177649999983,"Non-significant",0.1512404401686,"OSGEP","OSGEP_HUMAN"
-0.0220646874999986,18.92370677125,-0.496325902073778,0.63451090183387,0.720794122851441,-8.02814543711674,"ENOA_HUMAN",31,-0.52280480205322,0.616002930107793,0.705953595904634,-0.0220646874999986,"Non-significant",0.151223845272411,"ENO1","ENOA_HUMAN"
0.0541144612499984,7.501319348875,0.553864375019208,0.596507016888032,0.688289889849311,-7.99502529351787,"NDST2_HUMAN",5,0.522287757054664,0.616345938870718,0.706250668670647,0.0541144612499984,"Non-significant",0.151041127986898,"NDST2","NDST2_HUMAN"
0.0296218400000008,11.8442300575,0.540751537087488,0.605056477933947,0.695015133892783,-8.00286825539719,"TRA2A_HUMAN",10,0.521845261659514,0.616639571633237,0.706478668029371,0.0296218400000008,"Non-significant",0.150900947045428,"TRA2A","TRA2A_HUMAN"
0.063000678749999,7.172315359125,0.50983952723821,0.625472725011411,0.712832558020712,-8.02066937053142,"GARE1_HUMAN",13,0.52173531083226,0.616712544709943,0.706478668029371,0.063000678749999,"Non-significant",0.150900947045428,"GAREM1","GARE1_HUMAN"
-0.0270085375000004,13.53563857125,-0.848562534742474,0.423534720534877,0.5314284384885,-7.77543084496544,"LSM6_HUMAN",5,-0.521572781284506,0.61682042204425,0.706506228755399,-0.0270085375000004,"Non-significant",0.15088400493761,"LSM6","LSM6_HUMAN"
0.0446960927499997,7.906635642125,0.509192010658413,0.625904250173407,0.713131511856129,-8.02103185705672,"CRTC3_HUMAN",15,0.520869705149865,0.617287196742486,0.706944807247611,0.0446960927499997,"Non-significant",0.150614491215083,"CRTC3","CRTC3_HUMAN"
0.0139808649999971,13.555883405,0.499187687771602,0.632591248997183,0.719001029907936,-8.02657785343743,"EMD_HUMAN",21,0.520235559883337,0.61770836822805,0.707331046840678,0.0139808649999971,"Non-significant",0.150377279036642,"EMD","EMD_HUMAN"
0.0119571675000003,11.97420334875,0.488192468130583,0.639983088578544,0.725738928242775,-8.03255466240146,"ILKAP_HUMAN",23,0.520022488927959,0.617849914703587,0.707397029480648,0.0119571675000003,"Non-significant",0.150336768217721,"ILKAP","ILKAP_HUMAN"
0.0101308849999988,14.907324075,0.43644477958365,0.675349786001898,0.754982071412742,-8.0590011727334,"SYTC_HUMAN",54,0.519630091012904,0.618110635815066,0.707599422692542,0.0101308849999988,"Non-significant",0.150212530088976,"TARS1","SYTC_HUMAN"
-0.0167958774999981,10.92692673375,-0.486267884089304,0.641281475095627,0.726917906613911,-8.03358803102419,"COG6_HUMAN",30,-0.519327812767523,0.618311518294375,0.707733268292136,-0.0167958774999981,"Non-significant",0.150130389111276,"COG6","COG6_HUMAN"
0.00766491749999965,13.07634484875,0.465889842371334,0.655110719250705,0.738423141557127,-8.0442945989811,"PCY1A_HUMAN",23,0.519162832029168,0.618421172677841,0.707762669993418,0.00766491749999965,"Non-significant",0.150112347382887,"PCYT1A","PCY1A_HUMAN"
0.023788930000002,11.95959425,0.504606875397184,0.628964396588792,0.71632764475705,-8.02358639618462,"CTL1_HUMAN",19,0.518478317965581,0.618876244302816,0.70818732870329,0.023788930000002,"Non-significant",0.149851848156094,"SLC44A1","CTL1_HUMAN"
-0.027141805000003,12.6324299575,-0.511834858069694,0.624143960013321,0.71170311674138,-8.01954967001558,"VPS25_HUMAN",15,-0.518024584808009,0.619177987839018,0.708406492312828,-0.027141805000003,"Non-significant",0.14971746729744,"VPS25","VPS25_HUMAN"
0.0478785040000034,8.621091485,0.504422144066186,0.62908785115368,0.716371453306453,-8.02368886559497,"ANXA8_HUMAN",17,0.51793758059144,0.619235856609434,0.708406492312828,0.0478785040000034,"Non-significant",0.14971746729744,"ANXA8","ANXA8_HUMAN"
0.0132443900000023,13.877479435,0.492082249787071,0.637363025030583,0.723449089413248,-8.03045446334707,"BPNT1_HUMAN",22,0.517386977480894,0.619602143161603,0.708729334334259,0.0132443900000023,"Non-significant",0.149519591401252,"BPNT1","BPNT1_HUMAN"
0.011860850000005,16.3907074925,0.453055561639037,0.663895703280577,0.745831918292947,-8.0508162447189,"GLGB_HUMAN",47,0.517009724459638,0.619853175110576,0.708920273135284,0.011860850000005,"Non-significant",0.149402603863949,"GBE1","GLGB_HUMAN"
0.240470170499998,7.38538599,0.512627589189252,0.62361646450172,0.711446195870525,-8.01910369238061,"COA8_HUMAN",1,0.516272054186727,0.620344190781584,0.709385590028215,0.240470170499998,"Non-significant",0.149117637734378,"COA8","COA8_HUMAN"
0.14898717425,7.399175703375,0.502831806229441,0.630151185300715,0.717291605793346,-8.02456957111751,"ARMC5_HUMAN",7,0.51473754516396,0.621366261324322,0.710457978391577,0.14898717425,"Non-significant",0.148461604284518,"ARMC5","ARMC5_HUMAN"
-0.0181219600000002,14.7672060725,-0.513288946373164,0.623176567461818,0.711177266062235,-8.01873113285773,"TNG2_HUMAN",16,-0.514502171993107,0.621523111444129,0.710540933997364,-0.0181219600000002,"Non-significant",0.148410897473186,"TANGO2","TNG2_HUMAN"
-0.3870966435,7.31523919125,-0.500292897912024,0.631850693827474,0.718627350022748,-8.02597020850107,"TTP_HUMAN",4,-0.513857862042988,0.621952578820907,0.710898457236474,-0.3870966435,"Non-significant",0.148192428259332,"ZFP36","TTP_HUMAN"
-0.0173015575000015,11.37809658125,-0.529234745509666,0.612620317197319,0.701123781894936,-8.00961365751387,"GNTK_HUMAN",14,-0.513779948821988,0.622004522733301,0.710898457236474,-0.0173015575000015,"Non-significant",0.148192428259332,"IDNK","GNTK_HUMAN"
0.0189387750000005,11.3551305525,0.499932749141734,0.632091965009924,0.718627350022748,-8.02616835608781,"RILP_HUMAN",19,0.513174693535827,0.622408117398646,0.711263289256127,0.0189387750000005,"Non-significant",0.147969606155133,"RILP","RILP_HUMAN"
-0.0153274574999998,11.44917345125,-0.500411891090344,0.631770988329481,0.718627350022748,-8.02590471127976,"T2FA_HUMAN",19,-0.512919533471675,0.622578303626103,0.711361328624701,-0.0153274574999998,"Non-significant",0.147909747839294,"GTF2F1","T2FA_HUMAN"
0.0144937025000011,11.55158150125,0.541472095748505,0.604584940875243,0.694880556552962,-8.00244177132723,"COMD9_HUMAN",14,0.511939619562884,0.623232111314046,0.711993630199632,0.0144937025000011,"Non-significant",0.147523891730454,"COMMD9","COMD9_HUMAN"
-0.0111293825000001,15.80061864875,-0.455246641103633,0.662391873181829,0.744638716864449,-8.04971502749997,"HEM2_HUMAN",33,-0.511836958578892,0.623300628454512,0.711993630199632,-0.0111293825000001,"Non-significant",0.147523891730454,"ALAD","HEM2_HUMAN"
0.0627241132499989,8.894179105875,0.512485231046974,0.623711174458971,0.711446195870525,-8.0191838280068,"IRF2_HUMAN",7,0.51120294749929,0.623723862104998,0.712380546569516,0.0627241132499989,"Non-significant",0.14728794860361,"IRF2","IRF2_HUMAN"
-0.0705569980000007,6.4098401665,-0.500604879648226,0.631641729431166,0.718627350022748,-8.02579845402148,"RHG26_HUMAN",10,-0.510008715487598,0.62452147836211,0.713137768024185,-0.0705569980000007,"Non-significant",0.146826562556296,"ARHGAP26","RHG26_HUMAN"
0.0828098057500011,8.029264271375,0.494605918024005,0.635666094252446,0.721911817361071,-8.02908353463894,"MIB2_HUMAN",32,0.50995696074198,0.624556056893408,0.713137768024185,0.0828098057500011,"Non-significant",0.146826562556296,"MIB2","MIB2_HUMAN"
-0.060757517749999,7.814013779375,-0.510582506126458,0.624977773760211,0.71246113808829,-8.02025291542511,"HDC_HUMAN",7,-0.50840992243481,0.625590129370954,0.71421898850848,-0.060757517749999,"Non-significant",0.146168607664901,"HECA","HDC_HUMAN"
0.0166733250000011,12.1518045675,0.580050336776873,0.579637115189716,0.674177072434679,-7.97884851964014,"VTI1B_HUMAN",11,0.508286835183813,0.6256724417068,0.71421898850848,0.0166733250000011,"Non-significant",0.146168607664901,"VTI1B","VTI1B_HUMAN"
0.0882675644999988,6.973707676,0.49336869484928,0.636497720157426,0.722661541380246,-8.02975644833984,"HAUS3_HUMAN",15,0.507071771739002,0.626485295326469,0.715050041206067,0.0882675644999988,"Non-significant",0.145663563990262,"HAUS3","HAUS3_HUMAN"
0.0127568250000003,11.74222207,0.575051137479776,0.58283662203708,0.676777777538304,-7.98198953480636,"INPP_HUMAN",13,0.506747173203289,0.626702538230057,0.715201150113884,0.0127568250000003,"Non-significant",0.14557179582328,"INPP1","INPP_HUMAN"
-0.396928787249999,7.307649016375,-0.493040221091495,0.636718604834952,0.722814965677281,-8.02993483752328,"PLGB_HUMAN",4,-0.506491414393355,0.626873736570483,0.715299678564045,-0.396928787249999,"Non-significant",0.145511970115492,"PLGLB1","PLGB_HUMAN"
-0.0153512949999985,12.2828445425,-0.565219688754481,0.589158011472426,0.68205093787956,-7.98809427308425,"MARE3_HUMAN",12,-0.505674062414358,0.627421013597184,0.715770781983242,-0.0153512949999985,"Non-significant",0.145226033638716,"MAPRE3","MARE3_HUMAN"
0.0313024522500012,9.095540761875,0.563000184477285,0.59059043159574,0.683521453785595,-7.98945913543939,"ANR39_HUMAN",7,0.505519685331709,0.627524408179725,0.715770781983242,0.0313024522500012,"Non-significant",0.145226033638716,"ANKRD39","ANR39_HUMAN"
0.0242347699999961,11.516676665,0.726127582127452,0.490769413945866,0.594011400078935,-7.87640065215445,"GORS1_HUMAN",6,0.505494383948769,0.627541354710661,0.715770781983242,0.0242347699999961,"Non-significant",0.145226033638716,"GORASP1","GORS1_HUMAN"
-0.0616639849999991,8.18005687,-0.51248920876947,0.623708528002603,0.711446195870525,-8.01918158916544,"IN80B_HUMAN",6,-0.504975732030603,0.627888793165983,0.716070171505354,-0.0616639849999991,"Non-significant",0.145044416792277,"INO80B","IN80B_HUMAN"
0.0208716400000064,17.8011209975,0.481639597928758,0.644409349573321,0.729580444265081,-8.03605744949447,"BDH_HUMAN",25,0.503314806188858,0.629002096823303,0.717237409531406,0.0208716400000064,"Non-significant",0.144337066670709,"BDH1","BDH_HUMAN"
-0.24886429275,7.742415607125,-0.488800496583069,0.63957317228809,0.72546928666617,-8.03222739922722,"TTC28_HUMAN",26,-0.503194952050831,0.629082473444736,0.717237409531406,-0.24886429275,"Non-significant",0.144337066670709,"TTC28","TTC28_HUMAN"
0.0169362999999993,11.6725893025,0.486884659892582,0.640865232041713,0.726543784919919,-8.0332572810162,"AB1IP_HUMAN",20,0.502535859197865,0.629524569352504,0.717644386674636,0.0169362999999993,"Non-significant",0.144090707796031,"APBB1IP","AB1IP_HUMAN"
0.0212838625000025,11.01238882375,0.577810364112583,0.581069462549855,0.675197275150792,-7.98025896535614,"AKTS1_HUMAN",9,0.501746097258,0.630054524646339,0.718151398004597,0.0212838625000025,"Non-significant",0.143783989759432,"AKT1S1","AKTS1_HUMAN"
0.0228734024999984,12.57909321875,0.562250224489818,0.591074881572611,0.683530924724589,-7.98991920503108,"SDF2_HUMAN",9,0.501430572929715,0.630266315802574,0.718295670078407,0.0228734024999984,"Non-significant",0.143696751507287,"SDF2","SDF2_HUMAN"
-0.115611552999999,7.30222547075,-0.487128737139692,0.640700549862471,0.726454793488131,-8.03312628464521,"K0232_HUMAN",9,-0.498984410410553,0.631909511340849,0.720071011368395,-0.115611552999999,"Non-significant",0.142624672562166,"KIAA0232","K0232_HUMAN"
0.0278019905000022,8.9870467185,0.503140570991122,0.629944665223673,0.7171919747633,-8.02439878446758,"CATIN_HUMAN",12,0.498757960551741,0.632061739044571,0.720136706497319,0.0278019905000022,"Non-significant",0.142585051844063,"CACTIN","CATIN_HUMAN"
0.0175428399999973,12.9135556225,0.473224358773621,0.650116216993756,0.734433271184355,-8.04049063569071,"CP20A_HUMAN",26,0.498644476267866,0.632138034330723,0.720136706497319,0.0175428399999973,"Non-significant",0.142585051844063,"CYP20A1","CP20A_HUMAN"
0.146132469249999,6.517173051875,0.485140936292399,0.642042373204859,0.727389134911795,-8.03419135025577,"ADAT1_HUMAN",8,0.497371849627632,0.632993942830441,0.721014316772674,0.146132469249999,"Non-significant",0.14205611165555,"ADAT1","ADAT1_HUMAN"
-0.0297825350000007,10.68455255,-0.597859170643106,0.568321642801291,0.664316062567201,-7.96745853043769,"TSSC4_HUMAN",6,-0.497112204091956,0.633168641121787,0.721115859480549,-0.0297825350000007,"Non-significant",0.141994952907877,"TSSC4","TSSC4_HUMAN"
-0.0207653024999992,10.51641345125,-0.616029950789769,0.556910198151438,0.653653793879816,-7.95551626774707,"EFMT4_HUMAN",8,-0.494853463532858,0.634689439826394,0.722750241596416,-0.0207653024999992,"Non-significant",0.141011754484046,"EEF1AKMT4","EFMT4_HUMAN"
-0.0103147025000005,11.43751609375,-0.433153457198329,0.677630407357327,0.756723198677121,-8.06058857839223,"PTN6_HUMAN",36,-0.494471440021612,0.634946838851723,0.722942465052693,-0.0103147025000005,"Non-significant",0.140896264398965,"PTPN6","PTN6_HUMAN"
0.0346255300000013,9.69940900825,0.500552871568005,0.631676561786513,0.718627350022748,-8.0258270928268,"DEN2D_HUMAN",10,0.494334154689701,0.635039351706549,0.722942465052693,0.0346255300000013,"Non-significant",0.140896264398965,"DENND2D","DEN2D_HUMAN"
-0.231574297249995,8.285026431125,-0.480709865135646,0.645038609795705,0.730194794784851,-8.03655083830709,"ZN106_HUMAN",9,-0.494221090211297,0.635115547955297,0.722942465052693,-0.231574297249995,"Non-significant",0.140896264398965,"ZNF106","ZN106_HUMAN"
-0.230254649999999,7.15272486225,-0.479617489102442,0.645778346669565,0.730835886691429,-8.03712939624367,"LX15B_HUMAN",19,-0.49367311474908,0.63548490490581,0.723265225958827,-0.230254649999999,"Non-significant",0.140702414948839,"ALOX15B","LX15B_HUMAN"
-0.00942254250000296,14.95440900375,-0.425662233757868,0.682834659854997,0.760921912733708,-8.06415905407007,"DDX17_HUMAN",35,-0.493114334258947,0.635861657699424,0.723596316018422,-0.00942254250000296,"Non-significant",0.140503652891472,"DDX17","DDX17_HUMAN"
-0.0189847924999995,12.78589034125,-0.593850932082963,0.57085715367828,0.666355760747019,-7.97004931846654,"ICLN_HUMAN",9,-0.492920956678744,0.635992067340374,0.723647021545898,-0.0189847924999995,"Non-significant",0.140473221062598,"CLNS1A","ICLN_HUMAN"
0.0489943024999988,12.36012923625,1.89533903067545,0.0988766201035108,0.174321487314891,-6.50849707601742,"SUMO2_HUMAN",1,0.492562206785306,0.636234036576918,0.723824631435665,0.0489943024999988,"Non-significant",0.140366642125061,"SUMO2","SUMO2_HUMAN"
-0.0121357424999982,13.51358234875,-0.458831617763757,0.659934935855893,0.742371756883668,-8.04790243939826,"PPID_HUMAN",25,-0.492378740580135,0.636357798786224,0.723867730900011,-0.0121357424999982,"Non-significant",0.140340783234,"PPID","PPID_HUMAN"
0.00904631750000107,15.00244200125,0.453118927557347,0.663852189322478,0.745831918292947,-8.05078446800507,"BUP1_HUMAN",23,0.491546203671801,0.636919563619596,0.724408986877557,0.00904631750000107,"Non-significant",0.140016170551349,"UPB1","BUP1_HUMAN"
-0.181095004249999,8.303785383625,-0.476670571845871,0.647776077437333,0.732543602648899,-8.03868402108102,"SSH1_HUMAN",15,-0.490484247724669,0.637636497814423,0.725104191339201,-0.181095004249999,"Non-significant",0.139599584501392,"SSH1","SSH1_HUMAN"
-0.0726904869999974,7.820444703,-0.49054057118758,0.63840080379868,0.724431929889482,-8.03128872205548,"RNH2A_HUMAN",6,-0.490385986109981,0.63770285566467,0.725104191339201,-0.0726904869999974,"Non-significant",0.139599584501392,"RNASEH2A","RNH2A_HUMAN"
-0.0562551017500006,8.340851426125,-0.493559386489274,0.636369506208554,0.722613305648915,-8.02965283563758,"MXRA7_HUMAN",7,-0.490046102089797,0.637932412551731,0.725267373266596,-0.0562551017500006,"Non-significant",0.139501859183767,"MXRA7","MXRA7_HUMAN"
-0.0122580525000018,10.93485426875,-0.441176247322248,0.672077630852226,0.753016396444691,-8.05669922877295,"DP13B_HUMAN",37,-0.489905934061364,0.638027093933198,0.725277191471737,-0.0122580525000018,"Non-significant",0.139495980023045,"APPL2","DP13B_HUMAN"
-0.0345182420000008,8.91060042375,-0.480117351229987,0.645439796114109,0.730550831401346,-8.03686480613917,"GRL1A_HUMAN",15,-0.489643764970371,0.638204204330174,0.725339782832097,-0.0345182420000008,"Non-significant",0.139458502063091,"POLR2M","GRL1A_HUMAN"
0.22925484175,6.790792524875,0.478284239761053,0.646681778397389,0.731661840283436,-8.03783385571803,"MPND_HUMAN",4,0.48956967429488,0.63825426139111,0.725339782832097,0.22925484175,"Non-significant",0.139458502063091,"MPND","MPND_HUMAN"
0.0130965700000019,11.439264655,0.438058963833702,0.674232612970748,0.7542632465694,-8.05821848687544,"WDR44_HUMAN",50,0.48830603454572,0.639108306805951,0.726164511325376,0.0130965700000019,"Non-significant",0.138964979482847,"WDR44","WDR44_HUMAN"
0.0583224295000004,7.73403680325,0.473006891397767,0.650264029285662,0.734433271184355,-8.04060422603792,"PLXA2_HUMAN",30,0.48824100556025,0.639152273048163,0.726164511325376,0.0583224295000004,"Non-significant",0.138964979482847,"PLXNA2","PLXA2_HUMAN"
0.127889395000004,8.34064280975,0.474364399814075,0.649341607700339,0.733876442916388,-8.03989435241359,"MTEF4_HUMAN",15,0.487950478609211,0.639348717672643,0.726289803404678,0.127889395000004,"Non-significant",0.138890052983266,"MTERF4","MTEF4_HUMAN"
0.0782747272499993,8.272223710875,0.47730298699701,0.647347098026963,0.732218020567535,-8.03835115268856,"PKHO2_HUMAN",9,0.486354366447179,0.640428500193797,0.727392226010641,0.0782747272499993,"Non-significant",0.13823134476979,"PLEKHO2","PKHO2_HUMAN"
-0.0105416775000009,12.87913453625,-0.4510558555771,0.665269629972963,0.747076700112191,-8.05181689998021,"SNR40_HUMAN",24,-0.486260889415027,0.640491766692487,0.727392226010641,-0.0105416775000009,"Non-significant",0.13823134476979,"SNRNP40","SNR40_HUMAN"
-0.0126008949999985,12.937003375,-0.470070024782248,0.652261857058986,0.735999356512743,-8.04213344190936,"GNA11_HUMAN",20,-0.486094174201313,0.64060460960004,0.727422370243667,-0.0126008949999985,"Non-significant",0.138213347323105,"GNA11","GNA11_HUMAN"
0.0133500099999981,11.4393877975,0.44306741822339,0.670771861920914,0.75194294454854,-8.05577256380345,"CAN5_HUMAN",36,0.485275537058831,0.641158858167398,0.727953665879984,0.0133500099999981,"Non-significant",0.137896262573,"CAPN5","CAN5_HUMAN"
-0.0178246500000014,14.2676343925,-0.471175970025372,0.651509169825768,0.735346919183369,-8.04155863096988,"GGT1_HUMAN",19,-0.483652523508779,0.642258414638819,0.729103862220957,-0.0178246500000014,"Non-significant",0.137210601206698,"GGT1","GGT1_HUMAN"
-0.0136570949999992,11.839123965,-0.482138897589731,0.644071542697393,0.729393931666844,-8.03579211332138,"PWP1_HUMAN",17,-0.483077057271116,0.642648508282794,0.729448461663839,-0.0136570949999992,"Non-significant",0.137005387260178,"PWP1","PWP1_HUMAN"
0.0233008864999995,10.02560245925,0.475485971016715,0.648579999335924,0.733223138998577,-8.03930641477753,"RF1ML_HUMAN",16,0.482647799134632,0.642939568789161,0.729680574299695,0.0233008864999995,"Non-significant",0.136867215466871,"MTRF1L","RF1ML_HUMAN"
0.0260820387500011,8.159209251375,0.459763848669493,0.659296769501947,0.741950930591711,-8.0474289006354,"KDM3A_HUMAN",35,0.481018082351234,0.644045208514587,0.730836976651785,0.0260820387500011,"Non-significant",0.136179487661075,"KDM3A","KDM3A_HUMAN"
0.137089133249999,6.938139855875,0.467595675118003,0.653947422477572,0.737470008164451,-8.04341487564996,"I5P2_HUMAN",11,0.480431062193619,0.644443690726307,0.731190721380003,0.137089133249999,"Non-significant",0.135969328323229,"INPP5B","I5P2_HUMAN"
0.0238807225000031,11.48262655875,0.472763639386688,0.650429387267559,0.734521611103732,-8.04073122642614,"ANCHR_HUMAN",16,0.480273458648757,0.644550696507299,0.731213704018845,0.0238807225000031,"Non-significant",0.135955677881455,"ZFYVE19","ANCHR_HUMAN"
0.00961160999999322,17.9169733525,0.411250895835658,0.692898153187694,0.768945571629365,-8.07086105892206,"AOFB_HUMAN",42,0.479001650999618,0.64541452256464,0.732095143412374,0.00961160999999322,"Non-significant",0.135432474168565,"MAOB","AOFB_HUMAN"
-0.0286629200000004,10.397915245,-0.476622402980256,0.647808757165131,0.732543602648899,-8.03870935753495,"TYDP2_HUMAN",13,-0.478870475803164,0.645503651146113,0.732097722754384,-0.0286629200000004,"Non-significant",0.135430944050467,"TDP2","TYDP2_HUMAN"
-0.045254230500003,8.45111608525,-0.467847606378818,0.65377570419413,0.737470008164451,-8.04328469457637,"PCOC2_HUMAN",14,-0.478186379295158,0.645968568475788,0.732526444730582,-0.045254230500003,"Non-significant",0.135176692348242,"PCOLCE2","PCOC2_HUMAN"
0.0938740964999996,7.427101314,0.471617843328046,0.651208559610098,0.735106059857173,-8.04132861398301,"LPXN_HUMAN",6,0.477549276710516,0.646401698648375,0.732919009672741,0.0938740964999996,"Non-significant",0.134944013893054,"LPXN","LPXN_HUMAN"
0.0271718525000004,10.13084852625,0.485894247261135,0.641533698115465,0.727097132359558,-8.03378820529168,"STX6_HUMAN",11,0.476791217011147,0.646917249385104,0.733404908549703,0.0271718525000004,"Non-significant",0.134656187709318,"STX6","STX6_HUMAN"
0.019447087500005,14.76470029375,0.509972924047386,0.625383844685753,0.71282764392917,-8.02059464038549,"PPIF_HUMAN",11,0.47606625254384,0.647410483863737,0.733865380377546,0.019447087500005,"Non-significant",0.134383599377122,"PPIF","PPIF_HUMAN"
-0.0316348077500024,8.969629287625,-0.46028326377587,0.658941330876535,0.741917698166352,-8.04716466394757,"NDST1_HUMAN",23,-0.475785470381847,0.647601566179313,0.733983273003285,-0.0316348077500024,"Non-significant",0.134313837257155,"NDST1","NDST1_HUMAN"
0.332028746750001,7.856311619125,0.462149905470793,0.657664754382794,0.740806657048319,-8.04621274577305,"UBN2_HUMAN",11,0.475557280826839,0.647756878006017,0.73406059756826,0.332028746750001,"Non-significant",0.134268087082261,"UBN2","UBN2_HUMAN"
0.0244660375000016,16.46850991125,0.499945074058802,0.632083707499971,0.718627350022748,-8.02616157733196,"FKBP2_HUMAN",10,0.4752458496239,0.647968876180309,0.734097421447768,0.0244660375000016,"Non-significant",0.134246301405966,"FKBP2","FKBP2_HUMAN"
-0.0681025982500003,8.326810956125,-0.50799735047771,0.626700819427119,0.713942587775535,-8.02169951554479,"AP1S3_HUMAN",3,-0.475211627862024,0.647992173800918,0.734097421447768,-0.0681025982500003,"Non-significant",0.134246301405966,"AP1S3","AP1S3_HUMAN"
-0.202630996749999,7.253371477125,-0.464647413549154,0.655958640571137,0.739181200718465,-8.0449334332207,"CMIP_HUMAN",4,-0.47506280620147,0.648093494016517,0.734097421447768,-0.202630996749999,"Non-significant",0.134246301405966,"CMIP","CMIP_HUMAN"
0.142828583749999,8.668443739375,0.461450045060838,0.658143238979678,0.741246574206268,-8.04657007408501,"EST1A_HUMAN",20,0.474997820232209,0.648137739994577,0.734097421447768,0.142828583749999,"Non-significant",0.134246301405966,"SMG6","EST1A_HUMAN"
0.322143555000001,7.122339368,0.461308725304554,0.658239878044411,0.741256370345537,-8.0466421659095,"WASF1_HUMAN",11,0.474683268338514,0.64835192522375,0.734241351297997,0.322143555000001,"Non-significant",0.134161160372989,"WASF1","WASF1_HUMAN"
-0.0259356497500001,8.581915855375,-0.455102089113045,0.66249103420958,0.744650877097286,-8.04978783257114,"SMC4_HUMAN",28,-0.473945637263076,0.648854332104089,0.734711602002333,-0.0259356497500001,"Non-significant",0.133883102055979,"SMC4","SMC4_HUMAN"
-0.00939154749999815,14.75438630625,-0.412926025553872,0.691724948185952,0.768087154295796,-8.07009333541984,"SCLY_HUMAN",34,-0.473267254303992,0.649316555028545,0.73513623134125,-0.00939154749999815,"Non-significant",0.133632172429534,"SCLY","SCLY_HUMAN"
-0.0601097345000028,8.14175134925,-0.485355646538949,0.641897368670834,0.72732261332524,-8.03407650472274,"RPC8_HUMAN",5,-0.472239392074657,0.650017209918028,0.735830655707636,-0.0601097345000028,"Non-significant",0.133222122828173,"POLR3H","RPC8_HUMAN"
0.0249531269999963,9.95564496525,0.452477650899277,0.664292623736925,0.746178374930509,-8.05110586146689,"MILK1_HUMAN",28,0.471590598293702,0.6504596607159,0.736232641355489,0.0249531269999963,"Non-significant",0.132984931732716,"MICALL1","MILK1_HUMAN"
-0.00965571250000252,11.77301633375,-0.454582979100995,0.662847197341927,0.744951870186014,-8.05004910766683,"TBC17_HUMAN",20,-0.471377389816728,0.650605092672319,0.736250151603967,-0.00965571250000252,"Non-significant",0.132974602777664,"TBC1D17","TBC17_HUMAN"
0.0547983647500008,7.693904399625,0.474244940807282,0.649422753317515,0.733876442916388,-8.03995689705877,"MED7_HUMAN",7,0.471311814593205,0.650649825518798,0.736250151603967,0.0547983647500008,"Non-significant",0.132974602777664,"MED7","MED7_HUMAN"
-0.0333776475000018,12.60321807875,-0.470935190687086,0.651673003205987,0.735433357079028,-8.0416838832663,"CD276_HUMAN",11,-0.470277702476776,0.651355457157597,0.736949684346494,-0.0333776475000018,"Non-significant",0.132562162828365,"CD276","CD276_HUMAN"
0.0309188399999982,10.55074799,0.465688554433184,0.655248055571119,0.738479189785929,-8.04439820657198,"GSK3A_HUMAN",13,0.469882399353375,0.651625293993498,0.737156033159468,0.0309188399999982,"Non-significant",0.132440575685269,"GSK3A","GSK3A_HUMAN"
0.233305335,7.587289393,0.457298302843284,0.660985236376536,0.743454037552418,-8.04867933510557,"CHIC2_HUMAN",5,0.469063728665446,0.65218429990694,0.737689407396081,0.233305335,"Non-significant",0.132126452602972,"CHIC2","CHIC2_HUMAN"
-0.00867795999999998,12.4388399125,-0.394240104101096,0.704862431304302,0.779082800087066,-8.07848830757073,"EPS15_HUMAN",43,-0.468781813633468,0.652376852210409,0.737808196334569,-0.00867795999999998,"Non-significant",0.132056524491293,"EPS15","EPS15_HUMAN"
-0.16110420275,7.369926929375,-0.459935613398321,0.659179219547729,0.741917698166352,-8.04734155166118,"ARL10_HUMAN",4,-0.468524812624829,0.652552412240309,0.737907738499271,-0.16110420275,"Non-significant",0.131997935149142,"ARL10","ARL10_HUMAN"
0.0154032724999951,19.15451407375,0.456230422650063,0.661717202210746,0.744078748323689,-8.04921895642811,"PEBP1_HUMAN",19,0.467981419413477,0.65292368626826,0.738228538102638,0.0154032724999951,"Non-significant",0.131809170057543,"PEBP1","PEBP1_HUMAN"
-0.0290610789999999,8.790556073,-0.463616245067544,0.656662794235531,0.739875777651556,-8.04546242148291,"ZCHC2_HUMAN",13,-0.466681022873402,0.653812605190173,0.73913444865182,-0.0290610789999999,"Non-significant",0.131276556196973,"ZCCHC2","ZCHC2_HUMAN"
-0.0257482550000034,12.717138765,-0.540461329134033,0.605246448257834,0.695138617300079,-8.00303987575668,"CHMP5_HUMAN",7,-0.465556646125399,0.65458167991736,0.739904650666948,-0.0257482550000034,"Non-significant",0.130824242913964,"CHMP5","CHMP5_HUMAN"
-0.0537776947499964,9.021117925625,-0.528257152410956,0.613264712425897,0.701765987108048,-8.01018005656502,"SMIM1_HUMAN",3,-0.465325379676416,0.65473992134117,0.7399496149303,-0.0537776947499964,"Non-significant",0.13079785148892,"SMIM1","SMIM1_HUMAN"
-0.0227477499999988,14.8460420375,-0.482890371886266,0.643563293384047,0.728916285935788,-8.03539228166908,"TMED4_HUMAN",11,-0.465241921257873,0.654797031411213,0.7399496149303,-0.0227477499999988,"Non-significant",0.13079785148892,"TMED4","TMED4_HUMAN"
0.0142927150000034,11.9423434725,0.435790942148732,0.675802554135619,0.754982071412742,-8.05931742587545,"OSBL9_HUMAN",28,0.465057261664754,0.654923401478396,0.739993210598042,0.0142927150000034,"Non-significant",0.130772264881635,"OSBPL9","OSBL9_HUMAN"
0.0105748175000002,11.92427563625,0.422306155083363,0.685172179365003,0.763123189728807,-8.06573942600359,"NUFP2_HUMAN",28,0.463243485799546,0.65616527618096,0.741297026260463,0.0105748175000002,"Non-significant",0.130007742062612,"NUFIP2","NUFP2_HUMAN"
-0.0389091967499979,9.398415207875,-0.467268859671453,0.654170215726138,0.737560292717445,-8.04358365351909,"CCD32_HUMAN",9,-0.462970535876974,0.656352261869896,0.741316269825588,-0.0389091967499979,"Non-significant",0.129996468220447,"CCDC32","CCD32_HUMAN"
0.0285933024999974,11.95911538625,0.747575504415659,0.47850238376535,0.583764203744469,-7.85967507323328,"MRES1_HUMAN",4,0.462961859055736,0.656358206395583,0.741316269825588,0.0285933024999974,"Non-significant",0.129996468220447,"MTRES1","MRES1_HUMAN"
0.00877571000000543,17.70350027,0.41621388371149,0.689424869590058,0.766363566871008,-8.06857783760502,"CBR1_HUMAN",26,0.462370190515602,0.656763622907055,0.741633735884512,0.00877571000000543,"Non-significant",0.12981052296382,"CBR1","CBR1_HUMAN"
0.0127799500000023,13.1517456775,0.534869749507993,0.608913057466922,0.697923328989487,-8.00632997682541,"RU2A_HUMAN",12,0.462294841616945,0.656815261404423,0.741633735884512,0.0127799500000023,"Non-significant",0.12981052296382,"SNRPA1","RU2A_HUMAN"
-0.0311810974999993,11.62603032625,-0.569252409596625,0.586560396506695,0.679977662241085,-7.98560182687717,"EMC5_HUMAN",5,-0.461896622746817,0.657088203697483,0.741842548749811,-0.0311810974999993,"Non-significant",0.129688261116175,"MMGT1","EMC5_HUMAN"
0.016977307500003,10.40912056125,0.452141471985585,0.664523570934175,0.746338331699422,-8.05127417503621,"MIER1_HUMAN",18,0.461368826273076,0.657450044639972,0.74215165746221,0.016977307500003,"Non-significant",0.129507338293858,"MIER1","MIER1_HUMAN"
-0.0211179254999987,9.41537153725,-0.45664902805896,0.661430226984826,0.743855287959319,-8.04900756854037,"STK4_HUMAN",15,-0.459774595551199,0.65854358860872,0.743286543704192,-0.0211179254999987,"Non-significant",0.128843729497488,"STK4","STK4_HUMAN"
0.0229916599999989,11.00022483,0.559527640306896,0.592835456023119,0.685272909876422,-7.99158467792415,"BORC7_HUMAN",7,0.458894637158939,0.659147564073008,0.743861608905407,0.0229916599999989,"Non-significant",0.128507854883204,"BORCS7","BORC7_HUMAN"
-0.0184802999999967,12.1966485975,-0.446738440984081,0.668240650517001,0.749913519266117,-8.0539630715835,"MK14_HUMAN",19,-0.45877515940504,0.659229590523596,0.743861608905407,-0.0184802999999967,"Non-significant",0.128507854883204,"MAPK14","MK14_HUMAN"
-0.0456728975000011,16.97509074125,-0.460150739898122,0.65903200876554,0.741917698166352,-8.04723210817586,"RS28_HUMAN",8,-0.457027839773418,0.660429763334304,0.745116112320285,-0.0456728975000011,"Non-significant",0.127776045358107,"RPS28","RS28_HUMAN"
0.173495290000002,10.9202523225,0.444320005349248,0.669907673998858,0.751384136278959,-8.05515673623227,"FABP5_HUMAN",11,0.456879150524736,0.660531941578746,0.745131656259001,0.173495290000002,"Non-significant",0.127766985593746,"FABP5","FABP5_HUMAN"
-0.0672707557499992,7.696259021625,-0.443732496947671,0.670312942884049,0.751638658450133,-8.05544578641464,"TCPR1_HUMAN",18,-0.456498670115099,0.660793439945156,0.745326897537498,-0.0672707557499992,"Non-significant",0.127653205562547,"TECPR1","TCPR1_HUMAN"
0.0112285599999993,12.36409545,0.419428180974704,0.687179634200698,0.764651767218176,-8.06708517844447,"VATC1_HUMAN",28,0.456230573410485,0.66097772875707,0.745435011465526,0.0112285599999993,"Non-significant",0.127590213233378,"ATP6V1C1","VATC1_HUMAN"
0.0088114724999997,13.16365838125,0.403606517994649,0.69826340322254,0.773208384887387,-8.07432671138525,"GLPK_HUMAN",29,0.455472327459125,0.661499078963041,0.745855117558098,0.0088114724999997,"Non-significant",0.12734552608754,"GK","GLPK_HUMAN"
0.355450868249998,6.547380208875,0.444491621336505,0.669789313788601,0.751351360916172,-8.0550722340135,"PDZ1I_HUMAN",2,0.455431421200104,0.661527210685056,0.745855117558098,0.355450868249998,"Non-significant",0.12734552608754,"PDZK1IP1","PDZ1I_HUMAN"
0.0153415205000016,9.21988642225,0.4500109015886,0.665988127347383,0.747783925058091,-8.05233813249903,"F262_HUMAN",17,0.454595716862879,0.662102060841276,0.746303884561696,0.0153415205000016,"Non-significant",0.12708429784186,"PFKFB2","F262_HUMAN"
0.0117232799999982,11.7134295725,0.449610028425119,0.666263862176974,0.747894272777962,-8.05253778845474,"ARFG1_HUMAN",18,0.454595341308223,0.662102319225574,0.746303884561696,0.0117232799999982,"Non-significant",0.12708429784186,"ARFGAP1","ARFG1_HUMAN"
-0.0258989345000007,9.88596654,-0.436011368714886,0.675649897544606,0.754982071412742,-8.05921085849038,"IRS1_HUMAN",30,-0.454290378531013,0.662312151843526,0.746440584020468,-0.0258989345000007,"Non-significant",0.127004756001928,"IRS1","IRS1_HUMAN"
-0.0164773449999984,14.8552058925,-0.56673241088187,0.588182855520521,0.68132229282214,-7.98716122499399,"NDUS5_HUMAN",9,-0.454105571760255,0.662439325533978,0.746484100925922,-0.0164773449999984,"Non-significant",0.126979437709446,"NDUFS5","NDUS5_HUMAN"
0.0152845374999995,11.85629606375,0.444590853244134,0.669720880038692,0.751351360916172,-8.05502335899516,"RT31_HUMAN",18,0.452911273032376,0.663261458542925,0.747194375178397,0.0152845374999995,"Non-significant",0.126566406101007,"MRPS31","RT31_HUMAN"
0.0392248629999994,8.99804008025,0.481857487248133,0.644261923039552,0.729511519250455,-8.03594169116076,"RPP21_HUMAN",6,0.452884556748862,0.66327985514333,0.747194375178397,0.0392248629999994,"Non-significant",0.126566406101007,"RPP21","RPP21_HUMAN"
-0.0376863477499967,9.698641300125,-0.48577810594436,0.641612109442448,0.727097132359558,-8.03385039813713,"CTDS1_HUMAN",6,-0.452783203277266,0.663349648492153,0.747194375178397,-0.0376863477499967,"Non-significant",0.126566406101007,"CTDSP1","CTDS1_HUMAN"
0.0469852687499985,7.892542421875,0.467681378007962,0.653889004218332,0.737470008164451,-8.04337059758362,"TRI44_HUMAN",6,0.452674924673875,0.663424214478008,0.747194375178397,0.0469852687499985,"Non-significant",0.126566406101007,"TRIM44","TRI44_HUMAN"
0.0357861522499974,8.757175207125,0.444016117638065,0.670117283996063,0.751519237201013,-8.05530629213554,"MLXIP_HUMAN",14,0.452436759014804,0.663588241265846,0.747279263277196,0.0357861522499974,"Non-significant",0.126517069087655,"MLXIP","MLXIP_HUMAN"
0.0185501575,10.93660414375,0.436913840302439,0.67502506002552,0.754982071412742,-8.05877401686977,"PAK1_HUMAN",21,0.45214141844028,0.663791671972569,0.74740849626727,0.0185501575,"Non-significant",0.126441969557,"PAK1","PAK1_HUMAN"
-0.0262045849999986,13.5706174375,-0.833344358375521,0.431520839714881,0.539097251809209,-7.78869250500924,"LTOR4_HUMAN",4,-0.451600894840844,0.664164062366827,0.747727912607184,-0.0262045849999986,"Non-significant",0.126256406881727,"LAMTOR4","LTOR4_HUMAN"
-0.194739461000001,6.9066607355,-0.438843131278433,0.67369020867776,0.754121483259606,-8.05783727126313,"KANK4_HUMAN",12,-0.451437971428843,0.664276327099045,0.74775442856809,-0.194739461000001,"Non-significant",0.126241006184322,"KANK4","KANK4_HUMAN"
-0.0460772512499972,8.171262502625,-0.453233417144216,0.663773571780893,0.745831918292947,-8.05072704317466,"NEBL_HUMAN",8,-0.450885215531523,0.66465727933587,0.748083349916151,-0.0460772512499972,"Non-significant",0.126050011237143,"NEBL","NEBL_HUMAN"
0.0468378099999995,10.9916553475,0.535234517539298,0.608673497559872,0.697794264855831,-8.00611630899237,"INSR2_HUMAN",3,0.450643526826899,0.664823880963196,0.748170960298902,0.0468378099999995,"Non-significant",0.12599915262899,"INS-IGF2","INSR2_HUMAN"
-0.0237128699999971,13.466976525,-0.471871826356134,0.651035804094327,0.735106059857173,-8.04119631150291,"RFA3_HUMAN",10,-0.450273988290908,0.665078651108235,0.748357755999374,-0.0237128699999971,"Non-significant",0.125890735942433,"RPA3","RFA3_HUMAN"
0.0300049774999991,9.8876237865,0.490232803625938,0.638608080801248,0.724569593898737,-8.03145497326803,"NR2CA_HUMAN",7,0.449677179306829,0.665490206481712,0.748581625086016,0.0300049774999991,"Non-significant",0.125760837416212,"NR2C2AP","NR2CA_HUMAN"
0.3245196345,7.86159193525,0.440733823878931,0.672383279109391,0.753158625862201,-8.05691547237918,"RTL8B_HUMAN",1,0.44960650084262,0.665538953930916,0.748581625086016,0.3245196345,"Non-significant",0.125760837416212,"RTL8B","RTL8B_HUMAN"
-0.0268204207500027,9.650323748625,-0.442493858052061,0.671167751599494,0.752096912820013,-8.05605400215261,"CHLE_HUMAN",15,-0.4495991292817,0.665544038248263,0.748581625086016,-0.0268204207500027,"Non-significant",0.125760837416212,"BCHE","CHLE_HUMAN"
-0.0590920475000019,12.58305954875,-0.53007681005197,0.612065550645173,0.700679142521821,-8.00912500484227,"CHC10_HUMAN",2,-0.449356154718328,0.665711633201907,0.748670227652952,-0.0590920475000019,"Non-significant",0.125709437104532,"CHCHD10","CHC10_HUMAN"
-0.0117633324999975,10.47856605125,-0.531450003803431,0.611161449445817,0.699929328448205,-8.00832659575503,"R113A_HUMAN",12,-0.448537996604468,0.666276116970684,0.749205094709965,-0.0117633324999975,"Non-significant",0.125399278017434,"RNF113A","R113A_HUMAN"
0.0404767989999986,8.908401251,0.473088304046222,0.650208691246793,0.734433271184355,-8.04056170728394,"NTCP5_HUMAN",6,0.448187546147759,0.666517978259125,0.749305607926675,0.0404767989999986,"Non-significant",0.12534101705825,"SLC10A5","NTCP5_HUMAN"
-0.0298810004999979,9.62206339825,-0.513293283496382,0.623173683196497,0.711177266062235,-8.01872868817161,"S47A1_HUMAN",6,-0.448150863861708,0.666543296741513,0.749305607926675,-0.0298810004999979,"Non-significant",0.12534101705825,"SLC47A1","S47A1_HUMAN"
0.0177953249999998,14.3651314975,0.531229490185504,0.61130658537565,0.700000435828196,-8.00845493655316,"THOC4_HUMAN",9,0.447987839145644,0.66665582358926,0.74933216922708,0.0177953249999998,"Non-significant",0.125325622509447,"ALYREF","THOC4_HUMAN"
0.0713294747500006,7.325200259625,0.439637035744911,0.673141280291561,0.75370720663889,-8.05745066391629,"HEMK1_HUMAN",8,0.446386736085266,0.667761456620523,0.750401247905859,0.0713294747500006,"Non-significant",0.124706452403275,"HEMK1","HEMK1_HUMAN"
-0.0156097375000002,17.59044504125,-0.497954836429013,0.633417862176227,0.719843489319592,-8.02725419635767,"COX41_HUMAN",11,-0.446233848046098,0.667867078254532,0.750401247905859,-0.0156097375000002,"Non-significant",0.124706452403275,"COX4I1","COX41_HUMAN"
0.0338819027499984,8.420739054625,0.440018219058873,0.672877794685929,0.753574960727379,-8.05726480396848,"BPI_HUMAN",13,0.44622379211783,0.667874025600872,0.750401247905859,0.0338819027499984,"Non-significant",0.124706452403275,"BPI","BPI_HUMAN"
0.0577652450000006,14.92121923,0.43828251774177,0.67407796088005,0.7542632465694,-8.05810987410108,"BAF_HUMAN",10,0.445864042891535,0.668122588413701,0.750580474175541,0.0577652450000006,"Non-significant",0.124602737642249,"BANF1","BAF_HUMAN"
0.0186486249999973,16.8887913225,0.41673260097748,0.689062310898715,0.766240925932093,-8.06833769523777,"MTP_HUMAN",67,0.445506413191638,0.668369730355975,0.75074647986376,0.0186486249999973,"Non-significant",0.124506695465083,"MTTP","MTP_HUMAN"
-0.306299567250001,7.050382554625,-0.4342786407019,0.67685033832445,0.756052412104,-8.06004718447834,"JOS1_HUMAN",3,-0.445321175666572,0.668497756825243,0.75074647986376,-0.306299567250001,"Non-significant",0.124506695465083,"JOSD1","JOS1_HUMAN"
0.113002061750002,8.228553891125,0.440990827766893,0.672205719908766,0.753059810354996,-8.05678988142989,"PGKA1_HUMAN",4,0.445263591762629,0.668537558175037,0.75074647986376,0.113002061750002,"Non-significant",0.124506695465083,"PGCKA1","PGKA1_HUMAN"
0.0204858775000005,11.16803693875,0.455909639536339,0.661937156372341,0.744226796193472,-8.0493808220901,"SIA4A_HUMAN",12,0.443769282872587,0.669570800986267,0.751806618024943,0.0204858775000005,"Non-significant",0.12389385558541,"ST3GAL1","SIA4A_HUMAN"
-0.0232782349999994,11.884651185,-0.43801320038323,0.674264273686135,0.7542632465694,-8.05824071438873,"FRRS1_HUMAN",15,-0.443342447555675,0.669866076001487,0.752037980103427,-0.0232782349999994,"Non-significant",0.123760225721094,"FRRS1","FRRS1_HUMAN"
-0.0108096575000012,12.15248858875,-0.388836824533904,0.708681684907624,0.782483353692214,-8.08084648273698,"CBPD_HUMAN",60,-0.442774208378541,0.670259266654636,0.752379192786247,-0.0108096575000012,"Non-significant",0.123563223465981,"CPD","CBPD_HUMAN"
0.0358881924999963,11.74601745625,0.46215686458468,0.657659997395087,0.740806657048319,-8.04620919009058,"RT16_HUMAN",7,0.441485564505585,0.671151342489525,0.753280248447964,0.0358881924999963,"Non-significant",0.12304341993303,"MRPS16","RT16_HUMAN"
0.0410456659999987,9.45882964125,0.438569189144946,0.673879669418742,0.75423339975177,-8.05797051908761,"TF2H3_HUMAN",10,0.44114647085697,0.671386176390171,0.753443493648349,0.0410456659999987,"Non-significant",0.122949313113019,"GTF2H3","TF2H3_HUMAN"
0.0401782974999989,17.67838430375,0.438884890222249,0.673661330051734,0.754121483259606,-8.05781695242545,"MGST1_HUMAN",10,0.441015895291751,0.671476614754316,0.753444673291284,0.0401782974999989,"Non-significant",0.122948633152252,"MGST1","MGST1_HUMAN"
-0.0154385550000011,11.7852227675,-0.410582740968725,0.693366357825628,0.769301702002398,-8.07116644842605,"EXOC7_HUMAN",37,-0.439866857510447,0.672272701156529,0.754237534679673,-0.0154385550000011,"Non-significant",0.122491858699634,"EXOC7","EXOC7_HUMAN"
0.0178048599999983,10.98861444,0.489179266864137,0.639317883529077,0.72527731362942,-8.03202333856802,"DMAC2_HUMAN",10,0.439623114919756,0.672441630155997,0.754259473571613,0.0178048599999983,"Non-significant",0.122479226338208,"DMAC2","DMAC2_HUMAN"
0.0247807507499971,10.083107472875,0.442951399221643,0.670851932970106,0.75194294454854,-8.05582952063131,"ITM2B_HUMAN",12,0.439482707939692,0.672538950123779,0.754259473571613,0.0247807507499971,"Non-significant",0.122479226338208,"ITM2B","ITM2B_HUMAN"
-0.0350639817499996,8.948258280625,-0.500027981389311,0.632028162285472,0.718627350022748,-8.02611597390371,"TPK1_HUMAN",5,-0.439451319132898,0.672560707481818,0.754259473571613,-0.0350639817499996,"Non-significant",0.122479226338208,"TPK1","TPK1_HUMAN"
-0.343663454249999,7.843456029875,-0.426989490813568,0.681911243081469,0.760194401260905,-8.06353076908516,"RBFA_HUMAN",5,-0.438891564662624,0.672948760576048,0.754594266714847,-0.343663454249999,"Non-significant",0.122286498821697,"RBFA","RBFA_HUMAN"
-0.0774086710000041,8.09821993125,-0.443011650813769,0.670810349486204,0.75194294454854,-8.05579994327739,"MBLC1_HUMAN",4,-0.437886004690296,0.673646135206944,0.755275774628802,-0.0774086710000041,"Non-significant",0.12189444501786,"MBLAC1","MBLC1_HUMAN"
0.0667600642499995,9.754603147875,0.548113559259686,0.600248236548416,0.691433792766649,-7.99848620767926,"UB2E1_HUMAN",1,0.437686733222653,0.673784373958304,0.75533029499861,0.0667600642499995,"Non-significant",0.121863096149025,"UBE2E1","UB2E1_HUMAN"
-0.0355285407499997,7.155618965625,-0.43818303758628,0.674146778061902,0.7542632465694,-8.05815821262361,"TAD2B_HUMAN",10,-0.437495920969098,0.67391675685057,0.755378237166683,-0.0355285407499997,"Non-significant",0.121835531574379,"TADA2B","TAD2B_HUMAN"
-0.0196869400000015,10.77296555,-0.429123035812587,0.680428083895057,0.759042922068744,-8.06251691554548,"ACY3_HUMAN",17,-0.437115053195213,0.674181034095558,0.755573984362645,-0.0196869400000015,"Non-significant",0.121723003955942,"ACY3","ACY3_HUMAN"
-0.0239412749999985,10.0980876675,-0.466725840137121,0.654540480574196,0.737879057210097,-8.04386384053137,"UBTD2_HUMAN",9,-0.436938451049838,0.674303591607184,0.755590352662929,-0.0239412749999985,"Non-significant",0.121713595763442,"UBTD2","UBTD2_HUMAN"
0.036015987499999,8.3775737285,0.421473140669095,0.685752948436842,0.763568243378354,-8.0661298475593,"PHIP_HUMAN",34,0.436835671810387,0.674374922657873,0.755590352662929,0.036015987499999,"Non-significant",0.121713595763442,"PHIP","PHIP_HUMAN"
0.0606546407500019,9.782247781625,0.585576834621353,0.57611187004226,0.671188245001549,-7.97534741103125,"CLD12_HUMAN",1,0.435590838906806,0.675239144579493,0.756458100699168,0.0606546407500019,"Non-significant",0.121215122021604,"CLDN12","CLD12_HUMAN"
0.046595335000001,14.86048615,0.42861628464742,0.680780221678594,0.759335250566212,-8.06275815676688,"CYTA_HUMAN",11,0.435441454050833,0.675342889416841,0.75647378271024,0.046595335000001,"Non-significant",0.121206118825957,"CSTA","CYTA_HUMAN"
-0.646541895000002,6.50364992075,-0.423136577483027,0.684593443457378,0.762680165860725,-8.06534948929269,"H2A2C_HUMAN;H2A2A_HUMAN",1,-0.434631902349808,0.675905236660542,0.757003087936714,-0.646541895000002,"Non-significant",0.120902348939636,"H2AC20;H2AC18","H2A2C_HUMAN;H2A2A_HUMAN"
-0.0403642657499965,9.843982935125,-0.551300957248755,0.598173059169217,0.689740179991427,-7.99657209027053,"TSN13_HUMAN",3,-0.434390921101007,0.676072674167067,0.757090018673337,-0.0403642657499965,"Non-significant",0.120852479431481,"TSPAN13","TSN13_HUMAN"
0.22677052025,6.617906272375,0.422039991747419,0.685357721029705,0.763228990693538,-8.06586425257095,"PKD2_HUMAN",11,0.434179840043704,0.67621935245848,0.757153682501664,0.22677052025,"Non-significant",0.120815961070091,"PKD2","PKD2_HUMAN"
0.0661356447500001,8.918918728875,0.422699090597097,0.684898307576725,0.762918968490051,-8.06555500834687,"TRI11_HUMAN",14,0.433919261871575,0.676400446313923,0.757255858942762,0.0661356447500001,"Non-significant",0.120757357814627,"TRIM11","TRI11_HUMAN"
0.0190815900000008,13.620646715,0.428318652973227,0.680987083432645,0.7593650120722,-8.06289971945935,"ARSA_HUMAN",16,0.433519399448386,0.676678382429628,0.757395150008992,0.0190815900000008,"Non-significant",0.120677480217405,"ARSA","ARSA_HUMAN"
0.0329470599999961,13.047430755,0.459128559722015,0.659731628967225,0.74224211166107,-8.0477517022374,"PTRD1_HUMAN",7,0.433481718491541,0.676704576428725,0.757395150008992,0.0329470599999961,"Non-significant",0.120677480217405,"PTRHD1","PTRD1_HUMAN"
0.010658265,15.5957493775,0.435962949677417,0.675683428791476,0.754982071412742,-8.05923427152884,"FPPS_HUMAN",17,0.43293763314159,0.677082851192208,0.757717917246299,0.010658265,"Non-significant",0.120492443159444,"FDPS","FPPS_HUMAN"
0.0120205875000003,13.07147693625,0.406634020352559,0.6961363090118,0.771520553420127,-8.07296158924997,"NT5D1_HUMAN",25,0.432631580855066,0.677295676975769,0.757803938127568,0.0120205875000003,"Non-significant",0.120443142129608,"NT5DC1","NT5D1_HUMAN"
0.128437519000001,7.82094824325,0.420953128356818,0.686115610648862,0.763871150727679,-8.06637319773562,"DAPK2_HUMAN",11,0.432568528817058,0.677339526616811,0.757803938127568,0.128437519000001,"Non-significant",0.120443142129608,"DAPK2","DAPK2_HUMAN"
0.0162785049999989,14.8145149925,0.407472923298585,0.695547418788162,0.771011203704027,-8.07258159821469,"LYAG_HUMAN",32,0.432214758846528,0.677585581002395,0.757898173496498,0.0162785049999989,"Non-significant",0.120389139564771,"GAA","LYAG_HUMAN"
0.0177714824999988,10.65641152875,0.442572588917458,0.671113402421882,0.752096912820013,-8.05601539040156,"DOHH_HUMAN",13,0.432153841308056,0.677627954614279,0.757898173496498,0.0177714824999988,"Non-significant",0.120389139564771,"DOHH","DOHH_HUMAN"
-0.287841916000001,7.09195190675,-0.419781316039826,0.686933168732625,0.764579384556622,-8.06692052252538,"SBSN_HUMAN",16,-0.432059611064887,0.677693502627015,0.757898173496498,-0.287841916000001,"Non-significant",0.120389139564771,"SBSN","SBSN_HUMAN"
-0.24325561525,7.907928586125,-0.419886330177767,0.686859883482865,0.764579384556622,-8.06687153224399,"PCDGH_HUMAN",8,-0.431730064877672,0.67792276322111,0.757965660179074,-0.24325561525,"Non-significant",0.120350469740723,"PCDHGB5","PCDGH_HUMAN"
-0.188046812749999,6.910780370125,-0.419602752965602,0.687057789149648,0.764617124998994,-8.06700379743292,"XPP2_HUMAN",13,-0.431714353020839,0.677933694636379,0.757965660179074,-0.188046812749999,"Non-significant",0.120350469740723,"XPNPEP2","XPP2_HUMAN"
0.124484181500001,6.68085306875,0.418699971759845,0.687688005362552,0.764914515333987,-8.06742430322485,"SCOT1_HUMAN",13,0.430541298720731,0.678750070174285,0.758765690461517,0.124484181500001,"Non-significant",0.119892315079258,"OXCT1","SCOT1_HUMAN"
-0.269708752250002,6.197876751625,-0.419087155900444,0.687417686214896,0.764714752158553,-8.06724406262421,"TCAL3_HUMAN",5,-0.430427504514991,0.678829288381813,0.758765690461517,-0.269708752250002,"Non-significant",0.119892315079258,"TCEAL3","TCAL3_HUMAN"
-0.0150427799999999,11.38038683,-0.408193619885754,0.695041685631816,0.770551935839876,-8.07225455310738,"PLGT3_HUMAN",26,-0.430243381504549,0.678957475294303,0.758808347819634,-0.0150427799999999,"Non-significant",0.119867899986774,"POGLUT3","PLGT3_HUMAN"
0.190092325,6.38585484025,0.423761092705013,0.684158356752519,0.762296204767612,-8.06505575919257,"NTCP_HUMAN",2,0.429935327932467,0.679171968065446,0.758853234987929,0.190092325,"Non-significant",0.119842210136382,"SLC10A1","NTCP_HUMAN"
0.0155069824999998,9.8853064775,0.405856306538171,0.696682445794113,0.771964813408516,-8.07331319593422,"ZC3H4_HUMAN",29,0.429712377910847,0.679327224174585,0.758853234987929,0.0155069824999998,"Non-significant",0.119842210136382,"ZC3H4","ZC3H4_HUMAN"
0.0242333449999972,13.337756395,0.432976663849546,0.677753013341992,0.756759855538435,-8.06067352321703,"PPT1_HUMAN",12,0.42959943565053,0.679405880251612,0.758853234987929,0.0242333449999972,"Non-significant",0.119842210136382,"PPT1","PPT1_HUMAN"
0.0191061514999991,10.04262101675,0.43641793704968,0.675368371048678,0.754982071412742,-8.0590141649877,"ACBD6_HUMAN",13,0.42956968047483,0.679426603270995,0.758853234987929,0.0191061514999991,"Non-significant",0.119842210136382,"ACBD6","ACBD6_HUMAN"
-0.086081146999998,8.308338821,-0.475480569137146,0.648583666434143,0.733223138998577,-8.03930924961529,"SMAGP_HUMAN",1,-0.42934442046614,0.6795834953026,0.758853234987929,-0.086081146999998,"Non-significant",0.119842210136382,"SMAGP","SMAGP_HUMAN"
0.0589325450000029,11.1791986225,0.446864284012292,0.668153961685258,0.749913519266117,-8.05390079161154,"APOC2_HUMAN",4,0.429247334614932,0.679651120093847,0.758853234987929,0.0589325450000029,"Non-significant",0.119842210136382,"APOC2","APOC2_HUMAN"
0.0178046214999998,10.03501153125,0.405492913534625,0.69693769842329,0.772146143534426,-8.07347726660009,"AFTIN_HUMAN",35,0.42901893708928,0.679810221824557,0.758853234987929,0.0178046214999998,"Non-significant",0.119842210136382,"AFTPH","AFTIN_HUMAN"
-0.0174279224999978,12.35349512125,-0.439937236996887,0.672933767872225,0.753574960727379,-8.05730430251889,"RABL3_HUMAN",13,-0.42899127518079,0.6798294922813,0.758853234987929,-0.0174279224999978,"Non-significant",0.119842210136382,"RABL3","RABL3_HUMAN"
0.378543019499999,8.57376378775,0.419268820376556,0.687290870902947,0.764674597523884,-8.06715944014178,"KI2L4_HUMAN",1,0.42898855189455,0.679831389451468,0.758853234987929,0.378543019499999,"Non-significant",0.119842210136382,"KIR2DL4","KI2L4_HUMAN"
0.153717994500001,7.2470281125,0.417518581517906,0.688513114045321,0.765731236084973,-8.06797327924192,"ORC3_HUMAN",9,0.428893042356001,0.679897927468126,0.758853234987929,0.153717994500001,"Non-significant",0.119842210136382,"ORC3","ORC3_HUMAN"
0.0396425722500009,8.532817721375,0.433954654197214,0.677074908874721,0.756203048483506,-8.06020321062069,"FBX44_HUMAN",8,0.428352293928319,0.680274703977603,0.7591732397494,0.0396425722500009,"Non-significant",0.119659108844723,"FBXO44","FBX44_HUMAN"
-0.0250704324999944,12.87326991625,-0.589647450845093,0.573523219921543,0.669004597387031,-7.97274933288667,"HMGB2_HUMAN",5,-0.427974805544351,0.68053778318583,0.759366292622897,-0.0250704324999944,"Non-significant",0.119548684589918,"HMGB2","HMGB2_HUMAN"
0.0287871369999984,9.940675497,0.609678407465685,0.560883518509495,0.65753646418867,-7.95972730495278,"MOFA1_HUMAN",4,0.42733383881864,0.680984593285499,0.759764280185768,0.0287871369999984,"Non-significant",0.119321128368657,"MRFAP1","MOFA1_HUMAN"
0.0296540239999974,10.0789389605,0.42774764453426,0.681384031163069,0.759707142681681,-8.06317104690039,"PIP30_HUMAN",11,0.426584031192129,0.681507446701182,0.760207945229136,0.0296540239999974,"Non-significant",0.119067595728522,"PSME3IP1","PIP30_HUMAN"
-0.00970387500000314,10.6172775025,-0.383117504174983,0.712734093117199,0.786133953269415,-8.08330858888346,"EMAL3_HUMAN",32,-0.42650490427459,0.681562634013119,0.760207945229136,-0.00970387500000314,"Non-significant",0.119067595728522,"EML3","EMAL3_HUMAN"
0.00798082750000084,11.54477620125,0.372989490035923,0.719934547681599,0.791479346400818,-8.08758261131854,"SNX4_HUMAN",30,0.425342857028948,0.682373344361806,0.761011500347402,0.00798082750000084,"Non-significant",0.118608780154949,"SNX4","SNX4_HUMAN"
0.0541782380000004,8.83527612675,0.436625977834814,0.675224335540634,0.754982071412742,-8.05891344980093,"TSN14_HUMAN",5,0.42491297426224,0.682673367370955,0.761245378167718,0.0541782380000004,"Non-significant",0.118475331130628,"TSPAN14","TSN14_HUMAN"
0.0125493975000008,11.05712151625,0.39453612776519,0.704653450929548,0.779056130362692,-8.07835821214907,"SPE39_HUMAN",30,0.424278787972141,0.683116088124844,0.761638294550835,0.0125493975000008,"Non-significant",0.118251228103088,"VIPAS39","SPE39_HUMAN"
0.0281975269999979,9.0364381075,0.932159720255857,0.381558280043381,0.490417008613244,-7.69914422171491,"SMI19_HUMAN",3,0.423246091249363,0.683837287829807,0.762302890847477,0.0281975269999979,"Non-significant",0.117872433271124,"SMIM19","SMI19_HUMAN"
-0.1807067395,6.91486907,-0.412407737038425,0.692087843857092,0.768388887759672,-8.07033118858747,"FAAH2_HUMAN",6,-0.423047776937611,0.683975823608325,0.762302890847477,-0.1807067395,"Non-significant",0.117872433271124,"FAAH2","FAAH2_HUMAN"
0.0155646825000026,11.29644143625,0.414577079290702,0.690569488641541,0.76730954650139,-8.06933373447739,"CNOT2_HUMAN",18,0.423036815537075,0.683983481252755,0.762302890847477,0.0155646825000026,"Non-significant",0.117872433271124,"CNOT2","CNOT2_HUMAN"
-0.0162055524999989,14.22984850625,-0.667925649584552,0.525082062735085,0.624931891387005,-7.91965137045256,"SH3L3_HUMAN",7,-0.422359019243423,0.684457066596721,0.762729853826515,-0.0162055524999989,"Non-significant",0.117629254662316,"SH3BGRL3","SH3L3_HUMAN"
0.00673365249999947,12.34265625625,0.365410144093436,0.725343008972271,0.795875582221723,-8.09070902415533,"VPP1_HUMAN",27,0.421523933371413,0.685040758396471,0.763279385660787,0.00673365249999947,"Non-significant",0.117316466708751,"ATP6V0A1","VPP1_HUMAN"
0.0134995,14.23788631,0.436240144454941,0.675491475948126,0.754982071412742,-8.05910020057176,"BTF3_HUMAN",14,0.420811475286877,0.685538917895217,0.76373348386714,0.0134995,"Non-significant",0.117058168491348,"BTF3","BTF3_HUMAN"
0.0290641785000023,9.498889923,0.432829963938293,0.677854757474056,0.756773212019711,-8.06074398390656,"YETS4_HUMAN",9,0.420621942703938,0.685671469245333,0.763780205400939,0.0290641785000023,"Non-significant",0.117031601260608,"YEATS4","YETS4_HUMAN"
0.274461865,6.4707999825,0.411170969043738,0.692954153766361,0.768945571629365,-8.07089761552062,"CCL16_HUMAN",2,0.420455829005591,0.685787651993254,0.763808683754115,0.274461865,"Non-significant",0.11701540843317,"CCL16","CCL16_HUMAN"
-0.021655797750002,9.633228898125,-0.426236236073584,0.682435236145496,0.760619500486073,-8.06388756619635,"PHAF1_HUMAN",12,-0.419749237345282,0.686281954465825,0.76425823678061,-0.021655797750002,"Non-significant",0.116759871974996,"PHAF1","PHAF1_HUMAN"
0.0141136675000002,10.09291589125,0.405128011834789,0.697194052943243,0.772328646636693,-8.07364187718055,"SPART_HUMAN",20,0.41814763638019,0.687402968685626,0.765405498421551,0.0141136675000002,"Non-significant",0.116108422271486,"SPART","SPART_HUMAN"
0.0127210600000041,13.4490277775,0.533625784120086,0.609730411666923,0.698765144791366,-8.00705763496072,"MTX2_HUMAN",10,0.417976208064978,0.687523006372257,0.76543804262472,0.0127210600000041,"Non-significant",0.116089956938514,"MTX2","MTX2_HUMAN"
-0.0262172219999979,8.23631155475,-0.541580941189231,0.604513729395392,0.694880556552962,-8.00237730242219,"PBIR1_HUMAN",5,-0.41782940197275,0.687625810626976,0.765451394317853,-0.0262172219999979,"Non-significant",0.116082381516656,"PABIR1","PBIR1_HUMAN"
0.0187745099999965,11.6524345875,0.430138029490927,0.679723027872014,0.758457162024518,-8.06203290891179,"NUP37_HUMAN",12,0.417365860681356,0.687950461577874,0.765711665210604,0.0187745099999965,"Non-significant",0.115934736609855,"NUP37","NUP37_HUMAN"
0.294520258999999,7.59368330225,0.408678514025096,0.694701514916624,0.770377459443787,-8.07203420241256,"GP173_HUMAN",1,0.416743218061292,0.68838665185701,0.766095997953886,0.294520258999999,"Non-significant",0.115716806386448,"GPR173","GP173_HUMAN"
0.0151441074999994,10.23228609625,0.396814473677833,0.703045945689241,0.777742244512148,-8.07735380456352,"AT2L1_HUMAN",25,0.416525999910727,0.688538852804514,0.766164223140495,0.0151441074999994,"Non-significant",0.115678131725731,"ETNPPL","AT2L1_HUMAN"
0.038615942249999,8.026133895125,0.4096812148256,0.693998322307014,0.769901534446673,-8.0715777526368,"STX2_HUMAN",12,0.416139262046016,0.68880987094822,0.766364625425363,0.038615942249999,"Non-significant",0.115564550037456,"STX2","STX2_HUMAN"
-0.27570605275,7.822758793875,-0.406557581303347,0.696189978563707,0.771520553420127,-8.07299617605126,"EMRE_HUMAN",2,-0.415822751402102,0.689031711175693,0.766510267058192,-0.27570605275,"Non-significant",0.115482023592574,"SMDT1","EMRE_HUMAN"
0.0225071925000027,14.99738264125,0.444537908255546,0.669757392314432,0.751351360916172,-8.05504943744955,"LYPA1_HUMAN",9,0.415218137507914,0.689455570858877,0.766880576243002,0.0225071925000027,"Non-significant",0.11527226201823,"LYPLA1","LYPA1_HUMAN"
0.00993347249999843,12.55809426375,0.365709756378228,0.725128891534714,0.79574422949435,-8.0905866101142,"ZFR_HUMAN",49,0.414891935670379,0.689684300932544,0.767033773922735,0.00993347249999843,"Non-significant",0.115185512836748,"ZFR","ZFR_HUMAN"
0.00824570750000042,15.30957996875,0.348669089049147,0.737348133182437,0.806117638970255,-8.09739515019849,"AP2B1_HUMAN",58,0.414378630904989,0.690044295412135,0.767299419439236,0.00824570750000042,"Non-significant",0.115035130398813,"AP2B1","AP2B1_HUMAN"
0.0125372399999968,13.9562252775,0.398563106259767,0.701813282053459,0.776731112713841,-8.07657916689612,"RCC1_HUMAN",21,0.414291772517857,0.690105219927494,0.767299419439236,0.0125372399999968,"Non-significant",0.115035130398813,"RCC1","RCC1_HUMAN"
-0.18476295475,7.235444545625,-0.403007000072299,0.698684963036584,0.773471966566242,-8.07459588203378,"OTUB2_HUMAN",7,-0.41386962998591,0.690401355168144,0.767527436390436,-0.18476295475,"Non-significant",0.114906091082047,"OTUB2","OTUB2_HUMAN"
-0.0123059725000019,16.00948560125,-0.403313181190279,0.698469653106906,0.773335177464614,-8.07445846107301,"DHRS7_HUMAN",19,-0.413380485784529,0.690744564049756,0.767750808681183,-0.0123059725000019,"Non-significant",0.114779717437039,"DHRS7","DHRS7_HUMAN"
-0.0159225475000042,10.51975345625,-0.384547011422984,0.711720284729028,0.785118476636693,-8.08269648231765,"UBR1_HUMAN",61,-0.41332364641787,0.69078445047314,0.767750808681183,-0.0159225475000042,"Non-significant",0.114779717437039,"UBR1","UBR1_HUMAN"
0.01349497,11.8537852775,0.398007472258424,0.702204861545777,0.777062462645313,-8.07682566391255,"STABP_HUMAN",21,0.413144851558127,0.690909924633118,0.767789025014179,0.01349497,"Non-significant",0.11475810009807,"STAMBP","STABP_HUMAN"
-0.0307459829999992,9.61042237275,-0.415659919826771,0.689812160162247,0.766670186973574,-8.06883398284982,"CDHR5_HUMAN",10,-0.412557304583289,0.69132232394124,0.768129016761214,-0.0307459829999992,"Non-significant",0.114565828716362,"CDHR5","CDHR5_HUMAN"
0.0361318592500002,8.542200088375,0.411180490286615,0.692947482615303,0.768945571629365,-8.070893261088,"HDDC2_HUMAN",10,0.412351230948775,0.691466993273185,0.768129016761214,0.0361318592500002,"Non-significant",0.114565828716362,"HDDC2","HDDC2_HUMAN"
-0.017251492499998,15.55515146375,-0.514253844564986,0.622535066651236,0.710680515568235,-8.01818678042153,"NDUBB_HUMAN",8,-0.412319513799943,0.691489260788242,0.768129016761214,-0.017251492499998,"Non-significant",0.114565828716362,"NDUFB11","NDUBB_HUMAN"
-0.0164463525000009,8.283537507,-0.431946395321082,0.678467710610192,0.757357215300398,-8.06116788694924,"TRIM2_HUMAN",12,-0.411974951485314,0.691731186858339,0.768296504681636,-0.0164463525000009,"Non-significant",0.114471142603826,"TRIM2","TRIM2_HUMAN"
0.0429890175000001,15.74820554375,0.413294593372801,0.691466936651486,0.768003005538987,-8.06992401882985,"SSRA_HUMAN",8,0.411760592655328,0.691881712893147,0.768298025513485,0.0429890175000001,"Non-significant",0.114470282925015,"SSR1","SSRA_HUMAN"
0.020415780000004,11.30721283,0.505040845142037,0.628674427676539,0.716094155525073,-8.02334553818799,"TTC9C_HUMAN",7,0.411713399149988,0.691914854866872,0.768298025513485,0.020415780000004,"Non-significant",0.114470282925015,"TTC9C","TTC9C_HUMAN"
-0.0485291482499992,9.042583942375,-0.515461639421881,0.621732571825664,0.710106212455084,-8.01750405846367,"MANBL_HUMAN",2,-0.41118046322901,0.692289162354174,0.768612401143747,-0.0485291482499992,"Non-significant",0.114292612709492,"MANBAL","MANBL_HUMAN"
0.0245709450000007,10.39598298,0.416497625266727,0.689226536945806,0.766322448214773,-8.06844651354912,"BORG4_HUMAN",11,0.410598802879866,0.692697795074718,0.768958783899025,0.0245709450000007,"Non-significant",0.114096937708227,"CDC42EP4","BORG4_HUMAN"
0.00848770250000186,10.97698283375,0.474281466525498,0.649397941740501,0.733876442916388,-8.03993777501365,"MINY1_HUMAN",14,0.410476678214899,0.692783604808305,0.768958783899025,0.00848770250000186,"Non-significant",0.114096937708227,"MINDY1","MINY1_HUMAN"
0.0589358850000021,12.1070948825,0.415251076062112,0.69009805713074,0.766886819189849,-8.06902281805551,"MIEN1_HUMAN",5,0.409261331647472,0.693637815837616,0.76980554966363,0.0589358850000021,"Non-significant",0.113618962324822,"MIEN1","MIEN1_HUMAN"
0.0117301949999984,14.3458557125,0.370693086206978,0.721571424131638,0.792665910856976,-8.08853638068035,"COPG2_HUMAN",48,0.408834075249916,0.693938226489992,0.770030795749269,0.0117301949999984,"Non-significant",0.113491905793065,"COPG2","COPG2_HUMAN"
-0.0208580500000011,10.17651069,-0.389305013012891,0.708350394464872,0.782389166447764,-8.08064338345509,"ZFYV1_HUMAN",38,-0.408712832102195,0.694023485028733,0.770030795749269,-0.0208580500000011,"Non-significant",0.113491905793065,"ZFYVE1","ZFYV1_HUMAN"
0.234507441500001,6.9533367755,0.397439270012638,0.702605398276073,0.777403636396564,-8.07707739633898,"CTL3_HUMAN",6,0.408319512888544,0.694300100456999,0.770236318340622,0.234507441500001,"Non-significant",0.113376007288131,"SLC44A3","CTL3_HUMAN"
-0.234036564750002,8.091885149625,-0.396333389744211,0.703385243681707,0.777858071240239,-8.07756635120808,"CEAM8_HUMAN",4,-0.406455238542082,0.695611884864648,0.771590022045548,-0.234036564750002,"Non-significant",0.112613397148653,"CEACAM8","CEAM8_HUMAN"
-0.0157480274999973,10.26512336625,-0.38790621943036,0.709340381415383,0.7830055100773,-8.08124948172886,"MUC18_HUMAN",25,-0.406233154846107,0.69576822608847,0.771661891802594,-0.0157480274999973,"Non-significant",0.112572946670487,"MCAM","MUC18_HUMAN"
0.0110940925000005,12.29855132125,0.431033533728906,0.67910125790565,0.757964049640721,-8.06160497999622,"RT23_HUMAN",14,0.404951765692565,0.696670596079308,0.772561038593933,0.0110940925000005,"Non-significant",0.112067197757757,"MRPS23","RT23_HUMAN"
0.0144684299999973,10.420690895,0.375955788223318,0.717822490100415,0.790298559176646,-8.08634222886816,"PTPRK_HUMAN",45,0.404389394295718,0.697066788815061,0.772898705988181,0.0144684299999973,"Non-significant",0.111877419811243,"PTPRK","PTPRK_HUMAN"
-0.0222864149999999,11.104949235,-0.412971546746854,0.6916930792479,0.768087154295796,-8.07007243120811,"AP4A_HUMAN",11,-0.403878222866792,0.697426997589258,0.773195896795546,-0.0222864149999999,"Non-significant",0.111710459356083,"NUDT2","AP4A_HUMAN"
0.0407478807500006,9.337146878375,0.449624346696748,0.666254012611408,0.747894272777962,-8.05253066009711,"SENP8_HUMAN",4,0.403748699901086,0.697518282030292,0.773195896795546,0.0407478807500006,"Non-significant",0.111710459356083,"SENP8","SENP8_HUMAN"
0.0183281897500009,8.427780151375,0.618621756224283,0.555293666603305,0.652071651685603,-7.95378663720543,"LUR1L_HUMAN",6,0.402294293103554,0.698543673175357,0.774217340585449,0.0183281897500009,"Non-significant",0.111137105767987,"LURAP1L","LUR1L_HUMAN"
-0.0237555504999989,8.76798105225,-0.436112286572706,0.675580012237214,0.754982071412742,-8.05916205170791,"WLS_HUMAN",8,-0.402181172384687,0.698623453848965,0.774217340585449,-0.0237555504999989,"Non-significant",0.111137105767987,"WLS","WLS_HUMAN"
0.0256023405000008,8.66036224375,0.396737106867824,0.703100505940078,0.777742244512148,-8.07738800247631,"RPC4_HUMAN",14,0.402013815109186,0.698741493326552,0.77424635825549,0.0256023405000008,"Non-significant",0.111120828713526,"POLR3D","RPC4_HUMAN"
0.0276823047499999,9.675551891375,0.413414944527295,0.691382695722798,0.768003005538987,-8.0698686994472,"HYAL1_HUMAN",9,0.401631138770304,0.699011433477037,0.774443660985534,0.0276823047499999,"Non-significant",0.111010170691169,"HYAL1","HYAL1_HUMAN"
-0.0220854275000022,11.52549540875,-0.390477674321167,0.707520914470446,0.781611243521807,-8.0801336570343,"ARP10_HUMAN",19,-0.401429954292374,0.699153367586179,0.774499110971731,-0.0220854275000022,"Non-significant",0.110979076420325,"ACTR10","ARP10_HUMAN"
0.0325183889999998,10.1935362805,0.401660998069238,0.699631837336846,0.774418484164448,-8.07519881479906,"ZC12C_HUMAN",10,0.400995482919878,0.699459927142964,0.774736889078587,0.0325183889999998,"Non-significant",0.110845764619499,"ZC3H12C","ZC12C_HUMAN"
-0.1036850215,7.63641673325,-0.396612709888266,0.703188236496272,0.777742244512148,-8.07744297542797,"4EBP2_HUMAN",4,-0.400752713418354,0.699631249159364,0.774824832369502,-0.1036850215,"Non-significant",0.110796469021295,"EIF4EBP2","4EBP2_HUMAN"
0.0251653175000008,10.32151186375,0.39092659392186,0.7072034840299,0.781362979012719,-8.07993813407023,"GPI8_HUMAN",16,0.399130761885904,0.700776331081655,0.775991026627335,0.0251653175000008,"Non-significant",0.110143300789189,"PIGK","GPI8_HUMAN"
0.205564498999997,6.8198143245,0.387158224825064,0.709870015850562,0.783363597520217,-8.08157272991008,"TMPS2_HUMAN",8,0.397996585004746,0.701577537335094,0.7767761805067,0.205564498999997,"Non-significant",0.109704100341436,"TMPRSS2","TMPS2_HUMAN"
0.0132620300000017,11.0520993475,0.409422501042988,0.694179727151905,0.769922018801365,-8.07169562658451,"TPC13_HUMAN",14,0.397059048269611,0.702240135655768,0.777407683667253,0.0132620300000017,"Non-significant",0.109351171245532,"TRAPPC13","TPC13_HUMAN"
-0.1427191495,6.60137671225,-0.38705433608663,0.709943590159798,0.783363597520217,-8.08161757842707,"CNN1_HUMAN",6,-0.396482215774991,0.702647944407571,0.777756995851795,-0.1427191495,"Non-significant",0.109156073763243,"CNN1","CNN1_HUMAN"
-0.00648116750000227,14.76217722875,-0.321295822287154,0.757145930171612,0.822844642266183,-8.10767358170599,"SC24C_HUMAN",44,-0.396038067490235,0.702962018616917,0.777955256311353,-0.00648116750000227,"Non-significant",0.109045380511439,"SEC24C","SC24C_HUMAN"
-0.00775361250000017,11.95610415875,-0.333258672838854,0.74846874624989,0.815306676420306,-8.10328178691154,"SART3_HUMAN",53,-0.395967890924539,0.703011648751166,0.777955256311353,-0.00775361250000017,"Non-significant",0.109045380511439,"SART3","SART3_HUMAN"
0.0074338900000015,13.547763345,0.374585919391037,0.718797535461635,0.791062074214143,-8.08691622513732,"KPRB_HUMAN",21,0.395332032359405,0.703461409075969,0.778350776726351,0.0074338900000015,"Non-significant",0.10882463686107,"PRPSAP2","KPRB_HUMAN"
-0.0405378342499958,9.540774345375,-0.385018817392473,0.711385815753635,0.784852230495732,-8.08249397763905,"KALRN_HUMAN",16,-0.395099853155286,0.703625667095744,0.778430338358055,-0.0405378342499958,"Non-significant",0.108780246320466,"KALRN","KALRN_HUMAN"
-0.00641441500000184,15.1502034675,-0.349929376118238,0.736441591956616,0.805849825843647,-8.09690234859611,"G3BP1_HUMAN",25,-0.394517820409517,0.704037506710198,0.778783745939666,-0.00641441500000184,"Non-significant",0.10858312125367,"G3BP1","G3BP1_HUMAN"
0.0146632200000028,12.4616451275,0.391364180938354,0.706894126653733,0.781123570210319,-8.07974733972407,"CCHL_HUMAN",16,0.39343036832719,0.704807256111105,0.779532917171041,0.0146632200000028,"Non-significant",0.108165541227023,"HCCS","CCHL_HUMAN"
0.0312755125000024,10.29301750625,0.426181897592433,0.682473043323784,0.760619500486073,-8.06391328176,"CDC26_HUMAN",6,0.393096738878598,0.705043487892825,0.779691886571586,0.0312755125000024,"Non-significant",0.108076984998926,"CDC26","CDC26_HUMAN"
0.06200265875,8.310210466375,0.388911984883311,0.708628496863297,0.782483353692214,-8.08081389410577,"STAR4_HUMAN",7,0.392880990090041,0.705196270644021,0.779758541946537,0.06200265875,"Non-significant",0.108039859020416,"STARD4","STAR4_HUMAN"
-0.0314610002500011,9.806107163375,-0.411721349343787,0.692568572226021,0.768821347990666,-8.07064574741296,"WWTR1_HUMAN",7,-0.392416209137437,0.705525454599314,0.780020206822878,-0.0314610002500011,"Non-significant",0.10789414654285,"WWTR1","WWTR1_HUMAN"
-0.379463076249998,7.136989295625,-0.381103684859221,0.714163348121987,0.787195352598435,-8.08416718132539,"DSC3_HUMAN",12,-0.392231797218145,0.705656083927537,0.78006231231806,-0.379463076249998,"Non-significant",0.107870703956967,"DSC3","DSC3_HUMAN"
0.0107667449999997,13.0179682975,0.363122411074326,0.72697879698584,0.797255305723868,-8.09164054678436,"PPP5_HUMAN",29,0.392056897105778,0.705779985191655,0.780096970257075,0.0107667449999997,"Non-significant",0.107851408809556,"PPP5C","PPP5_HUMAN"
-0.0394251375000003,11.43314659375,-0.473421703468745,0.649982096607255,0.7344100659923,-8.04038751363043,"UQCC3_HUMAN",3,-0.391899188407982,0.70589171593857,0.780118168827351,-0.0394251375000003,"Non-significant",0.107839607331843,"UQCC3","UQCC3_HUMAN"
-0.0218574999999959,11.3963316675,-0.429678646335308,0.680042091847206,0.758712745490417,-8.06225210342545,"SMN_HUMAN",8,-0.390637568026414,0.706785802582294,0.781003871259328,-0.0218574999999959,"Non-significant",0.107346813417965,"SMN1","SMN_HUMAN"
0.0173466224999999,10.40392935375,0.374062069163297,0.719170549549837,0.791355059022506,-8.08713519394677,"M3K7_HUMAN",25,0.390137568439751,0.707140278242133,0.781293145274995,0.0173466224999999,"Non-significant",0.107185985983914,"MAP3K7","M3K7_HUMAN"
0.0549764675000013,16.45477771625,0.416184573558169,0.689445358593292,0.766363566871008,-8.0685913983592,"RLA1_HUMAN",3,0.38831298731425,0.708434468701859,0.782620463523981,0.0549764675000013,"Non-significant",0.106448800596653,"RPLP1","RLA1_HUMAN"
-0.0120041374999982,10.58657491375,-0.375468104511901,0.718169549438764,0.790478045390371,-8.08654680682807,"NJMU_HUMAN",20,-0.38773342102261,0.708845773036726,0.782972221324409,-0.0120041374999982,"Non-significant",0.106253645783091,"C17orf75","NJMU_HUMAN"
-0.0210168374999977,10.14949643625,-0.371301633256674,0.721137499742528,0.792292490267175,-8.08828418373924,"UBP16_HUMAN",29,-0.387058435831189,0.709324923167994,0.783398817791277,-0.0210168374999977,"Non-significant",0.106017088171242,"USP16","UBP16_HUMAN"
-0.0524176359999977,8.14688581225,-0.394692462282395,0.704543096254644,0.779036305697284,-8.07828946908737,"NAA40_HUMAN",5,-0.386720155226823,0.709565109890525,0.783561419005272,-0.0524176359999977,"Non-significant",0.105926955941229,"NAA40","NAA40_HUMAN"
-0.0241289139999985,9.31288290025,-0.377845850609429,0.716478102575821,0.789127652765137,-8.08554695704701,"ITFG2_HUMAN",16,-0.385725175807713,0.710271769352811,0.784168604047324,-0.0241289139999985,"Non-significant",0.105590549643506,"ITFG2","ITFG2_HUMAN"
0.0280764105000024,8.602734685,0.37309651263927,0.719858300119489,0.791479346400818,-8.08753802323894,"RFIP5_HUMAN",24,0.385684000865205,0.710301019326292,0.784168604047324,0.0280764105000024,"Non-significant",0.105590549643506,"RAB11FIP5","RFIP5_HUMAN"
0.0265409947500004,9.330495238375,0.435879290880228,0.675741366197374,0.754982071412742,-8.05927471895159,"GPS2_HUMAN",6,0.385235639195115,0.710619561134825,0.784417532845133,0.0265409947500004,"Non-significant",0.105452707797731,"GPS2","GPS2_HUMAN"
0.00718903499999612,12.9257189025,0.338659674801986,0.744563780167302,0.812207597130864,-8.10124797671832,"MAOM_HUMAN",29,0.384426672927572,0.711194451567601,0.784949329876039,0.00718903499999612,"Non-significant",0.105158376968731,"ME2","MAOM_HUMAN"
0.0126535874999973,11.03357851375,0.38852243683082,0.708904183608034,0.782626504732432,-8.08098273203958,"SNX15_HUMAN",15,0.382867646977418,0.712302930127947,0.786045880874895,0.0126535874999973,"Non-significant",0.104552103796147,"SNX15","SNX15_HUMAN"
0.073150396,6.648339033,0.38081605928807,0.714367582906301,0.78731751520884,-8.08428945597054,"DPH7_HUMAN",5,0.382619799678677,0.712479219077149,0.786045880874895,0.073150396,"Non-significant",0.104552103796147,"DPH7","DPH7_HUMAN"
-0.0506603722499985,9.384080767625,-0.381807422030943,0.713663749703758,0.786953394329275,-8.08386763660614,"NAA38_HUMAN",7,-0.382593027131433,0.712498262978725,0.786045880874895,-0.0506603722499985,"Non-significant",0.104552103796147,"NAA38","NAA38_HUMAN"
-0.452598929500001,7.92552715525,-0.371773568787388,0.720801061623133,0.792232644206727,-8.0880883279397,"PTCD2_HUMAN",6,-0.382504847053044,0.712560988938792,0.786045880874895,-0.452598929500001,"Non-significant",0.104552103796147,"PTCD2","PTCD2_HUMAN"
-0.3037912845,6.488028884,-0.371526489370162,0.720977193843332,0.792292490267175,-8.08819089709115,"ACTMP_HUMAN",5,-0.381899297795624,0.712991803384472,0.786418203445133,-0.3037912845,"Non-significant",0.104346442322061,"ACTMAP","ACTMP_HUMAN"
0.153438329749998,6.705558180625,0.370313971168533,0.721841807398385,0.792756298965601,-8.08869329405734,"RTN1_HUMAN",20,0.3811802598618,0.713503502341551,0.786879631196773,0.153438329749998,"Non-significant",0.104091696491148,"RTN1","RTN1_HUMAN"
-0.00921607250000278,11.82033550625,-0.337281604353824,0.74555937961004,0.81287285095499,-8.1017699154335,"KANK2_HUMAN",45,-0.380410697355903,0.714051329344504,0.787380776431819,-0.00921607250000278,"Non-significant",0.103815192532197,"KANK2","KANK2_HUMAN"
-0.0110862249999997,10.8503876925,-0.341121500653681,0.742786509587989,0.810478639393807,-8.10031044081575,"TACC2_HUMAN",86,-0.37994097393525,0.714385798023032,0.787646552195701,-0.0110862249999997,"Non-significant",0.103668623711866,"TACC2","TACC2_HUMAN"
-0.0232293600000038,12.904430985,-0.502416716058969,0.630428877692625,0.717413934125981,-8.02479901544678,"BOLA2_HUMAN",5,-0.379691429198857,0.71456351444601,0.787720125574649,-0.0232293600000038,"Non-significant",0.103628058536829,"BOLA2","BOLA2_HUMAN"
0.00849819249999939,16.15923356875,0.337365718843705,0.74549859544163,0.81287285095499,-8.10173811648005,"TYPH_HUMAN",35,0.37947241123828,0.714719506250919,0.787720125574649,0.00849819249999939,"Non-significant",0.103628058536829,"TYMP","TYPH_HUMAN"
-0.00588656000000398,11.1963222025,-0.28839924141257,0.78119719743861,0.84309971497292,-8.11894447860493,"GOGA4_HUMAN",129,-0.379453622495491,0.714732888883013,0.787720125574649,-0.00588656000000398,"Non-significant",0.103628058536829,"GOLGA4","GOGA4_HUMAN"
0.0442128149999981,15.26638937,0.477514317449635,0.647203780364598,0.732154162487344,-8.03823982769517,"ACTG_HUMAN",2,0.378355300377391,0.715515373267651,0.788469967096683,0.0442128149999981,"Non-significant",0.103214844342168,"ACTG1","ACTG_HUMAN"
-0.0183558462499995,9.343817710875,-0.535649065253364,0.608401307256728,0.697621360205001,-8.00587331879125,"PLS4_HUMAN",6,-0.378208247583546,0.71562016643303,0.788469967096683,-0.0183558462499995,"Non-significant",0.103214844342168,"PLSCR4","PLS4_HUMAN"
-0.0288653370000027,9.48091006275,-0.414329447477807,0.690742733191301,0.767400882835043,-8.06944784673476,"MED10_HUMAN",6,-0.378104812585459,0.715693880443318,0.788469967096683,-0.0288653370000027,"Non-significant",0.103214844342168,"MED10","MED10_HUMAN"
0.00864052750000077,13.33056890875,0.4039932962839,0.697991494692214,0.77303035662377,-8.07415285335557,"TIAR_HUMAN",15,0.377865717503058,0.715864286255919,0.788554635239302,0.00864052750000077,"Non-significant",0.103168211072004,"TIAL1","TIAR_HUMAN"
-0.0100262175000001,11.93894946625,-0.368130973135562,0.723399537247864,0.794260088506219,-8.08959381611958,"SPB9_HUMAN",19,-0.376913689518679,0.716542977063755,0.789124916609471,-0.0100262175000001,"Non-significant",0.102854243558521,"SERPINB9","SPB9_HUMAN"
-0.164083242499999,6.79209887975,-0.369642505018096,0.722320798396504,0.793179000740507,-8.08897083051125,"MT21A_HUMAN",3,-0.376876859065666,0.716569238548926,0.789124916609471,-0.164083242499999,"Non-significant",0.102854243558521,"METTL21A","MT21A_HUMAN"
0.0628883842499981,8.073640823375,0.373948364244692,0.719251525349557,0.791355059022506,-8.08718268355062,"RBM4B_HUMAN",6,0.376225530729906,0.717033726787803,0.789533283225916,0.0628883842499981,"Non-significant",0.102629557338173,"RBM4B","RBM4B_HUMAN"
-0.0118751499999981,10.6958961475,-0.37300108485555,0.71992628686295,0.791479346400818,-8.08757778124416,"RUFY3_HUMAN",17,-0.375787666202083,0.717346056557348,0.789713306623239,-0.0118751499999981,"Non-significant",0.102530544088548,"RUFY3","RUFY3_HUMAN"
0.0137693849999998,11.5771807425,0.362590196604246,0.727359562415978,0.797465368314813,-8.0918564462271,"MP2K4_HUMAN",21,0.375733637299143,0.717384599455943,0.789713306623239,0.0137693849999998,"Non-significant",0.102530544088548,"MAP2K4","MP2K4_HUMAN"
-0.0308873655000017,8.228576541,-0.403965662449625,0.698010919950589,0.77303035662377,-8.07416528012707,"TAF8_HUMAN",6,-0.375532306687652,0.717528231446422,0.789768276686066,-0.0308873655000017,"Non-significant",0.102500314935873,"TAF8","TAF8_HUMAN"
0.0287156102499999,8.881559610375,0.364496809361759,0.72599588390802,0.796357124466955,-8.09108159325432,"KLH25_HUMAN",20,0.37538505117484,0.717633293167339,0.789780784450647,0.0287156102499999,"Non-significant",0.102493436956236,"KLHL25","KLH25_HUMAN"
-0.0254766975000003,10.37747156625,-0.366962022443939,0.724234245847585,0.794969456732555,-8.0900739195943,"PHF6_HUMAN",15,-0.373995015718322,0.718625353081057,0.7907693343499,-0.0254766975000003,"Non-significant",0.101950180760554,"PHF6","PHF6_HUMAN"
-0.0372474192500007,8.454357266375,-0.380430861318081,0.714641140225986,0.787516037516648,-8.08445307147043,"NDEL1_HUMAN",7,-0.37314160662598,0.719234710102928,0.791336558080874,-0.0372474192500007,"Non-significant",0.101638770319444,"NDEL1","NDEL1_HUMAN"
0.035269140999997,7.855537951,0.366536372667775,0.724538287654855,0.795199638885778,-8.0902483743396,"MTEF1_HUMAN",12,0.372511356588986,0.719684864032302,0.791728493725956,0.035269140999997,"Non-significant",0.101423724840165,"MTERF1","MTEF1_HUMAN"
0.0117685825000002,14.22052299875,0.430384285792325,0.679552019702135,0.758366738258876,-8.06191531622488,"SNX3_HUMAN",11,0.371800752297521,0.720192551584783,0.792183611811058,0.0117685825000002,"Non-significant",0.101174146245844,"SNX3","SNX3_HUMAN"
-0.0276668052500018,9.918147683125,-0.378540447373682,0.715984310171432,0.788686846632907,-8.08525373214186,"S26A1_HUMAN",9,-0.371019763189322,0.720750697170645,0.792610207717829,-0.0276668052500018,"Non-significant",0.100940338856511,"SLC26A1","S26A1_HUMAN"
-0.0134797099999986,10.48397851,-0.351137289167454,0.735573144289388,0.805004678423169,-8.09642841385803,"FCHO2_HUMAN",28,-0.370986670387078,0.720774351410894,0.792610207717829,-0.0134797099999986,"Non-significant",0.100940338856511,"FCHO2","FCHO2_HUMAN"
-0.0198886399999996,13.30801618,-0.569615101106258,0.586327092203893,0.679894216561648,-7.98537686973736,"ETFR1_HUMAN",5,-0.370863379126214,0.720862481001884,0.792610207717829,-0.0198886399999996,"Non-significant",0.100940338856511,"ETFRF1","ETFR1_HUMAN"
-0.103227138499999,7.39832913875,-0.373405722942684,0.719638024358453,0.791479346400818,-8.0874091299811,"ASB3_HUMAN",2,-0.370337617140775,0.7212383501837,0.792920053958316,-0.103227138499999,"Non-significant",0.100770598149004,"ASB3","ASB3_HUMAN"
0.011298892500001,12.48405396875,0.3436186795328,0.740985425436695,0.809141877316479,-8.09935272636094,"NCBP1_HUMAN",32,0.369978786409352,0.721494926312577,0.793098687257265,0.011298892500001,"Non-significant",0.100672768969147,"NCBP1","NCBP1_HUMAN"
-0.0247974399999968,12.9288294325,-0.371376375472903,0.72108421236963,0.792292490267175,-8.08825318126881,"PDC10_HUMAN",11,-0.369484271360366,0.721848583368936,0.793383975644382,-0.0247974399999968,"Non-significant",0.100516575426654,"PDCD10","PDC10_HUMAN"
0.00855302500000121,16.526085615,0.349604479458375,0.736675251654583,0.805896910603047,-8.09702955516271,"HNRPD_HUMAN",22,0.369271805163768,0.722000552621508,0.793447543421993,0.00855302500000121,"Non-significant",0.100481780132098,"HNRNPD","HNRPD_HUMAN"
0.0125403399999957,11.2162363525,0.373309661725975,0.719706453568438,0.791479346400818,-8.08744918376822,"FBX3_HUMAN",15,0.368801051029111,0.722337312942406,0.793664442008084,0.0125403399999957,"Non-significant",0.100363076649895,"FBXO3","FBX3_HUMAN"
-0.00912857500000008,15.2407474525,-0.378584199600353,0.71595321134164,0.788686846632907,-8.08523524476049,"PIMT_HUMAN",16,-0.368732666873399,0.722386237879466,0.793664442008084,-0.00912857500000008,"Non-significant",0.100363076649895,"PCMT1","PIMT_HUMAN"
0.0276834964999999,9.80743420125,0.375463147208806,0.718173077660394,0.790478045390371,-8.08654888505153,"WDR73_HUMAN",9,0.368302297299911,0.722694174066387,0.793899282315337,0.0276834964999999,"Non-significant",0.100234590657491,"WDR73","WDR73_HUMAN"
0.0196590424999989,10.44005370125,0.394261688216075,0.704847192898742,0.779082800087066,-8.07847882502125,"BL1S3_HUMAN",9,0.367253394011927,0.723444908043193,0.794576501476828,0.0196590424999989,"Non-significant",0.0998642827614621,"BLOC1S3","BL1S3_HUMAN"
0.0546674729999985,8.26829707625,0.360966264852069,0.728521889561636,0.798428163712785,-8.0925133274172,"STYX_HUMAN",9,0.367177574219864,0.723499187191204,0.794576501476828,0.0546674729999985,"Non-significant",0.0998642827614621,"STYX","STYX_HUMAN"
-0.0265849829999993,7.65775924925,-0.408208933744182,0.695030941261168,0.770551935839876,-8.07224759784131,"RAD9A_HUMAN",6,-0.366896439966401,0.723700464971798,0.794694009802929,-0.0265849829999993,"Non-significant",0.0998000605697911,"RAD9A","RAD9A_HUMAN"
-0.0330369472499994,7.522982478125,-0.357072916917112,0.731311649542128,0.801173108134988,-8.09407660516681,"JHD2C_HUMAN",17,-0.36659308669126,0.723917676332067,0.794828981868307,-0.0330369472499994,"Non-significant",0.0997263055833545,"JMJD1C","JHD2C_HUMAN"
0.00793123250000072,13.23331308375,0.344516197938062,0.74033851495129,0.80864498412912,-8.09900686015382,"ODPX_HUMAN",22,0.365151305357852,0.724950408169285,0.795859206884463,0.00793123250000072,"Non-significant",0.0991637552289135,"PDHX","ODPX_HUMAN"
0.0155880499999981,10.9435971975,0.352825142747618,0.734360327175765,0.803990543936164,-8.09576352785088,"TLE1_HUMAN",21,0.364971677047887,0.725079116327647,0.795896844839919,0.0155880499999981,"Non-significant",0.0991432169606907,"TLE1","TLE1_HUMAN"
-0.0245990749999994,11.4484639175,-0.376126262588748,0.717701189054921,0.790268232860082,-8.08627065653053,"GP107_HUMAN",9,-0.364446574180796,0.725455419410058,0.79602717134314,-0.0245990749999994,"Non-significant",0.099072107936961,"GPR107","GP107_HUMAN"
0.1033974885,6.82367879175,0.355444489392944,0.732479782587798,0.80234854937395,-8.094725607778,"ZMYM1_HUMAN",8,0.364300734793582,0.725559946121707,0.79602717134314,0.1033974885,"Non-significant",0.099072107936961,"ZMYM1","ZMYM1_HUMAN"
-0.0170063999999996,10.1342649475,-0.346723353722082,0.73874860264252,0.807117559517019,-8.09815260247582,"MCM2_HUMAN",33,-0.364288058067821,0.725569032137765,0.79602717134314,-0.0170063999999996,"Non-significant",0.099072107936961,"MCM2","MCM2_HUMAN"
0.165911197500001,7.09374654275,0.35392114308887,0.733573222508251,0.803441877926462,-8.09533013802422,"LRP6_HUMAN",18,0.364278890544681,0.725575602969433,0.79602717134314,0.165911197500001,"Non-significant",0.099072107936961,"LRP6","LRP6_HUMAN"
0.0299705267500006,7.960857570125,0.351936856559133,0.734998509841976,0.804584732397144,-8.09611382902,"CP131_HUMAN",24,0.363468334319404,0.726156666391842,0.79656097618647,0.0299705267500006,"Non-significant",0.0987809736510344,"CEP131","CP131_HUMAN"
-0.0128207199999988,12.2299079875,-0.3369686488317,0.745785549556092,0.812953941647048,-8.10188815883996,"EXOC8_HUMAN",42,-0.362136361237951,0.72711193133251,0.797505070813498,-0.0128207199999988,"Non-significant",0.0982665468672458,"EXOC8","EXOC8_HUMAN"
-0.0120592124999988,16.08915948875,-0.381644463375191,0.713779424292406,0.786977994422589,-8.08393704693403,"RAB5A_HUMAN",13,-0.361696104784909,0.727427787429325,0.797747699745222,-0.0120592124999988,"Non-significant",0.0981344393931762,"RAB5A","RAB5A_HUMAN"
0.132300018999999,6.71851831675,0.351504943324167,0.735308895509303,0.804819981852735,-8.09628384845737,"LIN54_HUMAN",9,0.361112465491702,0.727846597875297,0.798082516810269,0.132300018999999,"Non-significant",0.097952202956716,"LIN54","LIN54_HUMAN"
0.015691995500001,9.8598252535,0.367571305278359,0.723799127305331,0.794595317017014,-8.08982386256662,"ABITM_HUMAN",13,0.361006765700027,0.727922456903232,0.798082516810269,0.015691995500001,"Non-significant",0.097952202956716,"ABITRAM","ABITM_HUMAN"
0.0426385424999971,10.69263637125,0.601778526100581,0.565848725400252,0.661976253490454,-7.96490994667158,"LAMA4_HUMAN",1,0.360340861298333,0.72840043972353,0.798502705999432,0.0426385424999971,"Non-significant",0.0977236077676648,"LAMA4","LAMA4_HUMAN"
0.0326514242500018,9.671016454875,0.360980971550446,0.728511359833781,0.798428163712785,-8.09250739130754,"MED8_HUMAN",9,0.359680557969996,0.72887452813783,0.798918517252766,0.0326514242500018,"Non-significant",0.0974975126910674,"MED8","MED8_HUMAN"
0.2530264855,6.67673301675,0.349164929340007,0.736991415332589,0.806033559081146,-8.09720147015474,"CADH6_HUMAN",6,0.35895239421437,0.729397484638958,0.799387777665035,0.2530264855,"Non-significant",0.0972424962225372,"CDH6","CADH6_HUMAN"
0.145667195250002,7.318365275875,0.348637032595407,0.73737119764315,0.806117638970255,-8.0974076626052,"PRR5_HUMAN",9,0.358296721246532,0.729868509484994,0.799760137675928,0.145667195250002,"Non-significant",0.0970402461374964,"PRR5","PRR5_HUMAN"
-0.0378046049999998,11.84098792,-0.359291263094215,0.729721569049354,0.799638989276782,-8.09318788738177,"CMC4_HUMAN",8,-0.358215304356014,0.729927006660448,0.799760137675928,-0.0378046049999998,"Non-significant",0.0970402461374964,"CMC4","CMC4_HUMAN"
0.0099830650000019,10.6410985,0.332688345772451,0.748881559821771,0.815650945566315,-8.10349470022857,"XIAP_HUMAN",28,0.357645208638988,0.730336667578104,0.80010498713489,0.0099830650000019,"Non-significant",0.0968530225808214,"XIAP","XIAP_HUMAN"
-0.0179507749999992,13.20783055,-0.61717933287744,0.556192973259085,0.653036714250011,-7.95475003805339,"COXM1_HUMAN",5,-0.357322836109935,0.73056836005393,0.800254802715345,-0.0179507749999992,"Non-significant",0.0967717107651941,"CMC1","COXM1_HUMAN"
0.0200004575000019,10.55291414125,0.35338011276466,0.733961726702271,0.803762945871566,-8.09554423910232,"ARFP2_HUMAN",14,0.35643212274475,0.731208679323781,0.800852125522369,0.0200004575000019,"Non-significant",0.0964476674343388,"ARFIP2","ARFP2_HUMAN"
0.0397160050000043,9.56707513325,0.409394344530388,0.694199471217271,0.769922018801365,-8.0717084508339,"JOS2_HUMAN",3,0.355835900264322,0.731637420377126,0.801132254340013,0.0397160050000043,"Non-significant",0.0962957828061316,"JOSD2","JOS2_HUMAN"
0.0193824750000022,12.3335626125,0.353212723141431,0.734081943051562,0.803790166014759,-8.09561041586168,"KGUA_HUMAN",14,0.355812099953274,0.731654537182278,0.801132254340013,0.0193824750000022,"Non-significant",0.0962957828061316,"GUK1","KGUA_HUMAN"
0.0108368397499987,9.867484688875,0.331040638285466,0.750074695183003,0.816633893786816,-8.1041078322894,"OCRL_HUMAN",30,0.355090013662153,0.732173926817949,0.801596834543251,0.0108368397499987,"Non-significant",0.096044006475723,"OCRL","OCRL_HUMAN"
0.0452675799999991,11.5436368,0.524344841247192,0.615847221127886,0.704243145690809,-8.01243707542179,"EVA1A_HUMAN",1,0.354586952251248,0.732535861629552,0.801888932165649,0.0452675799999991,"Non-significant",0.09588578070332,"EVA1A","EVA1A_HUMAN"
0.0139772924999999,11.57184207375,0.382514621263539,0.713161844484113,0.786502837518853,-8.08356608377341,"RM11_HUMAN",11,0.354291926088044,0.732748155913305,0.802017167405953,0.0139772924999999,"Non-significant",0.0958163354192308,"MRPL11","RM11_HUMAN"
0.150928020250001,8.090867757875,0.349368360224938,0.736845082920601,0.805978095501913,-8.09712193110853,"S66A3_HUMAN",2,0.354064704748377,0.732911676190296,0.802091991509738,0.150928020250001,"Non-significant",0.0957758198530302,"SLC66A3","S66A3_HUMAN"
-0.2655329705,7.14722836025,-0.34399891050907,0.74071133641651,0.808947376866386,-8.09920630774897,"D19L3_HUMAN",4,-0.353322497259032,0.733445909256511,0.802572448282894,-0.2655329705,"Non-significant",0.0955157533538475,"DPY19L3","D19L3_HUMAN"
0.0715779065000017,7.2750534415,0.359050050107002,0.729894398675947,0.799724410040239,-8.09328477986338,"S22A5_HUMAN",3,0.353133965478466,0.733581637284698,0.802616773192201,0.0715779065000017,"Non-significant",0.0954917685634309,"SLC22A5","S22A5_HUMAN"
-0.0188000199999951,8.94050610075,-0.376527161425239,0.717415963716941,0.790057376296067,-8.08610221935157,"NANP_HUMAN",9,-0.350819080341219,0.73524899097877,0.804336631402992,-0.0188000199999951,"Non-significant",0.0945621520435533,"NANP","NANP_HUMAN"
0.0110456950000035,11.237644315,0.324666729366846,0.754697011806934,0.820924133761859,-8.10645182590171,"VPS16_HUMAN",36,0.350631793465509,0.735383955087911,0.804379880279782,0.0110456950000035,"Non-significant",0.0945388008211263,"VPS16","VPS16_HUMAN"
-0.00501775999999943,14.55498743,-0.271680446420811,0.793521259419101,0.852701516527741,-8.12421714652869,"VPS35_HUMAN",44,-0.349843963277466,0.735951795369299,0.80485185857293,-0.00501775999999943,"Non-significant",0.0942840487313923,"VPS35","VPS35_HUMAN"
-0.0418324472499982,8.731499195125,-0.372996756571893,0.719929370577345,0.791479346400818,-8.08757958430178,"CDKA1_HUMAN",4,-0.349753899807267,0.736016721059104,0.80485185857293,-0.0418324472499982,"Non-significant",0.0942840487313923,"CDK2AP1","CDKA1_HUMAN"
-0.0268889667499996,7.770465075875,-0.342322946745984,0.741919754062931,0.809952286879477,-8.09985050780746,"RNPC3_HUMAN",15,-0.349635735961713,0.736101907431334,0.80485185857293,-0.0268889667499996,"Non-significant",0.0942840487313923,"RNPC3","RNPC3_HUMAN"
-0.00788473999999795,11.895804285,-0.337430178914963,0.745452015575336,0.81287285095499,-8.10171374255703,"AP3M1_HUMAN",20,-0.349445628064436,0.736238967747406,0.804897309875861,-0.00788473999999795,"Non-significant",0.0942595241030211,"AP3M1","AP3M1_HUMAN"
-0.0226547717500027,7.999630928125,-0.361434615196987,0.728186589991153,0.798268275072887,-8.09232417119536,"CCD69_HUMAN",9,-0.348455680123405,0.736952845060087,0.805573275970882,-0.0226547717500027,"Non-significant",0.0938949494689467,"CCDC69","CCD69_HUMAN"
0.00486993750000053,14.94256925625,0.270858431117167,0.794128859253423,0.853028183337212,-8.12446843954423,"LKHA4_HUMAN",40,0.347901918711477,0.737352296564202,0.805905408161262,0.00486993750000053,"Non-significant",0.0937159298132636,"LTA4H","LKHA4_HUMAN"
-0.285704255000002,6.75133663425,-0.338138392345149,0.744940324223929,0.812513197836891,-8.10144565278217,"ENTP2_HUMAN",5,-0.347609097942264,0.737563555215042,0.806031791379177,-0.285704255000002,"Non-significant",0.0936478284824257,"ENTPD2","ENTP2_HUMAN"
0.12746691675,7.527808189625,0.342105642560658,0.742076493582796,0.810018488009504,-8.09993381130937,"ATX7_HUMAN",3,0.347429906451876,0.737692846632292,0.806068577166657,0.12746691675,"Non-significant",0.0936280085446234,"ATXN7","ATX7_HUMAN"
0.0101039424999989,14.83920466875,0.319309772794016,0.758590165521319,0.824201663467285,-8.10838760784459,"RBMX_HUMAN",33,0.34579772406969,0.738870921853493,0.807251199002346,0.0101039424999989,"Non-significant",0.0929913012569565,"RBMX","RBMX_HUMAN"
0.0158305175000013,11.89209651875,0.525799266839482,0.614886476640222,0.703430796905596,-8.01159982844264,"COX19_HUMAN",6,0.345228064468518,0.73928226486595,0.807549586365107,0.0158305175000013,"Non-significant",0.0928308009800605,"COX19","COX19_HUMAN"
-0.00819921500001186,17.39405799,-0.348526346351723,0.737450838070903,0.806117638970255,-8.09745085756542,"GLYAT_HUMAN",17,-0.345154147654706,0.739335645744398,0.807549586365107,-0.00819921500001186,"Non-significant",0.0928308009800605,"GLYAT","GLYAT_HUMAN"
0.0164988024999992,12.92756569375,0.341966279426368,0.742177021812152,0.81002332213578,-8.09998720918396,"ADPPT_HUMAN",15,0.344912724043163,0.739510006421968,0.807635377575896,0.0164988024999992,"Non-significant",0.0927846655215112,"AASDHPPT","ADPPT_HUMAN"
0.0104887500000022,12.9216455225,0.333747352204803,0.748115100857654,0.8150267784838,-8.10309907289409,"NAGK_HUMAN",20,0.344688939254333,0.739671642457159,0.807707251492602,0.0104887500000022,"Non-significant",0.0927460180607472,"NAGK","NAGK_HUMAN"
0.0197720549999971,16.55427289,0.393289974343274,0.705533367016855,0.779722138532198,-8.07890523546452,"ATP5I_HUMAN",7,0.34408022187263,0.740111379173962,0.80808274806442,0.0197720549999971,"Non-significant",0.0925441649831879,"ATP5ME","ATP5I_HUMAN"
-0.0114054699999997,12.75466299,-0.335277595665988,0.747008119747895,0.814136467721102,-8.10252524627815,"DCPS_HUMAN",19,-0.343931081163586,0.74021913390523,0.808095723311383,-0.0114054699999997,"Non-significant",0.0925371916466943,"DCPS","DCPS_HUMAN"
-0.220459103249999,7.919945299625,-0.334816699893888,0.747341465730625,0.814345181304686,-8.10269834551809,"CLD3_HUMAN",4,-0.343614424584375,0.74044793990906,0.808240829512233,-0.220459103249999,"Non-significant",0.0924592142942941,"CLDN3","CLD3_HUMAN"
-0.00756335250000184,11.51158750125,-0.298721298547533,0.773621523506983,0.836436098209385,-8.11553563458896,"WNK1_HUMAN",46,-0.343137217121599,0.740792807290929,0.8085125692937,-0.00756335250000184,"Non-significant",0.0923132240785902,"WNK1","WNK1_HUMAN"
0.0910303600000031,11.70212567,0.347012841849806,0.738540172436769,0.807099068257426,-8.09804016761499,"ATP8_HUMAN",2,0.3428071331774,0.741031388552655,0.808668251438417,0.0910303600000031,"Non-significant",0.0922296070881786,"MT-ATP8","ATP8_HUMAN"
0.0122301549999975,10.0597897775,0.365003360355863,0.725633758284066,0.796090973392736,-8.09087507104407,"SDE2_HUMAN",12,0.341171610183302,0.742213971035426,0.809853923865062,0.0122301549999975,"Non-significant",0.0915933092453601,"SDE2","SDE2_HUMAN"
-0.0201706874999967,11.19219350875,-0.328446534458436,0.75195461294553,0.818469193248692,-8.10506714571739,"RIR2B_HUMAN",23,-0.339872620092956,0.743153744106638,0.810774386367441,-0.0201706874999967,"Non-significant",0.0910999798051144,"RRM2B","RIR2B_HUMAN"
0.0317807197499995,8.616517305375,0.343357680394817,0.741173589574899,0.809242511208138,-8.09945314071881,"TLK1_HUMAN",8,0.339278340135508,0.743583838804636,0.811138627835418,0.0317807197499995,"Non-significant",0.0909049162463453,"TLK1","TLK1_HUMAN"
0.0510460137499962,8.200449168875,0.331416309517791,0.749802600310751,0.816443110453341,-8.10396830025281,"TLE3_HUMAN",11,0.338900502712352,0.7438573391162,0.811331976114189,0.0510460137499962,"Non-significant",0.0908014073251376,"TLE3","TLE3_HUMAN"
-0.0115251500000007,12.6789610375,-0.330133831930419,0.750731642257285,0.817243576467345,-8.10444400641457,"EI2BB_HUMAN",19,-0.338712829480043,0.743993202237647,0.811375171647189,-0.0115251500000007,"Non-significant",0.0907782859853995,"EIF2B2","EI2BB_HUMAN"
-0.00694656250000136,17.13688135125,-0.290721583455249,0.77949051258927,0.841809805331833,-8.11818773262121,"MOES_HUMAN",45,-0.33851469072529,0.744136652159567,0.811426628855496,-0.00694656250000136,"Non-significant",0.0907507440124702,"MSN","MOES_HUMAN"
0.0227241524999986,10.47659611625,0.349006106400168,0.737105668341649,0.806053928185231,-8.09726353690083,"AAGAB_HUMAN",9,0.337996768156998,0.744511672118753,0.811730550289609,0.0227241524999986,"Non-significant",0.0905881086189227,"AAGAB","AAGAB_HUMAN"
0.125022053999999,8.16778153175,0.334745662965117,0.74739284880449,0.814345181304686,-8.10272500442618,"ATF1_HUMAN",2,0.337503878772009,0.744868633900479,0.812014707080593,0.125022053999999,"Non-significant",0.090436104815347,"ATF1","ATF1_HUMAN"
-0.0253207682499976,9.181491494125,-0.349797255964754,0.73653660675044,0.805849825843647,-8.09695409128613,"S15A1_HUMAN",8,-0.337340423370546,0.744987026668969,0.812038749229631,-0.0253207682499976,"Non-significant",0.0904232464052735,"SLC15A1","S15A1_HUMAN"
-0.0209920415000013,10.0554846525,-0.336911781709228,0.745826649751646,0.812953941647048,-8.10190963342247,"CF298_HUMAN",12,-0.336593649845179,0.745528016509027,0.812523358049468,-0.0209920415000013,"Non-significant",0.0901641452707137,"CFAP298","CF298_HUMAN"
0.0177071094999999,9.55221569525,0.318624723372335,0.759088565646533,0.824424367972507,-8.10863289926859,"CAMP1_HUMAN",49,0.335121138836072,0.746595200937939,0.813581247408648,0.0177071094999999,"Non-significant",0.0895990702141269,"CAMSAP1","CAMP1_HUMAN"
0.0242948549999991,11.135712625,0.327983353709509,0.752290464421567,0.818700927746059,-8.10523766197672,"ITPK1_HUMAN",15,0.334669000923862,0.746923000358583,0.813833243281088,0.0242948549999991,"Non-significant",0.0894645741550539,"ITPK1","ITPK1_HUMAN"
-0.00755429250000184,13.97241532625,-0.315695144735157,0.761221324505924,0.826509589389678,-8.10967609649282,"SIAT1_HUMAN",22,-0.333855844254913,0.747512677089333,0.814370473721855,-0.00755429250000184,"Non-significant",0.0891779807491235,"ST6GAL1","SIAT1_HUMAN"
0.00599837749999921,15.71488607125,0.288688554140892,0.780984511632613,0.843099186546016,-8.11885052802516,"ODB2_HUMAN",31,0.333575576309823,0.747715960359358,0.814486667080515,0.00599837749999921,"Non-significant",0.0891160205767773,"DBT","ODB2_HUMAN"
0.0274457932500027,8.255996227375,0.341408222610106,0.742579624420832,0.810357800911859,-8.10020082121009,"RWD2A_HUMAN",8,0.333123171760978,0.748044142051488,0.81473886462747,0.0274457932500027,"Non-significant",0.0889815665042928,"RWDD2A","RWD2A_HUMAN"
0.0128834245000036,9.94794332975,0.315448816792221,0.761400754729013,0.826509589389678,-8.10976338463049,"MRTFB_HUMAN",29,0.332787390905378,0.748287758671576,0.814898904114046,0.0128834245000036,"Non-significant",0.0888962662400709,"MRTFB","MRTFB_HUMAN"
-0.125073910000001,8.40888452525,-0.327294508260256,0.752790050858696,0.819061228693423,-8.10549082296822,"DRAM2_HUMAN",3,-0.332606319903964,0.748419142389905,0.814936694381153,-0.125073910000001,"Non-significant",0.0888761266572904,"DRAM2","DRAM2_HUMAN"
-0.0184988974999989,11.69604015125,-0.331720837548522,0.749582061635605,0.816308423453038,-8.10385507963693,"TM1L1_HUMAN",13,-0.332010347124761,0.748851637936358,0.815302306402165,-0.0184988974999989,"Non-significant",0.0886813291020502,"TOM1L1","TM1L1_HUMAN"
0.0105338100000001,10.290770055,0.32415639472914,0.755067570464266,0.821221232444297,-8.10663758774757,"RIOK2_HUMAN",18,0.329819921326057,0.750442042057247,0.816700537789972,0.0105338100000001,"Non-significant",0.0879371584323861,"RIOK2","RIOK2_HUMAN"
-0.0288960949999986,11.1830257175,-0.387694964568312,0.70948994781655,0.783068059466505,-8.08134083679674,"HMGA1_HUMAN",4,-0.329796018848539,0.750459404033308,0.816700537789972,-0.0288960949999986,"Non-significant",0.0879371584323861,"HMGA1","HMGA1_HUMAN"
-0.0150384924999951,14.31603908625,-0.428429979352053,0.68090970527321,0.7593650120722,-8.06284678017858,"SRP14_HUMAN",7,-0.329781098369605,0.750470241857462,0.816700537789972,-0.0150384924999951,"Non-significant",0.0879371584323861,"SRP14","SRP14_HUMAN"
0.0459361075000011,10.61778903125,0.379245435815862,0.715483278557244,0.788340987576341,-8.084955591296,"COX14_HUMAN",2,0.329707814088744,0.750523474400418,0.816700537789972,0.0459361075000011,"Non-significant",0.0879371584323861,"COX14","COX14_HUMAN"
0.0378816124999997,7.63324236875,0.314745423116691,0.761913207035967,0.826852893280052,-8.11001227259537,"ATRX_HUMAN",37,0.325197169340655,0.753802687134522,0.820163011469845,0.0378816124999997,"Non-significant",0.0860998208529329,"ATRX","ATRX_HUMAN"
0.172457933499999,7.9595621825,0.315523351055689,0.761346460820079,0.826509589389678,-8.1097369798523,"PODXL_HUMAN",3,0.322736227233314,0.755594047194454,0.821940845525124,0.172457933499999,"Non-significant",0.0851594371880008,"PODXL","PODXL_HUMAN"
0.0276219844999996,8.358037591,0.31842729580022,0.759232224592215,0.82447415886212,-8.10870349588507,"CDK17_HUMAN",12,0.322684521801696,0.755631701503641,0.821940845525124,0.0276219844999996,"Non-significant",0.0851594371880008,"CDK17","CDK17_HUMAN"
0.0285017495000019,8.512139678,0.323846700401627,0.755292475925038,0.82135986060794,-8.10675017814756,"F234B_HUMAN",9,0.32211013358543,0.75605004496472,0.822289784388081,0.0285017495000019,"Non-significant",0.0849751051092503,"FAM234B","F234B_HUMAN"
0.0716439485000002,7.162610471,0.312271615498774,0.76371649271974,0.828170116703292,-8.11088330813874,"TRPM7_HUMAN",25,0.321599457022509,0.756422057967858,0.822588250111092,0.0716439485000002,"Non-significant",0.0848174982651622,"TRPM7","TRPM7_HUMAN"
0.0158119200000009,11.247238875,0.322713330162831,0.756115765135268,0.821831498882642,-8.10716132745533,"NUDT8_HUMAN",13,0.320425003180713,0.757277872067981,0.823412691390739,0.0158119200000009,"Non-significant",0.0843824434370408,"NUDT8","NUDT8_HUMAN"
0.135411381750001,6.868846595375,0.313786657467914,0.762611914048892,0.827291611778393,-8.11035065064141,"FXDC2_HUMAN",3,0.319752736223719,0.757767908967733,0.823839249927644,0.135411381750001,"Non-significant",0.0841575209242418,"FAXDC2","FXDC2_HUMAN"
0.02154672125,6.956929862375,0.346862137964423,0.738648675658756,0.80711300066472,-8.09809871111507,"GIMA1_HUMAN",7,0.319127555209827,0.758223728981355,0.824228502912541,0.02154672125,"Non-significant",0.0839523710737491,"GIMAP1","GIMA1_HUMAN"
-0.186677694249999,7.145946741125,-0.311009705460808,0.764636967965838,0.82884838001338,-8.11132505450766,"TR10D_HUMAN",4,-0.3189901368883,0.758323934418369,0.824231133876523,-0.186677694249999,"Non-significant",0.0839509847939592,"TNFRSF10D","TR10D_HUMAN"
-0.0341618064999984,8.660801053,-0.310610515117722,0.764928234089775,0.829050098775211,-8.11146443325924,"PJA2_HUMAN",16,-0.318824460034624,0.758444752497834,0.824256165395081,-0.0341618064999984,"Non-significant",0.0839377956715572,"PJA2","PJA2_HUMAN"
-0.00690913500000079,15.002752425,-0.28308077710858,0.785110564457045,0.845820162040955,-8.12065517671784,"MAOX_HUMAN",33,-0.31837049744824,0.758775836380944,0.824509671890547,-0.00690913500000079,"Non-significant",0.08380424550878,"ME1","MAOX_HUMAN"
0.0576623677500008,7.137116968625,0.308414863050733,0.766530999205979,0.830474266363393,-8.11222793747295,"ANR50_HUMAN",29,0.31782305551688,0.759175167669094,0.824837263248619,0.0576623677500008,"Non-significant",0.083631727383006,"ANKRD50","ANR50_HUMAN"
0.0156931874999966,11.23503685125,0.311391484772215,0.764358443695456,0.828759624634551,-8.11119159187295,"KCD21_HUMAN",16,0.316319000302143,0.760272699236493,0.825923260969764,0.0156931874999966,"Non-significant",0.0830603024200559,"KCTD21","KCD21_HUMAN"
0.0202229025000005,9.2016459705,0.304841253734262,0.769142242257131,0.832768138726443,-8.11345932455885,"ASPP1_HUMAN",24,0.3155150510643,0.760859592401964,0.826454317571669,0.0202229025000005,"Non-significant",0.0827811471437783,"PPP1R13B","ASPP1_HUMAN"
0.167007803750001,7.418588578625,0.310355213018653,0.765114534569633,0.829050098775211,-8.11155348154942,"COPT2_HUMAN",1,0.314176116072784,0.761837400914465,0.827409799292363,0.167007803750001,"Non-significant",0.0822793399145236,"SLC31A2","COPT2_HUMAN"
-0.00611829749999515,12.77986049625,-0.285448197007524,0.783367771492969,0.844482279820212,-8.11989753357014,"ENOF1_HUMAN",25,-0.313521681455326,0.762315494155656,0.827822378283693,-0.00611829749999515,"Non-significant",0.0820628376190488,"ENOSF1","ENOF1_HUMAN"
0.0408198849999977,12.7094181775,0.370314223099538,0.721841627708145,0.792756298965601,-8.08869318983596,"TM14C_HUMAN",2,0.312778815443727,0.762858323216942,0.828305140589412,0.0408198849999977,"Non-significant",0.0818096433341959,"TMEM14C","TM14C_HUMAN"
0.00916600224999975,9.574077487125,0.28758406609264,0.781796574132647,0.843543692186902,-8.11920870123814,"ARHG2_HUMAN",35,0.312298338221661,0.763209493903303,0.828579704290435,0.00916600224999975,"Non-significant",0.0816657087671733,"ARHGEF2","ARHG2_HUMAN"
0.0313563344999999,8.09898901,0.347594562351116,0.738121407139211,0.806746024478269,-8.09781395770368,"CA174_HUMAN",4,0.311784152572268,0.763585366585061,0.828881011583448,0.0313563344999999,"Non-significant",0.0815078092828585,"C1orf174","CA174_HUMAN"
-0.102669835250001,8.102355897375,-0.30258790618785,0.770790415537079,0.833909948987555,-8.1142285894841,"ABCA2_HUMAN",25,-0.311536566089089,0.763766377757284,0.828970744027317,-0.102669835250001,"Non-significant",0.0814607962672182,"ABCA2","ABCA2_HUMAN"
-0.0193872450000008,9.033888817,-0.307133835648282,0.76746667813902,0.831274303525289,-8.1126709586786,"SPTC3_HUMAN",14,-0.311002008117629,0.764157247777738,0.829288198985265,-0.0193872450000008,"Non-significant",0.0812945147117896,"SPTLC3","SPTC3_HUMAN"
0.00996708849999806,9.46407926075,0.299258415165429,0.773228028606483,0.836117902902379,-8.11535505127749,"RPC3_HUMAN",21,0.310736140951675,0.764351677507748,0.829385509258973,0.00996708849999806,"Non-significant",0.081243556750929,"POLR3C","RPC3_HUMAN"
0.0329842575000008,10.57368206875,0.327885020245092,0.752361773202156,0.818700927746059,-8.10527383259893,"GBRL2_HUMAN",5,0.310610304056997,0.764443708794989,0.829385509258973,0.0329842575000008,"Non-significant",0.081243556750929,"GABARAPL2","GBRL2_HUMAN"
0.0228710175,8.78147864325,0.304143173259789,0.769652705799815,0.832999827579178,-8.11369823523965,"RIOK1_HUMAN",14,0.309450655895889,0.765292010867201,0.83019901667949,0.0228710175,"Non-significant",0.0808177853527348,"RIOK1","RIOK1_HUMAN"
-0.0144906035000005,10.11320328575,-0.299639938997455,0.772948565152581,0.836030213739395,-8.1152265874328,"AGRG6_HUMAN",20,-0.308863089197252,0.765721955702008,0.830558533600853,-0.0144906035000005,"Non-significant",0.0806297552365851,"ADGRG6","AGRG6_HUMAN"
0.00888109250000291,11.08424091375,0.325070612568309,0.754403797375826,0.820711100681574,-8.10630461124589,"HDAC2_HUMAN",14,0.308308519525783,0.766127835360846,0.830891858499302,0.00888109250000291,"Non-significant",0.0804554964483506,"HDAC2","HDAC2_HUMAN"
-0.0370628832499982,9.681562065875,-0.497279726626984,0.633870752783084,0.720261064331169,-8.02762390068752,"LRIQ3_HUMAN",1,-0.307725088520887,0.766554921838323,0.831248094194677,-0.0370628832499982,"Non-significant",0.0802693373961284,"LRRIQ3","LRIQ3_HUMAN"
0.0270123482499987,9.856212615875,0.338664644846486,0.744560190455489,0.812207597130864,-8.10124609060323,"RT33_HUMAN",5,0.307239042411965,0.766910785519546,0.831447455269536,0.0270123482499987,"Non-significant",0.0801651915527593,"MRPS33","RT33_HUMAN"
0.0231299402499996,9.746736526625,0.304564690162195,0.769344461677508,0.832880101140472,-8.11355403936515,"SAHH3_HUMAN",12,0.307200517307343,0.766938994614814,0.831447455269536,0.0231299402499996,"Non-significant",0.0801651915527593,"AHCYL2","SAHH3_HUMAN"
-0.0077061675000003,10.24085974625,-0.270414211361804,0.794457271730348,0.853192675649823,-8.12460392858916,"C170B_HUMAN",65,-0.307069828461579,0.767034691206064,0.831447455269536,-0.0077061675000003,"Non-significant",0.0801651915527593,"CEP170B","C170B_HUMAN"
-0.00653958500000229,14.660009265,-0.300455097798637,0.772351587723884,0.8354917265047,-8.11495157843238,"DNJA2_HUMAN",19,-0.306705573708931,0.767301438517849,0.831629654785515,-0.00653958500000229,"Non-significant",0.0800700327122782,"DNAJA2","DNJA2_HUMAN"
0.00905537575000182,9.009141087375,0.28380662705912,0.784576084460211,0.84549928208608,-8.12042353943714,"ERN1_HUMAN",32,0.306475539654085,0.767469911865465,0.831705308191567,0.00905537575000182,"Non-significant",0.0800305267107336,"ERN1","ERN1_HUMAN"
0.00823545000000436,11.0336008075,0.270103675053544,0.794686878221232,0.853192675649823,-8.12469851417024,"VP13C_HUMAN",160,0.306242388003904,0.767640682038868,0.831783430891582,0.00823545000000436,"Non-significant",0.0799897350218502,"VPS13C","VP13C_HUMAN"
-0.00769185999999777,11.01368284,-0.273483931729806,0.792188734114576,0.852029965529126,-8.12366320123938,"VPS18_HUMAN",40,-0.30465601520363,0.768802970272084,0.832935763036427,-0.00769185999999777,"Non-significant",0.0793884905914598,"VPS18","VPS18_HUMAN"
-0.0134174849999997,10.826470495,-0.314439763484546,0.762135932882961,0.826881680817412,-8.1101202583772,"RIMC1_HUMAN",12,-0.304319437730405,0.769049651460252,0.833095940387928,-0.0134174849999997,"Non-significant",0.0793049818083386,"RIMOC1","RIMC1_HUMAN"
-0.050786969999999,10.56200862,-0.294617464598732,0.776630354627804,0.839366234024587,-8.11690493128402,"ANXA1_HUMAN",24,-0.303503274455346,0.769647943401584,0.833636920448722,-0.050786969999999,"Non-significant",0.0790230594091426,"ANXA1","ANXA1_HUMAN"
0.00975632249999947,15.22268116625,0.277988208512099,0.788863944401045,0.849212539892262,-8.12226402799932,"USO1_HUMAN",51,0.302944418030318,0.770057711077006,0.83391546100581,0.00975632249999947,"Non-significant",0.0788779741579683,"USO1","USO1_HUMAN"
0.00647473500000295,13.5430544625,0.263916959222055,0.799265753180832,0.85698612903163,-8.126560707758,"PALM3_HUMAN",41,0.302882696395148,0.770102971701178,0.83391546100581,0.00647473500000295,"Non-significant",0.0788779741579683,"PALM3","PALM3_HUMAN"
0.0500915049999975,8.647319436,0.307406328096286,0.767267611415859,0.831165492433399,-8.11257687224843,"T22D3_HUMAN",4,0.302091858412359,0.770682978763608,0.834436329864926,0.0500915049999975,"Non-significant",0.0786067957651417,"TSC22D3","T22D3_HUMAN"
0.0109245775000026,11.41603624625,0.31271903928642,0.763390226132334,0.827979651972095,-8.11072626419008,"SARAF_HUMAN",13,0.300564092396411,0.771803893408032,0.835542642889328,0.0109245775000026,"Non-significant",0.0780313804816186,"SARAF","SARAF_HUMAN"
-0.0169830319999971,8.894081831,-0.288279714859612,0.781285072209453,0.84309971497292,-8.11898326644508,"TTC7A_HUMAN",28,-0.299988607206876,0.772226273570546,0.835820539001734,-0.0169830319999971,"Non-significant",0.0778869609436268,"TTC7A","TTC7A_HUMAN"
0.0342197422499986,8.757827520375,0.323175846179838,0.755779748888442,0.82167773808599,-8.10699371100054,"LAT1_HUMAN",4,0.299944144433996,0.772258910635367,0.835820539001734,0.0342197422499986,"Non-significant",0.0778869609436268,"SLC7A5","LAT1_HUMAN"
-0.0306469202499997,7.605626642625,-0.296777416341975,0.775046216569049,0.837868995698411,-8.116186539575,"HAUS4_HUMAN",10,-0.299729505041273,0.772416469503008,0.835883736222989,-0.0306469202499997,"Non-significant",0.0778541247477969,"HAUS4","HAUS4_HUMAN"
0.0253696449999978,17.2086653725,0.295431230175583,0.776033394175891,0.838828607272196,-8.11663487721041,"ACBP_HUMAN",11,0.297823339419075,0.773816211997306,0.837269416342351,0.0253696449999978,"Non-significant",0.07713477234878,"DBI","ACBP_HUMAN"
-0.0101335049999989,11.805393815,-0.389219725536324,0.708410738916756,0.782389166447764,-8.08068039845409,"COPZ2_HUMAN",9,-0.297715263713796,0.773895601224731,0.837269416342351,-0.0101335049999989,"Non-significant",0.07713477234878,"COPZ2","COPZ2_HUMAN"
0.0118262769999991,9.32829630375,0.282619566835025,0.785450241209431,0.846077965898312,-8.12080205932074,"KPCD_HUMAN",26,0.296276238983841,0.774952938318348,0.838200288239043,0.0118262769999991,"Non-significant",0.0766521941576215,"PRKCD","KPCD_HUMAN"
0.00694179499999947,16.113675595,0.276587481022837,0.789897379030497,0.849999362676888,-8.12270153614535,"ROA3_HUMAN",24,0.296273570739231,0.774954899305595,0.838200288239043,0.00694179499999947,"Non-significant",0.0766521941576215,"HNRNPA3","ROA3_HUMAN"
0.0164365757500029,9.998364210125,0.37286704744186,0.720021785289059,0.791479346400818,-8.08763360862921,"GEMI2_HUMAN",6,0.296108861384286,0.775075953387669,0.838223660649815,0.0164365757500029,"Non-significant",0.0766400844415386,"GEMIN2","GEMI2_HUMAN"
-0.0480349075000017,10.56574308875,-0.286506826825274,0.782588882211948,0.844162859204333,-8.11955674553021,"MAON_HUMAN",17,-0.29467536118223,0.776129791093757,0.839255677887014,-0.0480349075000017,"Non-significant",0.0761057119010307,"ME3","MAON_HUMAN"
0.230908989750001,8.485010087375,0.285882825125284,0.783047960732666,0.844245492583223,-8.11975776978065,"RN139_HUMAN",5,0.293854551359649,0.77673343387493,0.839800681648511,0.230908989750001,"Non-significant",0.0758237771902599,"RNF139","RN139_HUMAN"
0.00709724000000023,14.7647931575,0.274137708961949,0.791705866238676,0.851619288734789,-8.12346150538501,"ASAH1_HUMAN",24,0.292918846374937,0.777421771960205,0.840437106047527,0.00709724000000023,"Non-significant",0.0754947813542141,"ASAH1","ASAH1_HUMAN"
-0.00959324749999801,10.74979817875,-0.278863818533697,0.788218163378489,0.84862573752935,-8.12198943826717,"WDR37_HUMAN",23,-0.291983959430788,0.778109719125706,0.841072944666655,-0.00959324749999801,"Non-significant",0.0751663370291713,"WDR37","WDR37_HUMAN"
-0.0413939952499991,8.472984433125,-0.289923858932975,0.780076613062377,0.842280993970021,-8.11844834336598,"MD2L1_HUMAN",7,-0.291561328205941,0.778420786125937,0.841301295839919,-0.0413939952499991,"Non-significant",0.0750484421485844,"MAD2L1","MD2L1_HUMAN"
0.00682139499999934,12.897681355,0.256782757776178,0.804556347406349,0.860828313314053,-8.12865554327687,"GUAA_HUMAN",45,0.291318783960142,0.778599324046887,0.841386372101437,0.00682139499999934,"Non-significant",0.0750045265109365,"GMPS","GUAA_HUMAN"
0.0073003749999998,11.069970845,0.272326665903084,0.793043708018768,0.852663548717513,-8.124019071212,"FMR1_HUMAN",24,0.290226716256982,0.779403374781856,0.842147294710456,0.0073003749999998,"Non-significant",0.0746119421281354,"FMR1","FMR1_HUMAN"
-0.00559568249999387,17.75282692875,-0.259775442261622,0.802335677322286,0.858949696230861,-8.12778365165896,"CATD_HUMAN",27,-0.289884537863268,0.779655367341108,0.842311598477082,-0.00559568249999387,"Non-significant",0.0745272191114838,"CTSD","CATD_HUMAN"
0.00674247499999936,13.482334375,0.265392846485527,0.798172654721562,0.856280680494851,-8.12612030967624,"TES_HUMAN",27,0.289114449501455,0.780222590583133,0.842816380369759,0.00674247499999936,"Non-significant",0.0742670323483855,"TES","TES_HUMAN"
0.0446901324999995,7.656679511,0.286134498071146,0.782862793644168,0.844162859204333,-8.11967674404077,"ALKB6_HUMAN",7,0.288831895949277,0.780430746248778,0.84287168233136,0.0446901324999995,"Non-significant",0.0742385367597866,"ALKBH6","ALKB6_HUMAN"
0.00695252500000088,12.139216305,0.255501241908106,0.805507864846656,0.861518308944609,-8.12902586842356,"GGYF2_HUMAN",46,0.288773486299859,0.780473778692166,0.84287168233136,0.00695252500000088,"Non-significant",0.0742385367597866,"GIGYF2","GGYF2_HUMAN"
-0.00735926750000182,14.90323054875,-0.268264900790479,0.796046888292733,0.854360190627147,-8.12525639999287,"DNJB1_HUMAN",26,-0.288446853788862,0.780714435323411,0.843023568452604,-0.00735926750000182,"Non-significant",0.0741602836127044,"DNAJB1","DNJB1_HUMAN"
0.0349302292499978,8.986020564875,0.306387332778491,0.768012124527712,0.831758216323279,-8.11292829553147,"TM147_HUMAN",4,0.288087002793037,0.780979596086127,0.84312650388246,0.0349302292499978,"Non-significant",0.0741072583334395,"TMEM147","TM147_HUMAN"
-0.0113747149999988,11.507508635,-0.288394462077175,0.781200711094497,0.84309971497292,-8.11894602985972,"SO1B3_HUMAN",15,-0.288045993325226,0.781009816385603,0.84312650388246,-0.0113747149999988,"Non-significant",0.0741072583334395,"SLCO1B3","SO1B3_HUMAN"
-0.0164682867500012,9.574416041375,-0.283621477568895,0.784712407611746,0.84549928208608,-8.12048268048044,"KAT8_HUMAN",15,-0.287845324005804,0.781157697435784,0.843178157470383,-0.0164682867500012,"Non-significant",0.0740806523840793,"KAT8","KAT8_HUMAN"
-0.00997805499999949,13.273376345,-0.320960871538226,0.757389430616442,0.823003159812556,-8.10779430507093,"PCNP_HUMAN",11,-0.287041622727114,0.781750072041837,0.84370952077345,-0.00997805499999949,"Non-significant",0.0738070501033627,"PCNP","PCNP_HUMAN"
0.00964665000000231,12.0393539675,0.323250511966251,0.755725509744985,0.82167773808599,-8.10696663015594,"NUP62_HUMAN",11,0.286116866396834,0.782431860545337,0.844194356712677,0.00964665000000231,"Non-significant",0.0735575553523472,"NUP62","NUP62_HUMAN"
0.00601005249999886,12.85008382875,0.245668860453629,0.812819932990749,0.867028501035058,-8.13180660592766,"OGA_HUMAN",49,0.285945641008078,0.782558120845362,0.844194356712677,0.00601005249999886,"Non-significant",0.0735575553523472,"OGA","OGA_HUMAN"
-0.00904941499999978,12.0128533825,-0.262415751269696,0.800378098104194,0.857664249799168,-8.12700619027007,"NRDC_HUMAN",47,-0.285904094084229,0.782588758274724,0.844194356712677,-0.00904941499999978,"Non-significant",0.0735575553523472,"NRDC","NRDC_HUMAN"
0.00676226499999899,12.37929523,0.283729579723271,0.784632812427096,0.84549928208608,-8.12044815472848,"AIP_HUMAN",18,0.285888961577924,0.782599917351152,0.844194356712677,0.00676226499999899,"Non-significant",0.0735575553523472,"AIP","AIP_HUMAN"
-0.00948310249999906,13.04803001875,-0.344761438437953,0.740161790251305,0.808556730174734,-8.09891220284937,"GLYG_HUMAN",10,-0.28540683570721,0.782955476916576,0.844469829165683,-0.00948310249999906,"Non-significant",0.0734158620916994,"GYG1","GLYG_HUMAN"
-0.0262439250000011,11.042776465,-0.364399705658587,0.726065310419806,0.796357124466955,-8.09112115112974,"T179B_HUMAN",3,-0.285153002308508,0.783142696715206,0.844563688665874,-0.0262439250000011,"Non-significant",0.0733675946504454,"TMEM179B","T179B_HUMAN"
0.0111305717499999,9.633982300875,0.284855892513715,0.783803676623682,0.844844141977112,-8.1200876668384,"MTG1_HUMAN",15,0.284354866587751,0.783731476162432,0.845090522268535,0.0111305717499999,"Non-significant",0.0730967689010691,"MTG1","MTG1_HUMAN"
-0.0088529549999965,14.1140105725,-0.3036842206621,0.769988376204686,0.833149168553183,-8.1138550161021,"ASGR2_HUMAN",13,-0.284054333697688,0.783953216089769,0.845194389535882,-0.0088529549999965,"Non-significant",0.0730433944896896,"ASGR2","ASGR2_HUMAN"
-0.0441957712499992,8.350800216125,-0.286244479303679,0.782781880228046,0.844162859204333,-8.11964131386146,"ANS4B_HUMAN",5,-0.283952513138523,0.784028346397088,0.845194389535882,-0.0441957712499992,"Non-significant",0.0730433944896896,"ANKS4B","ANS4B_HUMAN"
0.00786447999999851,18.4681508525,0.254994257752335,0.805884394602731,0.861702342015276,-8.12917187156782,"ATPA_HUMAN",51,0.282977007056897,0.784748265959281,0.845862293321071,0.00786447999999851,"Non-significant",0.0727003345007799,"ATP5F1A","ATPA_HUMAN"
0.0306210525000008,10.47320818875,0.286123116237977,0.782871167445756,0.844162859204333,-8.11968040991001,"MED18_HUMAN",7,0.282769239622332,0.784901626262926,0.845919423062295,0.0306210525000008,"Non-significant",0.0726710031383057,"MED18","MED18_HUMAN"
-0.0229640007499974,8.788781642875,-0.275545446030729,0.790666468972659,0.850718364433309,-8.12302560563653,"CG025_HUMAN",16,-0.282248083591482,0.785286353870793,0.846225859981707,-0.0229640007499974,"Non-significant",0.0725137071118468,"C7orf25","CG025_HUMAN"
0.0120305999999992,12.62926531,0.271189460964764,0.793884157256889,0.852874020076258,-8.12436733225713,"NIF3L_HUMAN",22,0.281303623491784,0.785983734279968,0.84686909066162,0.0120305999999992,"Non-significant",0.0721837178832912,"NIF3L1","NIF3L_HUMAN"
-0.0416268110000004,7.32644599675,-0.27213890562298,0.793182451713611,0.852663548717513,-8.12407666987537,"N4BP2_HUMAN",26,-0.280496240845192,0.786580062551903,0.847377176324271,-0.0416268110000004,"Non-significant",0.0719232376797481,"N4BP2","N4BP2_HUMAN"
0.1473678355,6.3531021475,0.27513163279586,0.790971959318467,0.850938435876881,-8.12315396798448,"DBND1_HUMAN",2,0.280334091787371,0.78669984318543,0.847377176324271,0.1473678355,"Non-significant",0.0719232376797481,"DBNDD1","DBND1_HUMAN"
-0.3067389735,8.0421540135,-0.272549851165206,0.792878797773565,0.852663356268611,-8.12395055471517,"RASM_HUMAN",4,-0.280256876506892,0.786756884792234,0.847377176324271,-0.3067389735,"Non-significant",0.0719232376797481,"MRAS","RASM_HUMAN"
-0.00672626625000206,10.013932704375,-0.249481029544118,0.809982516917779,0.864877455675191,-8.13074119716899,"RPRD2_HUMAN",40,-0.28004131213755,0.786916136987574,0.847440413781559,-0.00672626625000206,"Non-significant",0.0718908286713416,"RPRD2","RPRD2_HUMAN"
-0.0396472217499992,7.805935800125,-0.289855734524624,0.780126672194086,0.842280993970021,-8.11847056669291,"MTG16_HUMAN",4,-0.279702684576996,0.787166326149354,0.847601553795721,-0.0396472217499992,"Non-significant",0.0718082558259324,"CBFA2T3","MTG16_HUMAN"
0.0188953874999989,8.53117120275,0.271765720063046,0.793458237410115,0.852701516527741,-8.12419103536489,"FBW1B_HUMAN",19,0.27950539677517,0.787312101094674,0.847650236317155,0.0188953874999989,"Non-significant",0.0717833125690629,"FBXW11","FBW1B_HUMAN"
-0.0725702047500008,7.467680871375,-0.271403010729171,0.793726311362153,0.852813139384523,-8.12430204301189,"CAN15_HUMAN",15,-0.279173077107249,0.787557670747462,0.847806335470033,-0.0725702047500008,"Non-significant",0.071703342368653,"CAPN15","CAN15_HUMAN"
-0.0224721432500026,8.737031579125,-0.271845455334994,0.793399310057827,0.852701516527741,-8.12416661281232,"PHLD_HUMAN",15,-0.277860675375997,0.788527727180369,0.84874220564466,-0.0224721432500026,"Non-significant",0.0712242010013473,"GPLD1","PHLD_HUMAN"
0.0380835524999981,14.92350411375,0.299410942011733,0.773116299481563,0.836104348002322,-8.11530371273328,"AL3B1_HUMAN",3,0.277423008081091,0.788851315401589,0.848982091103166,0.0380835524999981,"Non-significant",0.071101470906937,"ALDH3B1","AL3B1_HUMAN"
-0.0106911674999992,10.02242303,-0.281440888799663,0.786318552319843,0.846796866935475,-8.12117637112892,"B3GLT_HUMAN",14,-0.277223262587602,0.788999011365403,0.849032639703687,-0.0106911674999992,"Non-significant",0.0710756136774531,"B3GLCT","B3GLT_HUMAN"
0.0101242099999972,13.02931881,0.272268710132747,0.793086533037349,0.852663548717513,-8.12403685428336,"AAKB2_HUMAN",17,0.275853927131056,0.790011772817162,0.849858076449137,0.0101242099999972,"Non-significant",0.0706535940048404,"PRKAB2","AAKB2_HUMAN"
-0.00506949499999898,11.373739125,-0.235188983118645,0.820635509065881,0.872494539091361,-8.13465230171991,"ZCHC8_HUMAN",36,-0.275559977870097,0.790229233849248,0.849858076449137,-0.00506949499999898,"Non-significant",0.0706535940048404,"ZCCHC8","ZCHC8_HUMAN"
0.0180182450000022,10.2624578475,0.292091526856741,0.778484351419226,0.840830932613102,-8.11773855044586,"KBRS2_HUMAN",8,0.275417424464387,0.790334700690297,0.849858076449137,0.0180182450000022,"Non-significant",0.0706535940048404,"NKIRAS2","KBRS2_HUMAN"
0.0395500657499994,7.264512181375,0.268354433176373,0.795980650007468,0.854360190627147,-8.12522932228299,"DOCK2_HUMAN",14,0.275383350490668,0.790359910697025,0.849858076449137,0.0395500657499994,"Non-significant",0.0706535940048404,"DOCK2","DOCK2_HUMAN"
-0.00583982249999693,13.62045812625,-0.237567789671498,0.818859521301934,0.871077544721099,-8.13401707302753,"PPCE_HUMAN",47,-0.275370940671308,0.790369092305125,0.849858076449137,-0.00583982249999693,"Non-significant",0.0706535940048404,"PREP","PPCE_HUMAN"
-0.00890326749999915,10.40077698375,-0.255290967823319,0.805664025672277,0.86157600512454,-8.12908645848243,"XPO4_HUMAN",37,-0.275368313774212,0.790371035862473,0.849858076449137,-0.00890326749999915,"Non-significant",0.0706535940048404,"XPO4","XPO4_HUMAN"
-0.00983285750000107,10.85384631125,-0.304264889798232,0.769563693158479,0.832999827579178,-8.11365661745657,"THG1_HUMAN",11,-0.274632385945509,0.790915587367137,0.85023795501439,-0.00983285750000107,"Non-significant",0.0704595118302161,"THG1L","THG1_HUMAN"
0.0162885187500006,8.722361445375,0.270319217640811,0.794527506539492,0.853192675649823,-8.12463287382591,"CHPF2_HUMAN",15,0.274618227162941,0.790926065401332,0.85023795501439,0.0162885187500006,"Non-significant",0.0704595118302161,"CHPF2","CHPF2_HUMAN"
0.00694441750000152,11.67001140125,0.310350286045413,0.765118130071463,0.829050098775211,-8.11155519935573,"STX17_HUMAN",13,0.274114203761582,0.791299091486863,0.850530482293136,0.00694441750000152,"Non-significant",0.0703101170255717,"STX17","STX17_HUMAN"
0.160172701,6.70745348925,0.266611627594625,0.797270342904137,0.855530454530741,-8.12575481554991,"ZCCHL_HUMAN",6,0.273928677348978,0.791436413529922,0.850569619997924,0.160172701,"Non-significant",0.0702901331466645,"ZC3HAV1L","ZCCHL_HUMAN"
0.00851154499999751,12.8514328,0.318817221118261,0.758948503683704,0.824378471333756,-8.10856402451657,"CHM4A_HUMAN",11,0.273444120585694,0.791795107284755,0.850797946613453,0.00851154499999751,"Non-significant",0.0701735669304778,"CHMP4A","CHM4A_HUMAN"
0.00763582999999812,12.5052574875,0.314937601338431,0.761773184329659,0.826807387421413,-8.10994432614176,"ENOPH_HUMAN",12,0.273368972609244,0.791850740441635,0.850797946613453,0.00763582999999812,"Non-significant",0.0701735669304778,"ENOPH1","ENOPH_HUMAN"
-0.181851387249999,6.713185310375,-0.264366626273112,0.798932661577925,0.856865190191414,-8.12642678425873,"WNK3_HUMAN",16,-0.272099280287924,0.792790905784824,0.851699534139725,-0.181851387249999,"Non-significant",0.0697135903036198,"WNK3","WNK3_HUMAN"
0.0193026062499975,8.955198884125,0.262218782359645,0.800524082247338,0.857711642209586,-8.12706445568033,"ERBB3_HUMAN",28,0.271793347294161,0.793017493577991,0.851834389367769,0.0193026062499975,"Non-significant",0.069644831025381,"ERBB3","ERBB3_HUMAN"
-0.00454807499999887,17.0533685675,-0.25358173189821,0.806933746615091,0.862386782074122,-8.1295771537422,"MDHC_HUMAN",21,-0.269179021395829,0.794954640428195,0.853697653965419,-0.00454807499999887,"Non-significant",0.0686959120552776,"MDH1","MDHC_HUMAN"
0.0183997149999975,15.8085343825,0.305431059192979,0.768711048819091,0.832408200217898,-8.11325705391243,"S10AA_HUMAN",6,0.269178985896409,0.794954666742742,0.853697653965419,0.0183997149999975,"Non-significant",0.0686959120552776,"S100A10","S10AA_HUMAN"
-0.00484990749999881,17.00383639375,-0.218115184947983,0.833414941353361,0.882076160304806,-8.13902671364616,"PYGL_HUMAN",75,-0.269033383109683,0.795062599647893,0.853704796488164,-0.00484990749999881,"Non-significant",0.0686922785144983,"PYGL","PYGL_HUMAN"
0.0112750574999971,10.47541916375,0.2569296327999,0.804447316174542,0.86082092522981,-8.1286129839804,"AAK1_HUMAN",26,0.268890759188289,0.795168328964904,0.853709571372459,0.0112750574999971,"Non-significant",0.0686898494545817,"AAK1","AAK1_HUMAN"
-0.0410627127500014,7.755026519375,-0.25976782167732,0.802341329580761,0.858949696230861,-8.12778588443939,"UBP48_HUMAN",31,-0.267863314970393,0.795930123416453,0.854418620768885,-0.0410627127500014,"Non-significant",0.0683292954172816,"USP48","UBP48_HUMAN"
0.0102405575000031,10.91024947125,0.249227611611313,0.810171043057801,0.864969185805472,-8.13081252167162,"UBE4B_HUMAN",49,0.267059593348474,0.796526203532963,0.854949620473621,0.0102405575000031,"Non-significant",0.0680594761431042,"UBE4B","UBE4B_HUMAN"
0.0185725674999997,12.00132620375,0.287387274028131,0.781941293829653,0.843591855329598,-8.11927237790573,"RIFK_HUMAN",7,0.266453741765036,0.796975628185089,0.855323092688071,0.0185725674999997,"Non-significant",0.0678698023873224,"RFK","RIFK_HUMAN"
0.0260877609999994,8.198192835,0.262485868470284,0.800326132569702,0.857664249799168,-8.12698543852952,"PHF10_HUMAN",11,0.265990739354204,0.797319141235588,0.855582818774637,0.0260877609999994,"Non-significant",0.0677379452158526,"PHF10","PHF10_HUMAN"
0.028326749749997,9.708063960125,0.597289329077307,0.568681709177646,0.664644776297612,-7.96782781866412,"F184A_HUMAN",1,0.265466199202996,0.797708367977217,0.855824270394024,0.028326749749997,"Non-significant",0.0676154014829139,"FAM184A","F184A_HUMAN"
0.0123524664999994,9.66852736475,0.261757198328681,0.800866220068365,0.857969162297438,-8.12720082879715,"TRI38_HUMAN",16,0.265413848878229,0.797747217046607,0.855824270394024,0.0123524664999994,"Non-significant",0.0676154014829139,"TRIM38","TRI38_HUMAN"
0.0195386385000003,10.049922109,0.264891582947496,0.79854385559446,0.856569885315055,-8.12627015452613,"HCK_HUMAN",11,0.265120359744137,0.797965025939559,0.85593681015808,0.0195386385000003,"Non-significant",0.0675582960852623,"HCK","HCK_HUMAN"
-0.00499868500000211,12.441551685,-0.228122755554635,0.825917654468869,0.876783363919155,-8.13650210863394,"BAG3_HUMAN",35,-0.264998843529593,0.79805521307775,0.85593681015808,-0.00499868500000211,"Non-significant",0.0675582960852623,"BAG3","BAG3_HUMAN"
-0.00479674250000173,15.29246890625,-0.259224016493973,0.802744707547137,0.859217160624104,-8.12794504977416,"SPRE_HUMAN",19,-0.263784024019148,0.798957008938515,0.8567949908833,-0.00479674250000173,"Non-significant",0.0671230812029294,"SPR","SPRE_HUMAN"
0.00897407250000093,13.06236887125,0.252832359998257,0.807490620363699,0.862763143496719,-8.12979126593306,"HDAC1_HUMAN",22,0.263415640871133,0.799230534567864,0.856900510960821,0.00897407250000093,"Non-significant",0.0670695982038719,"HDAC1","HDAC1_HUMAN"
-0.0264906874999991,14.28177595125,-0.381425927646411,0.713934562327133,0.7870460928401,-8.0840300850033,"CTRO_HUMAN",2,-0.263377672538731,0.799258727864986,0.856900510960821,-0.0264906874999991,"Non-significant",0.0670695982038719,"CIT","CTRO_HUMAN"
0.0102453227500003,9.546047449125,0.253778386131639,0.806787628569207,0.862386782074122,-8.12952086216154,"TYW1_HUMAN",21,0.262773303500403,0.799707543232107,0.857272654445305,0.0102453227500003,"Non-significant",0.0668810293152804,"TYW1","TYW1_HUMAN"
-0.011221407499999,12.36430716375,-0.251955767584522,0.808142185514667,0.863131079790056,-8.13004093787109,"SH3K1_HUMAN",24,-0.262557714675905,0.799867662740175,0.857318804909807,-0.011221407499999,"Non-significant",0.0668576501109039,"SH3KBP1","SH3K1_HUMAN"
0.006501197500004,11.34231734375,0.239096002101463,0.817719174426546,0.870508595108488,-8.13360566438708,"PUM1_HUMAN",31,0.262433688287619,0.799959782716048,0.857318804909807,0.006501197500004,"Non-significant",0.0668576501109039,"PUM1","PUM1_HUMAN"
0.0231649824999973,11.61349523125,0.254221528462153,0.806458395109874,0.862206724046313,-8.12939385712633,"ERIC5_HUMAN",23,0.262304518380467,0.800055726589221,0.857318804909807,0.0231649824999973,"Non-significant",0.0668576501109039,"ERICH5","ERIC5_HUMAN"
0.00910329500000095,12.93732548,0.281645616598211,0.786167709664697,0.846742604748752,-8.12111146569069,"RPR1B_HUMAN",12,0.261549123546172,0.80061688615187,0.857736480860753,0.00910329500000095,"Non-significant",0.0666461183127038,"RPRD1B","RPR1B_HUMAN"
0.0216579437500002,9.187868833625,0.264245381507983,0.799022469439378,0.856865190191414,-8.12646291637687,"LYOX_HUMAN",9,0.261505865536372,0.800649024962914,0.857736480860753,0.0216579437500002,"Non-significant",0.0666461183127038,"LOX","LYOX_HUMAN"
0.00776290750000186,10.83436608125,0.241179530136938,0.816165212161663,0.869276797234099,-8.133040577334,"ANR28_HUMAN",34,0.261185417690557,0.800887116403286,0.857779657540315,0.00776290750000186,"Non-significant",0.0666242573773681,"ANKRD28","ANR28_HUMAN"
0.141092061750001,6.708165049625,0.253699007178557,0.806846607735149,0.862386782074122,-8.12954358926552,"MAP1B_HUMAN",32,0.261177689673145,0.80089285856475,0.857779657540315,0.141092061750001,"Non-significant",0.0666242573773681,"MAP1B","MAP1B_HUMAN"
-0.0818061860000014,10.2795586595,-0.261043740907161,0.80139514461992,0.858317620584664,-8.12741115311193,"LSM5_HUMAN",2,-0.26097997059935,0.801039774512211,0.857828009066627,-0.0818061860000014,"Non-significant",0.0665997776533805,"LSM5","LSM5_HUMAN"
-0.0106699475000021,12.30269300875,-0.303760106968383,0.769932870570707,0.833149168553183,-8.11382910882273,"SELS_HUMAN",9,-0.260061958434468,0.801722018410351,0.858407954106495,-0.0106699475000021,"Non-significant",0.0663062668010119,"SELENOS","SELS_HUMAN"
0.0197789670000006,8.72822153575,0.252384727277303,0.807823322364827,0.862899858600066,-8.12991886757171,"BCAR3_HUMAN",20,0.259925423459975,0.80182350344291,0.858407954106495,0.0197789670000006,"Non-significant",0.0663062668010119,"BCAR3","BCAR3_HUMAN"
0.00643515249999993,14.20131385375,0.229011702596668,0.825252613084126,0.876518935948349,-8.13627245593487,"AP2A1_HUMAN",58,0.25984020609377,0.801886846676301,0.858407954106495,0.00643515249999993,"Non-significant",0.0663062668010119,"AP2A1","AP2A1_HUMAN"
-0.0172657965000003,9.6200852395,-0.322712760368144,0.756116179123845,0.821831498882642,-8.10716153380592,"SSNA1_HUMAN",5,-0.25949654232274,0.802142312616051,0.858572387687707,-0.0172657965000003,"Non-significant",0.066223082858319,"SSNA1","SSNA1_HUMAN"
0.0060665625000027,13.42078697625,0.242218114074983,0.815390931924459,0.868693517222647,-8.13275709466304,"MAVS_HUMAN",23,0.25761193286467,0.803543709624725,0.859826696342384,0.0060665625000027,"Non-significant",0.0655890748107854,"MAVS","MAVS_HUMAN"
0.00910162750000154,11.34948647125,0.263818643579145,0.79933858659944,0.85698612903163,-8.12658995913449,"SYHM_HUMAN",14,0.257570895182577,0.80357423378738,0.859826696342384,0.00910162750000154,"Non-significant",0.0655890748107854,"HARS2","SYHM_HUMAN"
0.021357297499998,10.75365531375,0.311214900586896,0.764487264756382,0.828792688698591,-8.11125334208441,"TP4A1_HUMAN",4,0.257509089968291,0.803620205692882,0.859826696342384,0.021357297499998,"Non-significant",0.0655890748107854,"PTP4A1","TP4A1_HUMAN"
0.0162041187500002,8.529703259375,0.259698268678099,0.802392918272844,0.858949696230861,-8.12780626003415,"R3HD2_HUMAN",11,0.257150619570778,0.803886859039943,0.86000283473127,0.0162041187500002,"Non-significant",0.0655001172376888,"R3HDM2","R3HD2_HUMAN"
0.0054814825000058,11.53667652625,0.223113101479887,0.829668326745454,0.879214775727613,-8.1377798509302,"PP6R3_HUMAN",43,0.25695626463419,0.804031444278249,0.860048355814894,0.0054814825000058,"Non-significant",0.0654771300666775,"PPP6R3","PP6R3_HUMAN"
0.0363219980000009,8.001563847,0.292313608811364,0.778321284960735,0.84076254144996,-8.11766553914615,"ERD21_HUMAN",2,0.255963658608558,0.80476999361122,0.86065697674531,0.0363219980000009,"Non-significant",0.065169906374542,"KDELR1","ERD21_HUMAN"
-0.0161483287499991,9.705036759375,-0.255977028383382,0.805154555241479,0.861359023496691,-8.12888859068775,"M1IP1_HUMAN",12,-0.25591710418333,0.804804637644624,0.86065697674531,-0.0161483287499991,"Non-significant",0.065169906374542,"MID1IP1","M1IP1_HUMAN"
0.0144696224999983,11.22883391375,0.292775514868131,0.777982162835035,0.840503928548642,-8.1175135101284,"NC2A_HUMAN",7,0.254916175163921,0.805549602849917,0.861344361591012,0.0144696224999983,"Non-significant",0.0648231848538994,"DRAP1","NC2A_HUMAN"
-0.00437522000000001,12.1671108,-0.220474965587122,0.831645384032132,0.880756243498786,-8.13844147632277,"TBC23_HUMAN",29,-0.254267022944509,0.806032863886496,0.861751776978599,-0.00437522000000001,"Non-significant",0.0646178123804682,"TBC1D23","TBC23_HUMAN"
0.0171225074999999,10.23422014625,0.312647182706437,0.763442621322473,0.827979651972095,-8.11075150030874,"TM40L_HUMAN",5,0.253668495609097,0.806478516569065,0.862118886006423,0.0171225074999999,"Non-significant",0.0644328409311891,"TOMM40L","TM40L_HUMAN"
0.0546529292499969,8.425038456875,0.246248250714163,0.812388495342417,0.866862574757374,-8.13164571976933,"FNIP1_HUMAN",19,0.253448716454111,0.806642179240773,0.862145139298981,0.0546529292499969,"Non-significant",0.0644196159726872,"FNIP1","FNIP1_HUMAN"
-0.00734662750000226,12.00317287625,-0.26067590797341,0.801667882516867,0.858500645627578,-8.12751936869934,"RRAGC_HUMAN",15,-0.253360811862321,0.806707641909012,0.862145139298981,-0.00734662750000226,"Non-significant",0.0644196159726872,"RRAGC","RRAGC_HUMAN"
0.0195598599999993,10.4940814975,0.319080701654394,0.758756810076395,0.824276472758594,-8.1084696869211,"BCL7A_HUMAN",4,0.252928612170586,0.807029525389395,0.862335891430784,0.0195598599999993,"Non-significant",0.0643235376776929,"BCL7A","BCL7A_HUMAN"
0.00500178499999748,14.280481935,0.210764466298257,0.838933676057403,0.885963769715997,-8.14080988383821,"DIAP1_HUMAN",71,0.252737281575214,0.807172032685181,0.862335891430784,0.00500178499999748,"Non-significant",0.0643235376776929,"DIAPH1","DIAP1_HUMAN"
-0.0101704599999994,13.0389273175,-0.243317329512563,0.814571689746263,0.868237831673147,-8.13245575727673,"UCHL5_HUMAN",22,-0.252640392203382,0.807244201000678,0.862335891430784,-0.0101704599999994,"Non-significant",0.0643235376776929,"UCHL5","UCHL5_HUMAN"
0.0264358519999988,7.41032683875,0.247136104257828,0.811727498322675,0.866411432615149,-8.13139845596576,"AZI2_HUMAN",13,0.252412889968447,0.807413664457963,0.862335891430784,0.0264358519999988,"Non-significant",0.0643235376776929,"AZI2","AZI2_HUMAN"
-0.0838021034999992,7.4905652405,-0.246153971112031,0.812458695050807,0.866862574757374,-8.13167192488848,"FBH1_HUMAN",7,-0.252317252843195,0.807484906570133,0.862335891430784,-0.0838021034999992,"Non-significant",0.0643235376776929,"FBH1","FBH1_HUMAN"
0.00640916749999931,12.61390018375,0.241737071787968,0.815749529007998,0.868943862000305,-8.13288854469522,"RANB3_HUMAN",21,0.252297040593443,0.807499963348342,0.862335891430784,0.00640916749999931,"Non-significant",0.0643235376776929,"RANBP3","RANB3_HUMAN"
-0.0201780794999991,7.5811543465,-0.252489090338575,0.807745750959484,0.862899858600066,-8.12988913782126,"NSD3_HUMAN",10,-0.251874615058842,0.80781466191053,0.862562678647563,-0.0201780794999991,"Non-significant",0.0642093368323918,"NSD3","NSD3_HUMAN"
-0.0119953150000001,12.070281745,-0.362786164456619,0.727219350376162,0.79741536416296,-8.09177698492664,"BST2_HUMAN",6,-0.251269065208906,0.808265849949094,0.862844468875047,-0.0119953150000001,"Non-significant",0.0640674805266331,"BST2","BST2_HUMAN"
-0.149999976249999,7.510573923375,-0.244324154157456,0.813821523379827,0.867739877864652,-8.13217857021739,"FZD5_HUMAN",8,-0.251245648678936,0.808283298877372,0.862844468875047,-0.149999976249999,"Non-significant",0.0640674805266331,"FZD5","FZD5_HUMAN"
-0.0875495672500017,7.145831167625,-0.244220666166804,0.813898620761411,0.867739877864652,-8.13220711321652,"RED1_HUMAN",8,-0.250671747473938,0.808710979823244,0.863191699244032,-0.0875495672500017,"Non-significant",0.0638927446340495,"ADARB1","RED1_HUMAN"
-0.0230774879999993,7.6929382085,-0.262762159870256,0.800121376913257,0.85760720829118,-8.12690361496669,"BT3A2_HUMAN",6,-0.249907706871826,0.809280463024997,0.863527926424887,-0.0230774879999993,"Non-significant",0.0637236128201918,"BTN3A2","BT3A2_HUMAN"
0.0105471600000033,12.1828250875,0.237197435233578,0.819135949091479,0.871229894623606,-8.13411638489597,"WDTC1_HUMAN",31,0.249849304273281,0.809323998850985,0.863527926424887,0.0105471600000033,"Non-significant",0.0637236128201918,"WDTC1","WDTC1_HUMAN"
-0.00470137750000177,10.16523706875,-0.268222291562774,0.796078412289194,0.854360190627147,-8.12526928339625,"NCBP3_HUMAN",16,-0.24983678996725,0.809333327649378,0.863527926424887,-0.00470137750000177,"Non-significant",0.0637236128201918,"NCBP3","NCBP3_HUMAN"
0.062161087749999,7.110643684875,0.245482814785603,0.812958484918581,0.867066565782453,-8.131858188389,"TINF2_HUMAN",5,0.249154703278592,0.809841839136366,0.863902895139507,0.062161087749999,"Non-significant",0.0635350705710079,"TINF2","TINF2_HUMAN"
-0.0161993550000048,15.7119585275,-0.314498321055781,0.76209326171225,0.826881680817412,-8.11009957861229,"HLAC_HUMAN",5,-0.249090449277481,0.809889746991622,0.863902895139507,-0.0161993550000048,"Non-significant",0.0635350705710079,"HLA-C","HLAC_HUMAN"
-0.00571775499999916,17.46656537,-0.217161133428986,0.834130660863797,0.882722829933578,-8.13926155902595,"FTCD_HUMAN",51,-0.248619215588454,0.810241125646603,0.864069825795301,-0.00571775499999916,"Non-significant",0.063451160608751,"FTCD","FTCD_HUMAN"
0.0304472450000013,13.789825795,0.276742808460102,0.789782758605595,0.849984534255179,-8.1226531272699,"TYB10_HUMAN",3,0.248605620155645,0.8102512638612,0.864069825795301,0.0304472450000013,"Non-significant",0.063451160608751,"TMSB10","TYB10_HUMAN"
-0.0104770649999999,17.5558085425,-0.237535138726203,0.818883890443057,0.871077544721099,-8.134025834626,"KAD2_HUMAN",25,-0.248092680351391,0.810633794942536,0.864321079306813,-0.0104770649999999,"Non-significant",0.0633248951741725,"AK2","KAD2_HUMAN"
0.00493407249999933,14.25855887125,0.211525383278261,0.838361943681011,0.885532935249028,-8.14062809772506,"GEPH_HUMAN",45,0.248014705039,0.810691950765175,0.864321079306813,0.00493407249999933,"Non-significant",0.0633248951741725,"GPHN","GEPH_HUMAN"
0.0179770000000019,11.6895803225,0.257391411558409,0.804104549519235,0.860563388509095,-8.12847902084578,"NRK1_HUMAN",8,0.247108005439929,0.811368281254224,0.864932748538239,0.0179770000000019,"Non-significant",0.0630176590949344,"NMRK1","NRK1_HUMAN"
0.00471878249999946,11.67159223625,0.216608220250367,0.83454552745096,0.883015863263228,-8.13939719680753,"PYRD_HUMAN",30,0.246026277071946,0.812175392702254,0.865677694734188,0.00471878249999946,"Non-significant",0.0626437724776947,"DHODH","PYRD_HUMAN"
0.013067959999999,14.8837949025,0.642416219788533,0.54058446672846,0.638445631225192,-7.93760371726369,"NDUB3_HUMAN",4,0.245896153513731,0.812272498238545,0.865677694734188,0.013067959999999,"Non-significant",0.0626437724776947,"NDUFB3","NDUB3_HUMAN"
0.00888848250000152,12.74483001125,0.232146043444515,0.822908967292791,0.874470459570214,-8.13545570104331,"MAP11_HUMAN",28,0.245303485250934,0.81271482481421,0.865873871836357,0.00888848250000152,"Non-significant",0.0625453652053303,"METAP1","MAP11_HUMAN"
0.0346099140000007,7.9086313845,0.237870823107213,0.818633361492694,0.871077544721099,-8.13393570007345,"KS6C1_HUMAN",28,0.245280450538636,0.812732017788037,0.865873871836357,0.0346099140000007,"Non-significant",0.0625453652053303,"RPS6KC1","KS6C1_HUMAN"
-0.0186526775000022,8.98723948,-0.249709605368937,0.809812483207176,0.864805450519864,-8.13067680337465,"IDD_HUMAN",9,-0.245236597752168,0.81276474955146,0.865873871836357,-0.0186526775000022,"Non-significant",0.0625453652053303,"DGCR2","IDD_HUMAN"
-0.1709001065,6.6115300655,-0.238544797613434,0.818130427176721,0.870723302139969,-8.13375435299554,"MRS2_HUMAN",4,-0.244925336638833,0.812997086509701,0.865955182117447,-0.1709001065,"Non-significant",0.0625045844985456,"MRS2","MRS2_HUMAN"
0.0105791100000001,13.9021921175,0.233797298000582,0.821675045818977,0.873269318018932,-8.13502101414623,"SYFA_HUMAN",27,0.244826357561056,0.813070972370721,0.865955182117447,0.0105791100000001,"Non-significant",0.0625045844985456,"FARSA","SYFA_HUMAN"
-0.0113809150000002,11.1676887275,-0.24292320244862,0.814865403122821,0.868441077623246,-8.13256395706139,"EXOS2_HUMAN",15,-0.244721460257282,0.813149278260718,0.865955182117447,-0.0113809150000002,"Non-significant",0.0625045844985456,"EXOSC2","EXOS2_HUMAN"
-0.0192354917500008,8.120721042125,-0.246186164772926,0.812434723745551,0.866862574757374,-8.13166297773435,"MIER3_HUMAN",9,-0.242714315786091,0.814648046329728,0.867441685512036,-0.0192354917500008,"Non-significant",0.0617597113631266,"MIER3","MIER3_HUMAN"
-0.0111510774999992,12.87437450875,-0.227328453034681,0.826512019236029,0.877193378259946,-8.13670656592814,"SYNE1_HUMAN",131,-0.242282651578518,0.814970484517157,0.867675409119,-0.0111510774999992,"Non-significant",0.0616427107598557,"SYNE1","SYNE1_HUMAN"
-0.00322866250000153,14.40575289625,-0.179414810563238,0.862575103970161,0.903747116390862,-8.1477359717565,"CAN1_HUMAN",53,-0.241879091854242,0.815271963882731,0.867886762259098,-0.00322866250000153,"Non-significant",0.061536935807572,"CAPN1","CAN1_HUMAN"
0.00887608524999806,9.758700490125,0.228369172196322,0.825733289298285,0.876698059641673,-8.13643853695497,"RBM19_HUMAN",29,0.241556917045059,0.815512668357882,0.868033373101223,0.00887608524999806,"Non-significant",0.0614635772715697,"RBM19","RBM19_HUMAN"
0.0186800959999989,8.489854574,0.244754075703518,0.813501260287817,0.867535693695092,-8.13205986632988,"CINP_HUMAN",9,0.240825022838624,0.816059562092354,0.868457629636497,0.0186800959999989,"Non-significant",0.0612513650855507,"CINP","CINP_HUMAN"
0.0194430365000002,9.9829428185,0.243704365601803,0.814283291716597,0.868040200566485,-8.13234933627839,"HERP1_HUMAN",9,0.240674086161674,0.816172360068978,0.868457629636497,0.0194430365000002,"Non-significant",0.0612513650855507,"HERPUD1","HERP1_HUMAN"
-0.0107092849999955,10.1757483475,-0.239325226393747,0.817548168592194,0.870508595108488,-8.13354373120304,"MAT1_HUMAN",15,-0.240609870099129,0.816220351403527,0.868457629636497,-0.0107092849999955,"Non-significant",0.0612513650855507,"MNAT1","MAT1_HUMAN"
0.0639239552499973,6.783988535375,0.233944108939953,0.821565365450392,0.873262858181759,-8.1349822197992,"WDR47_HUMAN",9,0.239922683650082,0.816733966515004,0.868871651236947,0.0639239552499973,"Non-significant",0.0610443723158466,"WDR47","WDR47_HUMAN"
-0.0117578525000006,11.34764313625,-0.237527802612833,0.818889365804957,0.871077544721099,-8.13402780304541,"MISP3_HUMAN",15,-0.239813431463518,0.816815632269731,0.868871651236947,-0.0117578525000006,"Non-significant",0.0610443723158466,"MISP3","MISP3_HUMAN"
0.0160748959999975,8.45853960525,0.242190588869875,0.815411449551024,0.868693517222647,-8.1327646231586,"TBE_HUMAN",10,0.23836659432768,0.817897365901239,0.86991254223111,0.0160748959999975,"Non-significant",0.0605244075373246,"TUBE1","TBE_HUMAN"
-0.00459599749999917,12.70888006875,-0.201902204510394,0.84560009468531,0.891135641361122,-8.14287943691831,"AKAP1_HUMAN",38,-0.234492168933687,0.820796153064175,0.872885537998729,-0.00459599749999917,"Non-significant",0.0590427018553261,"AKAP1","AKAP1_HUMAN"
-0.0142157099999984,10.8370739225,-0.240626058172849,0.816577923593065,0.869606483634358,-8.13319115860063,"SYF2_HUMAN",10,-0.234208885828708,0.821008217929699,0.873000916983655,-0.0142157099999984,"Non-significant",0.0589853001194793,"SYF2","SYF2_HUMAN"
-0.00991391749999693,12.88366985375,-0.225905284476705,0.82757725852737,0.877881791105865,-8.13707113822532,"MYG1_HUMAN",20,-0.232929557960527,0.821966115492727,0.873909231519702,-0.00991391749999693,"Non-significant",0.0585336729688502,"MYG1","MYG1_HUMAN"
0.134847998500001,6.843040645,0.22694245211388,0.826800901851786,0.877279053588709,-8.13680567062303,"NPW_HUMAN",4,0.232748851172218,0.822101445708719,0.873942878784058,0.134847998500001,"Non-significant",0.0585169520790714,"NPW","NPW_HUMAN"
-0.0103275825000004,12.84534108625,-0.262796644835172,0.800095821769768,0.85760720829118,-8.12689339633387,"PEF1_HUMAN",9,-0.23230435851113,0.822434350765553,0.874186524918391,-0.0103275825000004,"Non-significant",0.0583958921939862,"PEF1","PEF1_HUMAN"
-0.0163984312499998,10.089890001875,-0.248939223250523,0.810385601240324,0.865088681972478,-8.13089360193776,"TOR2A_HUMAN",7,-0.231627551873572,0.82294132272629,0.874615106450624,-0.0163984312499998,"Non-significant",0.0581830257431757,"TOR2A","TOR2A_HUMAN"
-0.0340995789999994,8.62690305725,-0.234312312410512,0.821290304608529,0.873080587406393,-8.1348848176405,"PHLA1_HUMAN",5,-0.231403606858778,0.82310909170842,0.874683123299329,-0.0340995789999994,"Non-significant",0.0581492529517998,"PHLDA1","PHLA1_HUMAN"
-0.0587414505000012,7.68847101925,-0.242574869308616,0.815125016176752,0.868607934431585,-8.13265944139576,"TFPT_HUMAN",1,-0.231096876929084,0.823338895074263,0.874817035999113,-0.0587414505000012,"Non-significant",0.058082768194565,"TFPT","TFPT_HUMAN"
0.0154018374999936,16.40653991625,0.228489997963337,0.825642893590614,0.876698059641673,-8.13640734106294,"ISOC2_HUMAN",13,0.230682268702369,0.823649550408054,0.875036811241428,0.0154018374999936,"Non-significant",0.0579736765974025,"ISOC2","ISOC2_HUMAN"
0.0687999722499999,7.191781759375,0.224251979884255,0.828815240703948,0.878773745869945,-8.13749183000137,"DIXC1_HUMAN",11,0.230444030525807,0.823828071285585,0.875116170493535,0.0687999722499999,"Non-significant",0.0579342911429179,"DIXDC1","DIXC1_HUMAN"
-0.010085582499995,14.09185075875,-0.261541118375862,0.801026400061962,0.85803171001681,-8.12726458773554,"RAB5C_HUMAN",9,-0.230033018832749,0.824136083779805,0.875277344105733,-0.010085582499995,"Non-significant",0.0578543127723171,"RAB5C","RAB5C_HUMAN"
-0.226728081999999,9.01670354625,-0.223427550902264,0.829432761307304,0.879186210394777,-8.13770047158461,"CNTRB_HUMAN",14,-0.229964438219196,0.824187481334346,0.875277344105733,-0.226728081999999,"Non-significant",0.0578543127723171,"CNTROB","CNTRB_HUMAN"
0.0105290399999998,12.6557738775,0.27020544959727,0.794611625058493,0.853192675649823,-8.12466752661376,"SMAP_HUMAN",8,0.22859240873511,0.825215936176549,0.876259149160006,0.0105290399999998,"Non-significant",0.0573674344644165,"SMAP","SMAP_HUMAN"
-0.00422239250000089,17.55519843125,-0.216027855284907,0.834981052405163,0.883204155005654,-8.13953920178461,"OTC_HUMAN",21,-0.228173416945962,0.825530079145695,0.876412202842259,-0.00422239250000089,"Non-significant",0.0572915841120607,"OTC","OTC_HUMAN"
0.0252456665000018,7.3622950315,0.239074989671876,0.817734850642901,0.870508595108488,-8.13361133872795,"FP100_HUMAN",5,0.228098391934266,0.825586333407041,0.876412202842259,0.0252456665000018,"Non-significant",0.0572915841120607,"FAAP100","FP100_HUMAN"
-0.0065684319999999,8.48974800125,-0.214765556890798,0.83592853586711,0.883959556997098,-8.13984676518763,"HPS5_HUMAN",25,-0.227984140808545,0.825672001752329,0.876412202842259,-0.0065684319999999,"Non-significant",0.0572915841120607,"HPS5","HPS5_HUMAN"
-0.0164778249999991,10.175652385,-0.221314606672483,0.831016002902439,0.880228379322669,-8.13823174256397,"XPC_HUMAN",19,-0.227641360228402,0.825929042230714,0.876574653357175,-0.0164778249999991,"Non-significant",0.0572110913665928,"XPC","XPC_HUMAN"
0.0331065652500016,9.505936264875,0.294368621301631,0.776812932764702,0.83945592439406,-8.11698736659989,"RBY1B_HUMAN;RBY1E_HUMAN;RBY1D_HUMAN;RBY1A_HUMAN;RBY1C_HUMAN;RBY1F_HUMAN",1,0.227368698321626,0.826133518999857,0.876648793168314,0.0331065652500016,"Non-significant",0.0571743607251563,"RBMY1B;RBMY1E;RBMY1D;RBMY1A1;RBMY1C;RBMY1F","RBY1B_HUMAN;RBY1E_HUMAN;RBY1D_HUMAN;RBY1A_HUMAN;RBY1C_HUMAN;RBY1F_HUMAN"
-0.0228116512500005,9.632584452625,-0.235547516595174,0.820367760190935,0.872319900422529,-8.1345569629507,"THAP4_HUMAN",6,-0.226991408198189,0.826416482881783,0.876648793168314,-0.0228116512500005,"Non-significant",0.0571743607251563,"THAP4","THAP4_HUMAN"
0.00688243000000099,10.2202891125,0.223170726402885,0.829625156430639,0.879214775727613,-8.13776531239444,"MTA3_HUMAN",18,0.226783606399949,0.826572343822098,0.876648793168314,0.00688243000000099,"Non-significant",0.0571743607251563,"MTA3","MTA3_HUMAN"
0.0121414649999991,10.4467135675,0.293070684175104,0.777765482508921,0.840377548015343,-8.11741623711916,"PLAT3_HUMAN",6,0.226752369978793,0.826595773293717,0.876648793168314,0.0121414649999991,"Non-significant",0.0571743607251563,"PLAAT3","PLAT3_HUMAN"
0.0222318175000016,11.38689529875,0.231472943041479,0.823412104035599,0.874789803589741,-8.13563202161825,"COMD6_HUMAN",7,0.226629758047306,0.826687742507103,0.876648793168314,0.0222318175000016,"Non-significant",0.0571743607251563,"COMMD6","COMD6_HUMAN"
-0.00733518499999519,16.302609205,-0.219362563409666,0.832479425398234,0.881418047567104,-8.13871813175193,"MLEC_HUMAN",20,-0.226465185113101,0.826811190500404,0.876648793168314,-0.00733518499999519,"Non-significant",0.0571743607251563,"MLEC","MLEC_HUMAN"
-0.0101470924999987,10.15135741125,-0.221279220760017,0.831042524931759,0.880228379322669,-8.13824059747616,"RMD5A_HUMAN",18,-0.22643951909719,0.826830443331414,0.876648793168314,-0.0101470924999987,"Non-significant",0.0571743607251563,"RMND5A","RMD5A_HUMAN"
-0.0388519762499993,8.495443940375,-0.265732948416856,0.797920830631823,0.856119485921033,-8.12601848338441,"PM2PB_HUMAN",1,-0.226438870838832,0.826830929610642,0.876648793168314,-0.0388519762499993,"Non-significant",0.0571743607251563,"PMS2P11","PM2PB_HUMAN"
0.00481939500000017,11.80698681,0.209400834736407,0.839958531378944,0.886663802253365,-8.14113404198519,"GOPC_HUMAN",24,0.226086389592319,0.827095348889511,0.876726773075598,0.00481939500000017,"Non-significant",0.0571357309596836,"GOPC","GOPC_HUMAN"
-0.0138809675000005,15.35348379875,-0.23649573382448,0.819659765254096,0.871677032718493,-8.13430413035741,"LAMP2_HUMAN",9,-0.226063521730953,0.82711250438927,0.876726773075598,-0.0138809675000005,"Non-significant",0.0571357309596836,"LAMP2","LAMP2_HUMAN"
-0.0266287349999992,10.77883637,-0.227086081713482,0.826693406288618,0.877275427622656,-8.13676881350479,"TRMO_HUMAN",7,-0.225903962342953,0.827232208826461,0.876743403520463,-0.0266287349999992,"Non-significant",0.057127492997575,"TRMO","TRMO_HUMAN"
-0.0502008200000006,7.23715597375,-0.22408622918657,0.828939382300621,0.878773745869945,-8.13753383806187,"TM6S2_HUMAN",4,-0.224950709031716,0.827947458221093,0.877391139721599,-0.0502008200000006,"Non-significant",0.0568067556040245,"TM6SF2","TM6S2_HUMAN"
0.00788593375000346,9.921942233625,0.216512863801819,0.834617081814941,0.883015863263228,-8.13942055465008,"PUS10_HUMAN",20,0.223418896634152,0.829097175598247,0.878499068902278,0.00788593375000346,"Non-significant",0.0562586944655754,"PUS10","PUS10_HUMAN"
-0.00734472000000075,10.4864602075,-0.206230827529876,0.842342269656524,0.888709349016211,-8.14187957265844,"BRE1A_HUMAN",41,-0.222871623177825,0.829508044674434,0.87882394526908,-0.00734472000000075,"Non-significant",0.0560981183917716,"RNF20","BRE1A_HUMAN"
0.0112483499999989,9.5705474615,0.215044522246465,0.835719118874079,0.883848990337467,-8.13977894746498,"RBM34_HUMAN",19,0.221029874308158,0.830891162633707,0.880024227086838,0.0112483499999989,"Non-significant",0.0555053715483611,"RBM34","RBM34_HUMAN"
0.0380952354999984,7.28951025025,0.224109089588568,0.828922260332101,0.878773745869945,-8.13752804611433,"8ODP_HUMAN",4,0.221029206756999,0.830891664066874,0.880024227086838,0.0380952354999984,"Non-significant",0.0555053715483611,"NUDT1","8ODP_HUMAN"
0.024994611749996,8.405015587625,0.238527755731488,0.818143143071367,0.870723302139969,-8.13375894469735,"MPLKI_HUMAN",4,0.220945974669002,0.830954184764995,0.880024227086838,0.024994611749996,"Non-significant",0.0555053715483611,"MPLKIP","MPLKI_HUMAN"
0.0118551250000003,12.56450534,0.245707196897937,0.812791383963289,0.867028501035058,-8.13179597210583,"EPDR1_HUMAN",8,0.220691258323821,0.831145525778264,0.880116286028265,0.0118551250000003,"Non-significant",0.0554599425726516,"EPDR1","EPDR1_HUMAN"
-0.00985383749999968,16.90931296375,-0.231466328905974,0.823417048485112,0.874789803589741,-8.13563375170754,"PHS_HUMAN",11,-0.21996919090877,0.83168800311278,0.880572099603104,-0.00985383749999968,"Non-significant",0.0552350790177294,"PCBD1","PHS_HUMAN"
-0.133856177749998,6.799219071875,-0.213642293933949,0.836771903683517,0.884629421315486,-8.14011895589089,"TNIK_HUMAN",12,-0.219840208057478,0.831784916009006,0.880572099603104,-0.133856177749998,"Non-significant",0.0552350790177294,"TNIK","TNIK_HUMAN"
0.0139100575000022,11.12809383875,0.280625835103335,0.786919177811431,0.84733543047682,-8.12143431215842,"MCRI1_HUMAN",5,0.218729578742262,0.832619529066407,0.881307027292037,0.0139100575000022,"Non-significant",0.0548727669231695,"MCRIP1","MCRI1_HUMAN"
0.00980996999999917,10.5160520075,0.22529171748816,0.828036632081061,0.878148058858991,-8.13722761901041,"RBM42_HUMAN",12,0.218543759224559,0.832759190568624,0.881307027292037,0.00980996999999917,"Non-significant",0.0548727669231695,"RBM42","RBM42_HUMAN"
0.285775661999999,9.26379060675,0.212351815006645,0.837741103345309,0.885209948614468,-8.14042992695305,"RPGF4_HUMAN",6,0.218499049297083,0.832792795394599,0.881307027292037,0.285775661999999,"Non-significant",0.0548727669231695,"RAPGEF4","RPGF4_HUMAN"
-0.0111131674999996,10.86106324125,-0.221639036058272,0.830772851399095,0.880163947265331,-8.13815049278777,"MFR1L_HUMAN",12,-0.21801908711249,0.833153567276727,0.881502901873536,-0.0111131674999996,"Non-significant",0.0547762536816311,"MTFR1L","MFR1L_HUMAN"
0.170639872750002,8.468223154625,0.212064692754404,0.837956784244026,0.88529392772204,-8.14049886275074,"MD2L2_HUMAN",4,0.217849838059404,0.833280796386181,0.881502901873536,0.170639872750002,"Non-significant",0.0547762536816311,"MAD2L2","MD2L2_HUMAN"
0.020217657249999,8.791317105375,0.228843277684414,0.825378603828863,0.876542302088129,-8.13631603481593,"APC10_HUMAN",6,0.21783543103687,0.833291626779966,0.881502901873536,0.020217657249999,"Non-significant",0.0547762536816311,"ANAPC10","APC10_HUMAN"
-0.0458539722500024,7.057173550125,-0.211966380249373,0.83803063818889,0.88529392772204,-8.14052244564235,"CEP41_HUMAN",12,-0.217627457317086,0.833447974048266,0.881557657579725,-0.0458539722500024,"Non-significant",0.0547492777494306,"CEP41","CEP41_HUMAN"
-0.13483107075,6.953175962125,-0.21272813781562,0.837458439195941,0.885146583503591,-8.14033943533237,"P121A_HUMAN",2,-0.217377016933217,0.833636256809722,0.881646174234523,-0.13483107075,"Non-significant",0.0547056727004012,"POM121","P121A_HUMAN"
-0.133206605750002,8.059153556875,-0.210449984128971,0.8391699997749,0.886053354390909,-8.14088482591735,"PKP1_HUMAN",21,-0.216626337296711,0.834200691810863,0.88207354925858,-0.133206605750002,"Non-significant",0.0544952009164648,"PKP1","PKP1_HUMAN"
-0.00874495749999937,10.29871737875,-0.218972312788601,0.832772076701447,0.881617160828498,-8.13881486028157,"ATX3_HUMAN",14,-0.216561225526074,0.834249654133278,0.88207354925858,-0.00874495749999937,"Non-significant",0.0544952009164648,"ATXN3","ATX3_HUMAN"
0.00585794749999735,11.13419175125,0.198244360425943,0.848355594046317,0.893178778693031,-8.14370801059076,"SWAHC_HUMAN",33,0.21639382190947,0.834375540771276,0.882096003155787,0.00585794749999735,"Non-significant",0.0544841457390965,"SOWAHC","SWAHC_HUMAN"
-0.0087263575000005,10.90183746875,-0.203714213154339,0.844235937233945,0.890209614869165,-8.14246343397865,"WDR91_HUMAN",33,-0.21544244643715,0.835091067404155,0.88274173653745,-0.0087263575000005,"Non-significant",0.0541663392341198,"WDR91","WDR91_HUMAN"
0.0314369224999975,15.41451907125,0.227773735474517,0.826178806026014,0.876950151869194,-8.136592034655,"GCSH_HUMAN",3,0.214129355451588,0.836078910018522,0.883659062698017,0.0314369224999975,"Non-significant",0.0537152641150115,"GCSH","GCSH_HUMAN"
-0.0131535530000022,9.81094908725,-0.229915945124045,0.82457628590456,0.87591096583359,-8.13603794875006,"ARL15_HUMAN",8,-0.214010225748607,0.836168547168037,0.883659062698017,-0.0131535530000022,"Non-significant",0.0537152641150115,"ARL15","ARL15_HUMAN"
-0.00290918499999826,15.03892374,-0.162741077863187,0.875212354346336,0.912853896045678,-8.15097033409555,"SYYC_HUMAN",44,-0.213674805259912,0.836420942499745,0.883814983619199,-0.00290918499999826,"Non-significant",0.0536386399676872,"YARS1","SYYC_HUMAN"
-0.0240093469999998,7.06647986175,-0.214116764678351,0.836415633738354,0.884363695030179,-8.1400041533604,"HYKK_HUMAN",7,-0.212347569293426,0.837419852857819,0.884759581315938,-0.0240093469999998,"Non-significant",0.0531747255651464,"HYKK","HYKK_HUMAN"
0.00622415500000173,14.64010334,0.253268562984545,0.807166454393053,0.862526121206775,-8.12966670876102,"HNRDL_HUMAN",11,0.21147917661211,0.838073598032982,0.885276026775325,0.00622415500000173,"Non-significant",0.0529212962911191,"HNRNPDL","HNRDL_HUMAN"
0.0156245235000032,9.484612465,0.209770147395608,0.839680936755224,0.886481790569863,-8.14104645537705,"RFFL_HUMAN",12,0.211419245705587,0.838118720330655,0.885276026775325,0.0156245235000032,"Non-significant",0.0529212962911191,"RFFL","RFFL_HUMAN"
-0.00387168000000138,12.6809450375,-0.218817318725966,0.832888315543733,0.881629487846053,-8.13885323035941,"DNJB4_HUMAN",17,-0.210768241999324,0.838608905879822,0.88558816594204,-0.00387168000000138,"Non-significant",0.0527681955399136,"DNAJB4","DNJB4_HUMAN"
0.176244139749999,7.423560202125,0.204878182162542,0.84335995223108,0.889474604273745,-8.14219427068112,"FRM4B_HUMAN",7,0.210747717794711,0.838624361199355,0.88558816594204,0.176244139749999,"Non-significant",0.0527681955399136,"FRMD4B","FRM4B_HUMAN"
0.0484046924999966,14.66331791875,0.215996457162071,0.835004616353073,0.883204155005654,-8.13954687362371,"MT1X_HUMAN",2,0.210328448210632,0.838940099770112,0.885810610166888,0.0484046924999966,"Non-significant",0.0526591220763957,"MT1X","MT1X_HUMAN"
0.00526452000000077,11.2593890425,0.207132760097932,0.841663866005557,0.888130286249479,-8.14166859747166,"GAS2_HUMAN",18,0.209236808510112,0.83976232567695,0.886464995255856,0.00526452000000077,"Non-significant",0.0523384091520358,"GAS2","GAS2_HUMAN"
0.02805864825,7.266917169125,0.210702758401432,0.838980046253777,0.885963769715997,-8.14082459773806,"RCBT2_HUMAN",6,0.20922635993074,0.839770196597225,0.886464995255856,0.02805864825,"Non-significant",0.0523384091520358,"RCBTB2","RCBT2_HUMAN"
-0.0137524599999992,11.0895621775,-0.21984244366969,0.832119599160852,0.881147751422968,-8.13859895442678,"MOB2_HUMAN",8,-0.207754192314534,0.84087937432736,0.887524698998913,-0.0137524599999992,"Non-significant",0.0518195520873146,"MOB2","MOB2_HUMAN"
0.0124022959999994,8.96017515675,0.20005495252832,0.846991366954957,0.892299741540224,-8.14329974817976,"NISCH_HUMAN",23,0.206993925852329,0.841452332819474,0.888018243813114,0.0124022959999994,"Non-significant",0.0515781118047602,"NISCH","NISCH_HUMAN"
-0.00479316749999903,13.87271380375,-0.180727592289777,0.861581897092622,0.903155554109403,-8.14746804738921,"SYCC_HUMAN",48,-0.205883153389499,0.842289624955681,0.888790591981903,-0.00479316749999903,"Non-significant",0.0512005511328617,"CARS1","SYCC_HUMAN"
-0.00631403749999926,14.94901144625,-0.194731331977877,0.851004134955544,0.895528675663744,-8.14448967421243,"DNJA1_HUMAN",24,-0.205206748352509,0.84279959975224,0.889217402217002,-0.00631403749999926,"Non-significant",0.0509920466333444,"DNAJA1","DNJA1_HUMAN"
-0.00570225749999942,11.15906131125,-0.182336080214663,0.860365333272392,0.901992461959328,-8.14713713413428,"KIF1B_HUMAN",71,-0.203756798284112,0.843893056032171,0.890259645719045,-0.00570225749999942,"Non-significant",0.0504833121666417,"KIF1B","KIF1B_HUMAN"
0.0159816749999973,14.22348857,0.199496362860701,0.847412188103057,0.892519971700696,-8.14342609365,"UBQL1_HUMAN",14,0.203254967207979,0.844271588611665,0.890547518509289,0.0159816749999973,"Non-significant",0.0503429021684193,"UBQLN1","UBQL1_HUMAN"
0.0202991975000018,12.32127177625,0.226296535634327,0.827284368967753,0.877681553936965,-8.13697113658658,"PAIP2_HUMAN",4,0.202705992288995,0.844685731691854,0.89087287693076,0.0202991975000018,"Non-significant",0.0501842631756037,"PAIP2","PAIP2_HUMAN"
-0.00481820000000077,14.46820724,-0.197118380584361,0.849204266443635,0.893848996235439,-8.14396005131203,"BGAL_HUMAN",19,-0.201563483484403,0.845547799006744,0.891670511425978,-0.00481820000000077,"Non-significant",0.0497955957409347,"GLB1","BGAL_HUMAN"
-0.0347199450000009,14.4031522275,-0.203484828991226,0.844408595992465,0.890246410959411,-8.14251629937117,"ERH_HUMAN",4,-0.200750107081062,0.84616165938122,0.892206233040318,-0.0347199450000009,"Non-significant",0.0495347470599254,"ERH","ERH_HUMAN"
0.00749659500000277,14.8223391775,0.194074238420401,0.851499759773461,0.895835863113799,-8.14463434522962,"U2AF2_HUMAN",18,0.198129057467341,0.848140547760277,0.894180947726251,0.00749659500000277,"Non-significant",0.0485745878626487,"U2AF2","U2AF2_HUMAN"
0.005074497499999,12.88999247625,0.193384566640166,0.852020034367869,0.896141361328521,-8.14478566845569,"AGFG1_HUMAN",19,0.197917269973722,0.848300497713268,0.894237730768527,0.005074497499999,"Non-significant",0.048547009799155,"AGFG1","AGFG1_HUMAN"
-0.0118796827499992,9.058226704625,-0.194051360866438,0.851517016878367,0.895835863113799,-8.14463937341975,"TRI15_HUMAN",15,-0.197217171593458,0.84882929225405,0.894434273654358,-0.0118796827499992,"Non-significant",0.0484515674923414,"TRIM15","TRI15_HUMAN"
-0.0811040402499978,6.576657653125,-0.1947201890697,0.851012539099133,0.895528675663744,-8.144492131558,"OBRG_HUMAN",2,-0.197109247637454,0.848910816115427,0.894434273654358,-0.0811040402499978,"Non-significant",0.0484515674923414,"LEPROT","OBRG_HUMAN"
-0.00611901000000081,11.4398831125,-0.179952200078918,0.86216850079413,0.903433402933083,-8.14762653045124,"LUZP1_HUMAN",53,-0.197097896251945,0.848919390866224,0.894434273654358,-0.00611901000000081,"Non-significant",0.0484515674923414,"LUZP1","LUZP1_HUMAN"
-0.0192770955000015,10.09689474175,-0.205333151742096,0.843017613436165,0.889224810868907,-8.14208864872351,"S35D1_HUMAN",6,-0.197095770193567,0.848920996877052,0.894434273654358,-0.0192770955000015,"Non-significant",0.0484515674923414,"SLC35D1","S35D1_HUMAN"
0.082412719999998,7.382335782,0.192700886210347,0.852535866845558,0.896550965583186,-8.14493515090209,"ADAT2_HUMAN",4,0.196968001704123,0.849017513763023,0.894434273654358,0.082412719999998,"Non-significant",0.0484515674923414,"ADAT2","ADAT2_HUMAN"
-0.0099396700000014,10.471324205,-0.200064937688322,0.846983844982736,0.892299741540224,-8.14329748649258,"NAA30_HUMAN",12,-0.196639230385536,0.849265881649094,0.894584118522896,-0.0099396700000014,"Non-significant",0.0483788160885724,"NAA30","NAA30_HUMAN"
-0.03666758525,7.764989972125,-0.207774386312089,0.841181343467544,0.887732257930128,-8.14151795797298,"SPRNG_HUMAN",2,-0.196111242096662,0.849664784353759,0.894892473737078,-0.03666758525,"Non-significant",0.048229144424925,"SPRING1","SPRNG_HUMAN"
0.0486876965000018,7.28408753875,0.199162097909072,0.847664036589147,0.892630137685481,-8.14350153279895,"NUPR1_HUMAN",2,0.195582929676104,0.850063978493651,0.895201058810967,0.0486876965000018,"Non-significant",0.0480794128118239,"NUPR1","NUPR1_HUMAN"
-0.0671824220000019,6.8098718525,-0.192445509133754,0.85272856698071,0.896550965583186,-8.14499085309318,"AGRG2_HUMAN",3,-0.195080461371881,0.850443687850896,0.895489049955677,-0.0671824220000019,"Non-significant",0.0479397203374524,"ADGRG2","AGRG2_HUMAN"
-0.025377752499999,15.28400158875,-0.203671506911108,0.84426808177294,0.890209614869165,-8.1424732808024,"TYB4_HUMAN",4,-0.194140781385731,0.851153905302744,0.896093734991107,-0.025377752499999,"Non-significant",0.047646559020705,"TMSB4X","TYB4_HUMAN"
-0.0147960187499976,8.751243948875,-0.192274890856867,0.852857316566979,0.896574497548399,-8.14502802717414,"FBXW9_HUMAN",12,-0.194039349165454,0.851230577301435,0.896093734991107,-0.0147960187499976,"Non-significant",0.047646559020705,"FBXW9","FBXW9_HUMAN"
-0.0205814839999974,8.76193535325,-0.21271126518032,0.837471112046641,0.885146583503591,-8.14034349596061,"S23A2_HUMAN",4,-0.193871693767488,0.851357310722582,0.896115231278801,-0.0205814839999974,"Non-significant",0.0476361409061847,"SLC23A2","S23A2_HUMAN"
-0.0207006932499993,7.631718874125,-0.189616893741065,0.854863673074473,0.89825924980939,-8.14560293321188,"UIMC1_HUMAN",12,-0.193250756762276,0.851826727398921,0.896497376107567,-0.0207006932499993,"Non-significant",0.047450977204612,"UIMC1","UIMC1_HUMAN"
-0.0139760970000022,8.6529233455,-0.188519535024864,0.855692336157984,0.89877018086924,-8.14583797348934,"NCK2_HUMAN",16,-0.192859036505701,0.852122893175061,0.896621693346459,-0.0139760970000022,"Non-significant",0.0473907577893342,"NCK2","NCK2_HUMAN"
0.0753885507500005,6.620158970375,0.187559564056074,0.856417411246094,0.899419680961042,-8.14604247939114,"AMNLS_HUMAN",10,0.192813138028494,0.85215759703387,0.896621693346459,0.0753885507500005,"Non-significant",0.0473907577893342,"AMN","AMNLS_HUMAN"
0.0122346877500004,9.137677192625,0.19343772152188,0.85197993258743,0.896141361328521,-8.14477402452316,"PMM1_HUMAN",11,0.191731714074587,0.852975362059866,0.8973701106843,0.0122346877500004,"Non-significant",0.0470283999032938,"PMM1","PMM1_HUMAN"
0.0276794435000021,7.6437295675,0.188773536596492,0.855500511243737,0.898680684106862,-8.14578368971837,"CDYL_HUMAN",8,0.191094602200236,0.85345723094284,0.89757434331545,0.0276794435000021,"Non-significant",0.0469295699869498,"CDYL","CDYL_HUMAN"
0.0132262724999972,13.12080419125,0.206122842448054,0.8424235020334,0.888709349016211,-8.14190477096112,"CYTC_HUMAN",7,0.190850588428837,0.853641804177707,0.89757434331545,0.0132262724999972,"Non-significant",0.0469295699869498,"CST3","CYTC_HUMAN"
-0.0425332784999997,7.54423433525,-0.185539528203717,0.857943645944739,0.900573722499154,-8.14646943765685,"RHG32_HUMAN",15,-0.190805003978804,0.853676285556759,0.89757434331545,-0.0425332784999997,"Non-significant",0.0469295699869498,"ARHGAP32","RHG32_HUMAN"
0.0151412485,6.77663707725,0.18371945968426,0.859319351488359,0.901232153004278,-8.1468502087381,"APC_HUMAN",42,0.190794490120932,0.853684238586872,0.89757434331545,0.0151412485,"Non-significant",0.0469295699869498,"APC","APC_HUMAN"
-0.0122191907500024,8.972611546625,-0.184316003861885,0.858868393635059,0.901038401711383,-8.1467258171337,"ANM9_HUMAN",24,-0.190771111300027,0.853701923165258,0.89757434331545,-0.0122191907500024,"Non-significant",0.0469295699869498,"PRMT9","ANM9_HUMAN"
-0.00796794875000195,9.402667999375,-0.202477734943217,0.845166749293329,0.890934283365867,-8.1427477042057,"GPAM1_HUMAN",11,-0.190046819585781,0.854249847340158,0.89780778380972,-0.00796794875000195,"Non-significant",0.0468166336737781,"GPALPP1","GPAM1_HUMAN"
-0.00625896249999869,13.89019417875,-0.255563011093954,0.80546199353243,0.861518308944609,-8.12900806044733,"LSM4_HUMAN",9,-0.190023690496521,0.854267345817417,0.89780778380972,-0.00625896249999869,"Non-significant",0.0468166336737781,"LSM4","LSM4_HUMAN"
0.0116851324999985,10.38244950875,0.225351880570084,0.82799158519868,0.878148058858991,-8.13721229389974,"SNR27_HUMAN",6,0.189936735231134,0.854333133217804,0.89780778380972,0.0116851324999985,"Non-significant",0.0468166336737781,"SNRNP27","SNR27_HUMAN"
0.0100574499999997,10.514544725,0.212406284758081,0.837700188360227,0.885209948614468,-8.14041683879945,"AR2BP_HUMAN",8,0.189914428462958,0.854350009958212,0.89780778380972,0.0100574499999997,"Non-significant",0.0468166336737781,"ARL2BP","AR2BP_HUMAN"
-0.1571047305,7.313140392,-0.184659643416482,0.858608644663721,0.901038401711383,-8.14665397996679,"TAF9B_HUMAN",3,-0.189579176530719,0.854603662841859,0.897962387695591,-0.1571047305,"Non-significant",0.046741853932199,"TAF9B","TAF9B_HUMAN"
-0.188562035500001,7.494098127,-0.183498408689475,0.859486469335358,0.901295278679738,-8.14689620093302,"TGM1_HUMAN",26,-0.188884874850503,0.855129031832309,0.898381890079466,-0.188562035500001,"Non-significant",0.0465390113301117,"TGM1","TGM1_HUMAN"
0.0113980769999973,9.29411995425,0.184456436533139,0.858762241660515,0.901038401711383,-8.14669647597762,"TAOK2_HUMAN",17,0.188769854411877,0.855216073792578,0.898381890079466,0.0113980769999973,"Non-significant",0.0465390113301117,"TAOK2","TAOK2_HUMAN"
0.00679635999999739,10.923339605,0.192531119583964,0.852663966621097,0.896550965583186,-8.14497218810809,"LTV1_HUMAN",14,0.188395892895161,0.855499084665861,0.898567200579258,0.00679635999999739,"Non-significant",0.0464494380325688,"LTV1","LTV1_HUMAN"
-0.00605726500000259,10.58584714,-0.184875394900523,0.858445572794426,0.900988386637307,-8.14660880981673,"BECN1_HUMAN",18,-0.188140552115067,0.855692337286655,0.898618812605059,-0.00605726500000259,"Non-significant",0.0464244936830726,"BECN1","BECN1_HUMAN"
0.00563550249999878,12.20416867875,0.189587071227972,0.854886190766512,0.89825924980939,-8.1456093386685,"RAB17_HUMAN",16,0.188049246589166,0.855761443680248,0.898618812605059,0.00563550249999878,"Non-significant",0.0464244936830726,"RAB17","RAB17_HUMAN"
-0.0422937867500011,8.052906036375,-0.201802821024558,0.845674931219316,0.891135641361122,-8.14290214719051,"TM86B_HUMAN",1,-0.187796352752152,0.855952858359184,0.898707852903533,-0.0422937867500011,"Non-significant",0.0463814634303444,"TMEM86B","TM86B_HUMAN"
0.00812769000000024,10.1784553525,0.185711201747059,0.857813912966453,0.900549691417889,-8.14643333047071,"XRCC4_HUMAN",15,0.186513344531351,0.856924121378071,0.899615570942305,0.00812769000000024,"Non-significant",0.0459430362112859,"XRCC4","XRCC4_HUMAN"
0.0057292000000011,14.526587965,0.17135171517946,0.868681124061798,0.908450768575298,-8.14933908775464,"DPP3_HUMAN",40,0.186275686815494,0.85710406184141,0.899684429503933,0.0057292000000011,"Non-significant",0.0459097956251087,"DPP3","DPP3_HUMAN"
0.0181049107499973,8.152928173625,0.1860142279356,0.857584928792155,0.900421445539247,-8.14636951586723,"S2540_HUMAN",9,0.186144773130089,0.857203185828223,0.899684429503933,0.0181049107499973,"Non-significant",0.0459097956251087,"SLC25A40","S2540_HUMAN"
0.00447225750000158,12.64048338125,0.172430131950479,0.86786389626,0.907864964516735,-8.14912890904565,"AT2L2_HUMAN",25,0.185358980716544,0.85779822181923,0.900196864008253,0.00447225750000158,"Non-significant",0.0456625043349796,"PHYKPL","AT2L2_HUMAN"
-0.34967136475,9.090482711375,-0.17891886544132,0.862950388679106,0.903915599127151,-8.14783668493449,"ST2B1_HUMAN",3,-0.184074172842012,0.858771344050221,0.900996736703521,-0.34967136475,"Non-significant",0.0452767819778961,"SULT2B1","ST2B1_HUMAN"
0.0202264774999978,10.71261119875,0.18884492497046,0.855446599797665,0.898680684106862,-8.14576841997345,"TMUB2_HUMAN",6,0.184070394684275,0.858774206035839,0.900996736703521,0.0202264774999978,"Non-significant",0.0452767819778961,"TMUB2","TMUB2_HUMAN"
0.0293555259999998,8.41248965275,0.20208416122589,0.8454630842797,0.891135217880904,-8.14283782906283,"TM101_HUMAN",2,0.183902657509267,0.858901270586985,0.901017897918817,0.0293555259999998,"Non-significant",0.0452665820618053,"TMEM101","TM101_HUMAN"
-0.0449690820000015,7.26281142225,-0.178533758915371,0.863241827205013,0.904009257912795,-8.1479146991836,"ABCA5_HUMAN",17,-0.183704679194632,0.859051249139244,0.901063088476193,-0.0449690820000015,"Non-significant",0.045244800566018,"ABCA5","ABCA5_HUMAN"
-0.129912852999999,6.75265002225,-0.178272613026643,0.863439468505713,0.904090842240329,-8.14796750689201,"ECM2_HUMAN",7,-0.183332661761956,0.859333087713584,0.901246559205898,-0.129912852999999,"Non-significant",0.0451563803260451,"ECM2","ECM2_HUMAN"
-0.0141606329999995,9.47054886825,-0.178517274562997,0.86325430263852,0.904009257912795,-8.14791803483823,"DEN6A_HUMAN",17,-0.183106464980454,0.859504463870679,0.901314148540178,-0.0141606329999995,"Non-significant",0.045123811464646,"DENND6A","DEN6A_HUMAN"
-0.0252851247499999,7.452577054625,-0.180435766034959,0.861802660070363,0.903274635878275,-8.14752777324715,"TRM44_HUMAN",8,-0.182370796078308,0.860061892698417,0.901786502494708,-0.0252851247499999,"Non-significant",0.0448962692910765,"TRMT44","TRM44_HUMAN"
0.0110685825000001,9.7399452925,0.190008849771499,0.854567737423837,0.898148560940838,-8.14551865386393,"NSE2_HUMAN",9,0.18143747110374,0.860769210115631,0.902415879610032,0.0110685825000001,"Non-significant",0.0445932711108063,"NSMCE2","NSE2_HUMAN"
0.0045042025000015,10.95716500375,0.170539664445387,0.86929661196905,0.908868908743131,-8.14949648967381,"TBC13_HUMAN",23,0.180763490019069,0.8612800685356,0.902839161508093,0.0045042025000015,"Non-significant",0.0443896112491258,"TBC1D13","TBC13_HUMAN"
-0.0037386374999997,13.24617922125,-0.184173256785185,0.858976298244261,0.901038401711383,-8.14675561916135,"IMPA1_HUMAN",17,-0.180108948105747,0.861776259747094,0.903141520326297,-0.0037386374999997,"Non-significant",0.0442441913464117,"IMPA1","IMPA1_HUMAN"
-0.00753879250000189,12.17969346125,-0.208545777778873,0.840601329950176,0.887231230922869,-8.14133624311652,"RT10_HUMAN",9,-0.180100317035875,0.86178280317765,0.903141520326297,-0.00753879250000189,"Non-significant",0.0442441913464117,"MRPS10","RT10_HUMAN"
-0.00734639000000392,10.435420155,-0.191648565860278,0.853329986224628,0.896959527857263,-8.14516421023506,"CDNF_HUMAN",11,-0.179071080133528,0.862563175511532,0.903846967477213,-0.00734639000000392,"Non-significant",0.0439050947527697,"CDNF","CDNF_HUMAN"
0.00524663750000443,18.20098853125,0.162496883726736,0.875397731476712,0.912869909515923,-8.15101537870496,"CATA_HUMAN",45,0.178270324051617,0.86317042474901,0.904370852729571,0.00524663750000443,"Non-significant",0.043653443123112,"CAT","CATA_HUMAN"
0.00894427500000106,12.53675878,0.174005296865295,0.866670541192639,0.906798161831275,-8.14881956637841,"PGP_HUMAN",16,0.176848059500039,0.864249232305996,0.905342141897192,0.00894427500000106,"Non-significant",0.043187263604497,"PGP","PGP_HUMAN"
0.0092072475000009,10.86075091375,0.174586819357528,0.866230069623105,0.906562361168755,-8.14870465765617,"TBL1X_HUMAN",15,0.176665675648474,0.864387595182013,0.905342141897192,0.0092072475000009,"Non-significant",0.043187263604497,"TBL1X","TBL1X_HUMAN"
0.00604486500000156,10.25378084,0.1630839005507,0.87495211861622,0.912743986115856,-8.15090698294235,"PARD3_HUMAN",51,0.176623372029673,0.864419688929719,0.905342141897192,0.00604486500000156,"Non-significant",0.043187263604497,"PARD3","PARD3_HUMAN"
-0.00885272250000035,10.27389633625,-0.199657522677489,0.847290770695652,0.892503612371114,-8.14338967732422,"BL1S4_HUMAN",8,-0.175516693039158,0.865259369575642,0.90610898573153,-0.00885272250000035,"Non-significant",0.0428195627479302,"BLOC1S4","BL1S4_HUMAN"
0.0114912974999992,10.76574349375,0.172186929216635,0.868048181077112,0.907901491289115,-8.14917642240265,"MLX_HUMAN",14,0.174652470195978,0.865915217147716,0.906683150973677,0.0114912974999992,"Non-significant",0.042544454753302,"MLX","MLX_HUMAN"
-0.0100870099999995,15.1020550725,-0.198030926434675,0.848516446847982,0.8932365593208,-8.14375589499284,"NDUA2_HUMAN",7,-0.173877956665873,0.866503080301773,0.907185997250483,-0.0100870099999995,"Non-significant",0.0423036618944887,"NDUFA2","NDUA2_HUMAN"
0.0177745817499986,8.600317955125,0.168997936179502,0.87046541942555,0.909865205895085,-8.1497932860489,"ATX1_HUMAN",15,0.173199278042171,0.867018277218193,0.907612650108314,0.0177745817499986,"Non-significant",0.0420994596425996,"ATXN1","ATX1_HUMAN"
-0.00462412750000141,11.32736575625,-0.164692395453791,0.873731335783239,0.912147811409082,-8.15060797787972,"RED_HUMAN",22,-0.172857607735556,0.867277671025248,0.907665538347528,-0.00462412750000141,"Non-significant",0.0420741532508844,"IK","RED_HUMAN"
-0.0098185550000025,15.38320756,-0.167762842686583,0.871402011954254,0.910731253411333,-8.15002912338936,"PSDE_HUMAN",20,-0.172849051265234,0.867284167261952,0.907665538347528,-0.0098185550000025,"Non-significant",0.0420741532508844,"PSMD14","PSDE_HUMAN"
-0.00973296174999838,9.136141181125,-0.174046124444345,0.866639614875821,0.906798161831275,-8.14881151126528,"UBP12_HUMAN",12,-0.17267818201534,0.867413896746936,0.907688607781493,-0.00973296174999838,"Non-significant",0.042063115263731,"USP12","UBP12_HUMAN"
-0.00316500749999626,15.49497044125,-0.155589285345096,0.880644967810835,0.917547148785851,-8.1522617486193,"HNRPF_HUMAN",25,-0.172212129345145,0.867767760994123,0.907946183890202,-0.00316500749999626,"Non-significant",0.0419398923733722,"HNRNPF","HNRPF_HUMAN"
0.00646018750000366,14.92673945375,0.172375159542918,0.867905550370845,0.907864964516735,-8.14913965456008,"ROAA_HUMAN",15,0.171628282513307,0.868211109100497,0.908194533347644,0.00646018750000366,"Non-significant",0.0418211165553978,"HNRNPAB","ROAA_HUMAN"
0.00360918000000154,13.53548646,0.149892861675279,0.884976989607399,0.920048558793033,-8.15324912354081,"ATX2L_HUMAN",38,0.171615767086342,0.868220613324868,0.908194533347644,0.00360918000000154,"Non-significant",0.0418211165553978,"ATXN2L","ATX2L_HUMAN"
-0.1957879075,9.30105864875,-0.166211877851831,0.872578446926665,0.911282831017824,-8.15032284436334,"RPC7L_HUMAN",2,-0.170723544464551,0.868898227030385,0.908790564045057,-0.1957879075,"Non-significant",0.0415361908808972,"POLR3GL","RPC7L_HUMAN"
0.0105443002499968,8.854355812125,0.170019773563062,0.869690710274822,0.909168175233347,-8.14959687206817,"PRP18_HUMAN",12,0.169813251786919,0.869589684264444,0.909400924151985,0.0105443002499968,"Non-significant",0.0412446087916718,"PRPF18","PRP18_HUMAN"
0.021583792499996,16.22775471125,0.166830307336287,0.87210931549829,0.911083385328289,-8.15020605097336,"CX6B1_HUMAN",10,0.169641693324701,0.869720013382187,0.909424388140238,0.021583792499996,"Non-significant",0.0412334034488022,"COX6B1","CX6B1_HUMAN"
-0.0664013625000006,7.079474628,-0.165302989752154,0.873268015231177,0.91181706004196,-8.15049371111642,"G3ST1_HUMAN",5,-0.169194602372167,0.870059678437472,0.909666711678176,-0.0664013625000006,"Non-significant",0.0411176975603014,"GAL3ST1","G3ST1_HUMAN"
-0.148831009749999,7.172930419375,-0.163795900382088,0.874411694372317,0.912519025859138,-8.15077498773167,"MTMR4_HUMAN",8,-0.168524567834365,0.870568772962589,0.910075579859475,-0.148831009749999,"Non-significant",0.0409225389394595,"MTMR4","MTMR4_HUMAN"
-0.00984811749999892,11.67821407375,-0.164399580325324,0.873953543444466,0.91215384072479,-8.15066262648828,"SERB_HUMAN",17,-0.168181995320254,0.870829085780986,0.910075579859475,-0.00984811749999892,"Non-significant",0.0409225389394595,"PSPH","SERB_HUMAN"
-0.0858896972500007,6.941430986125,-0.16357207656867,0.874581574097734,0.91258332360359,-8.15081654317023,"NEUR4_HUMAN",8,-0.168146342640008,0.870856178388486,0.910075579859475,-0.0858896972500007,"Non-significant",0.0409225389394595,"NEU4","NEUR4_HUMAN"
0.0194633007500009,9.941375613875,0.166577702427351,0.872300931207766,0.911105892088013,-8.15025380862582,"KAPCB_HUMAN",9,0.168111543257421,0.870882622748431,0.910075579859475,0.0194633007500009,"Non-significant",0.0409225389394595,"PRKACB","KAPCB_HUMAN"
0.0674307347500012,6.834515690875,0.164498827819967,0.873878226460624,0.91215384072479,-8.15064411456457,"CC50B_HUMAN",3,0.16744585752192,0.871388516790943,0.910491360856683,0.0674307347500012,"Non-significant",0.0407241706269645,"TMEM30B","CC50B_HUMAN"
-0.0196690524999958,10.66419672875,-0.277425027349042,0.789279396172513,0.849551274465345,-8.12244019400219,"MOB1A_HUMAN",1,-0.16618907374849,0.872343794395619,0.911270291309681,-0.0196690524999958,"Non-significant",0.0403527881052872,"MOB1A","MOB1A_HUMAN"
0.00850916250000111,12.09652042375,0.180262439182718,0.861933785948096,0.90329974906832,-8.14756320146023,"COMD2_HUMAN",9,0.166180624804241,0.872350217176156,0.911270291309681,0.00850916250000111,"Non-significant",0.0403527881052872,"COMMD2","COMD2_HUMAN"
-0.197583796750003,9.051911771875,-0.161365811485456,0.876256480504688,0.913539378376501,-8.15122314308294,"CD1D_HUMAN",6,-0.166024498533733,0.87246890422132,0.911281337507002,-0.197583796750003,"Non-significant",0.0403475237248805,"CD1D","CD1D_HUMAN"
-0.00344324250000483,18.19920134625,-0.14318329063837,0.890084870245644,0.923615089412844,-8.15436516713304,"AATM_HUMAN",42,-0.165490188809155,0.872875112204757,0.911592655281117,-0.00344324250000483,"Non-significant",0.0401991825962386,"GOT2","AATM_HUMAN"
-0.00778245750000295,11.31744909125,-0.16708233346167,0.871918147963817,0.911044758793482,-8.15015833118628,"GNAQ_HUMAN",13,-0.16528679941381,0.873029749267211,0.911641198782622,-0.00778245750000295,"Non-significant",0.040176056462645,"GNAQ","GNAQ_HUMAN"
-0.0284612180000021,9.18452036375,-0.167166261601736,0.871854488592495,0.911044758793482,-8.15014242398131,"RPAB2_HUMAN",4,-0.164890475846797,0.873331091113051,0.911842904371597,-0.0284612180000021,"Non-significant",0.0400799770677473,"POLR2F","RPAB2_HUMAN"
-0.0185127257499982,9.540087938125,-0.17702920126477,0.864380654450047,0.90485153208637,-8.14821789290214,"ADIRF_HUMAN",4,-0.163917026409445,0.874071340714002,0.912502765776359,-0.0185127257499982,"Non-significant",0.0397658105322105,"ADIRF","ADIRF_HUMAN"
0.00372457250000302,10.51986837375,0.148047891463066,0.886380962995944,0.921018877846747,-8.15356107167908,"SUGP1_HUMAN",29,0.163055751982062,0.874726399069273,0.913073537802464,0.00372457250000302,"Non-significant",0.0394942435218879,"SUGP1","SUGP1_HUMAN"
0.00365734000000018,16.3043217675,0.139233718133111,0.893094236199097,0.925712163910746,-8.15499836575231,"RRBP1_HUMAN",87,0.162674106609896,0.875016699788303,0.913263467374394,0.00365734000000018,"Non-significant",0.0394039147763138,"RRBP1","RRBP1_HUMAN"
0.00942969250000125,11.30301821125,0.161912519818668,0.875841378401476,0.91321956686616,-8.15112289921169,"ENPP4_HUMAN",13,0.162422254474924,0.875208283679045,0.913350330955884,0.00942969250000125,"Non-significant",0.0393626095215496,"ENPP4","ENPP4_HUMAN"
-0.0120923525000016,10.54036033375,-0.163110777434968,0.874931717147316,0.912743986115856,-8.15090201069471,"DNJB6_HUMAN",10,-0.161918807695834,0.875591282064658,0.913636904744121,-0.0120923525000016,"Non-significant",0.0392263661877395,"DNAJB6","DNJB6_HUMAN"
-0.00709247500000032,11.58964181,-0.16525248241159,0.873306338322309,0.91181706004196,-8.15050317899304,"RM17_HUMAN",12,-0.160040708122817,0.877020360793355,0.915014806427428,-0.00709247500000032,"Non-significant",0.0385718782857904,"MRPL17","RM17_HUMAN"
-0.0181982517500003,8.752721905625,-0.166748600572045,0.872171293891798,0.911083385328289,-8.15022150636558,"TLE5_HUMAN",5,-0.159812306788287,0.877194188506987,0.915082897886806,-0.0181982517500003,"Non-significant",0.0385395611641234,"TLE5","TLE5_HUMAN"
0.0103218555000009,8.95478951925,0.159347100511221,0.877789596915002,0.914911402546872,-8.15159037549841,"FA20A_HUMAN",12,0.159542632767207,0.877399436530388,0.915183745887222,0.0103218555000009,"Non-significant",0.0384917017658388,"FAM20A","FA20A_HUMAN"
-0.0324866772500023,8.600693106625,-0.175515894349486,0.865526451338515,0.905938464961175,-8.14852028384351,"RLA0L_HUMAN",1,-0.159282263627841,0.877597612088625,0.915248359784643,-0.0324866772500023,"Non-significant",0.0384610407442918,"RPLP0P6","RLA0L_HUMAN"
0.0255789725000053,14.21193099125,0.160081403890704,0.877231862733545,0.914443157430256,-8.15145732635623,"COX17_HUMAN",5,0.15917592932151,0.877678549310627,0.915248359784643,0.0255789725000053,"Non-significant",0.0384610407442918,"COX17","COX17_HUMAN"
0.017218827999999,8.6197844745,0.16265977156417,0.875274076146775,0.912853896045678,-8.15098533949772,"F110C_HUMAN",6,0.158353378254256,0.878304692871559,0.915700374599726,0.017218827999999,"Non-significant",0.0382466081496151,"FAM110C","F110C_HUMAN"
-0.0117177974999976,10.64449310125,-0.153375246749029,0.882328192785642,0.918506154994464,-8.15264985957065,"IL1AP_HUMAN",22,-0.158281866439795,0.878359133555691,0.915700374599726,-0.0117177974999976,"Non-significant",0.0382466081496151,"IL1RAP","IL1AP_HUMAN"
0.0809003114999989,7.1872060895,0.154181456781862,0.881715195188899,0.918279118520646,-8.15250917429455,"RHOU_HUMAN",5,0.158178376100048,0.87843792015819,0.915700374599726,0.0809003114999989,"Non-significant",0.0382466081496151,"RHOU","RHOU_HUMAN"
-0.0506321192500021,6.596250951125,-0.154034016831714,0.881827293934386,0.918279118520646,-8.15253495760927,"EPC1_HUMAN",8,-0.158018394422467,0.878559716154513,0.915714090202349,-0.0506321192500021,"Non-significant",0.0382401032206112,"EPC1","EPC1_HUMAN"
0.00382590299999741,9.930773139,0.137136395502334,0.894693053411322,0.927141350775022,-8.15532744959028,"MYOME_HUMAN",63,0.156303018667367,0.879865870130297,0.916962094377878,0.00382590299999741,"Non-significant",0.0376486169393307,"PDE4DIP","MYOME_HUMAN"
0.00961565924999697,9.385855078875,0.151196072167351,0.883985546418609,0.919777085639113,-8.15302646260126,"US6NL_HUMAN",21,0.156000604038359,0.880096181502565,0.91708872714614,0.00961565924999697,"Non-significant",0.0375886448688447,"USP6NL","US6NL_HUMAN"
0.00707602474999725,10.088395714875,0.146761080291908,0.887360450386018,0.921809371001201,-8.15377637300655,"BLT3B_HUMAN",53,0.155653995283885,0.880360165081016,0.917250411800728,0.00707602474999725,"Non-significant",0.0375120845949161,"BLTP3B","BLT3B_HUMAN"
0.100845217500002,6.688956797,0.150361417557158,0.884620501014623,0.92000590929494,-8.15316928862405,"RAB28_HUMAN",6,0.154543738068568,0.881205865298955,0.918018074231231,0.100845217500002,"Non-significant",0.0371487681869756,"RAB28","RAB28_HUMAN"
0.00783538950000029,9.996231557,0.150373580160867,0.884611247792445,0.92000590929494,-8.15316721300119,"HDA10_HUMAN",17,0.153531460134498,0.8819770758712,0.918707955081358,0.00783538950000029,"Non-significant",0.0368225230576656,"HDAC10","HDA10_HUMAN"
-0.00633859649999913,9.35476946825,-0.145435827038306,0.888369418547093,0.922402787501041,-8.15399615334542,"AGRL2_HUMAN",29,-0.152960265348435,0.882412304092179,0.919047733991471,-0.00633859649999913,"Non-significant",0.0366619314096156,"ADGRL2","AGRL2_HUMAN"
-0.0468834637499995,6.969380199875,-0.14864686386178,0.885925112872721,0.92073323602683,-8.15346021816331,"LYST_HUMAN",9,-0.152584767214166,0.882698442452705,0.919232168449945,-0.0468834637499995,"Non-significant",0.0365747859561399,"LYST","LYST_HUMAN"
0.0485537050000007,7.96179091925,0.150743526252633,0.884329804635036,0.92000590929494,-8.15310399972272,"F219A_HUMAN",3,0.152406741767047,0.882834108472857,0.919259876506203,0.0485537050000007,"Non-significant",0.0365616953844717,"FAM219A","F219A_HUMAN"
0.022524833250003,9.712897539125,0.149291239285278,0.885434760092158,0.920376075079147,-8.15335126791775,"PHF2_HUMAN",9,0.151846731215872,0.883260897004927,0.919590674512664,0.022524833250003,"Non-significant",0.0364054415221868,"PHF2","PHF2_HUMAN"
0.0153012275000002,9.2817738055,0.182711057520882,0.860081780952071,0.90180735559709,-8.14705957271365,"ZCHC9_HUMAN",3,0.151547411480979,0.883489027775631,0.919714587516462,0.0153012275000002,"Non-significant",0.0363469251519272,"ZCCHC9","ZCHC9_HUMAN"
0.0378193849999917,16.7565834525,0.14693211674568,0.887230249710786,0.921787720302258,-8.15374786389386,"MIF_HUMAN",7,0.150144281707328,0.884558598259343,0.920714302880712,0.0378193849999917,"Non-significant",0.035875110227552,"MIF","MIF_HUMAN"
0.0674033162500018,7.614968895875,0.146430741163024,0.887611929960632,0.921839903550828,-8.15383134195688,"SLPI_HUMAN",3,0.149395263675772,0.885129660073573,0.921101128186921,0.0674033162500018,"Non-significant",0.0356926857613613,"SLPI","SLPI_HUMAN"
0.00278568500000276,15.749176025,0.134120650407208,0.896992910518318,0.928839464712396,-8.15579193077454,"HNRH1_HUMAN",26,0.149370176016294,0.885148788505642,0.921101128186921,0.00278568500000276,"Non-significant",0.0356926857613613,"HNRNPH1","HNRH1_HUMAN"
0.0038609499999982,14.5719969275,0.151922473556475,0.883433018353433,0.919429177886294,-8.15290152149397,"EDF1_HUMAN",16,0.148747960901621,0.885623230847264,0.921481077991802,0.0038609499999982,"Non-significant",0.0355135783050474,"EDF1","EDF1_HUMAN"
0.0139822949999981,13.549440385,0.148552626268123,0.885996829684852,0.92073323602683,-8.15347611248832,"NMES1_HUMAN",9,0.148375160067411,0.885907517219855,0.921663103264152,0.0139822949999981,"Non-significant",0.035427798177362,"NMES1","NMES1_HUMAN"
0.00477123000000645,17.26751995,0.150088698820365,0.884827988529527,0.920048558793033,-8.153215785937,"3HIDH_HUMAN",15,0.147599008985261,0.886499442876682,0.922165099840498,0.00477123000000645,"Non-significant",0.0351913180670555,"HIBADH","3HIDH_HUMAN"
0.0129513740000018,8.96006417275,0.142321849924298,0.890741079611911,0.92384109266012,-8.15450477570232,"M3K4_HUMAN",33,0.147358276736887,0.886683051040823,0.922242280012722,0.0129513740000018,"Non-significant",0.0351549715166189,"MAP3K4","M3K4_HUMAN"
-0.00635337750000176,10.44257402375,-0.146346776843313,0.88767585226831,0.921839903550828,-8.15384529412625,"ELP4_HUMAN",15,-0.146921492213732,0.887016208398483,0.922474968610835,-0.00635337750000176,"Non-significant",0.0350454096043274,"ELP4","ELP4_HUMAN"
-0.0157998799999959,8.0359770655,-0.142703857174643,0.890450071215305,0.923719132531729,-8.1544429694332,"PLBL1_HUMAN",16,-0.146483007459963,0.887350686873048,0.922708973556985,-0.0157998799999959,"Non-significant",0.0349352557545419,"PLBD1","PLBL1_HUMAN"
0.00307440749999799,12.17006790625,0.134329332117457,0.89683373207088,0.928839464712396,-8.15576012080431,"E2AK2_HUMAN",24,0.145114664983677,0.888394621253596,0.923619736403194,0.00307440749999799,"Non-significant",0.0345067954176808,"EIF2AK2","E2AK2_HUMAN"
-0.00286269000000239,13.3984445325,-0.129639253201969,0.900412444550248,0.930885888704642,-8.15646316659744,"FUBP3_HUMAN",28,-0.145047718424809,0.888445702071076,0.923619736403194,-0.00286269000000239,"Non-significant",0.0345067954176808,"FUBP3","FUBP3_HUMAN"
-0.00455856249999975,14.87504029125,-0.153824151862847,0.881986859471623,0.918279118520646,-8.15257161513029,"CDV3_HUMAN",13,-0.144288118170662,0.889025322939261,0.924108329887167,-0.00455856249999975,"Non-significant",0.0342771150195745,"CDV3","CDV3_HUMAN"
-0.00311613250000065,10.34605836875,-0.120957710147679,0.907043262782001,0.935111015409673,-8.15769890666759,"DYST_HUMAN",277,-0.143229349652589,0.889833346789714,0.924623971744648,-0.00311613250000065,"Non-significant",0.0340348512597514,"DST","DYST_HUMAN"
-0.0968677994999991,7.02765977375,-0.139684597191886,0.892750594045993,0.925583610973392,-8.15492697104493,"PAGE4_HUMAN",3,-0.143217780143845,0.889842177095401,0.924623971744648,-0.0968677994999991,"Non-significant",0.0340348512597514,"PAGE4","PAGE4_HUMAN"
0.0168912409999997,8.87957656375,0.153168159175029,0.882485664657556,0.918556639589842,-8.15268587848966,"TF3C6_HUMAN",4,0.143206907429337,0.889850475595277,0.924623971744648,0.0168912409999997,"Non-significant",0.0340348512597514,"GTF3C6","TF3C6_HUMAN"
-0.0067956425000002,13.22733438125,-0.144415254231301,0.88914657202785,0.923090039814561,-8.15416405458201,"CATC_HUMAN",13,-0.142973590776641,0.890028555907958,0.924695020060172,-0.0067956425000002,"Non-significant",0.0340014812554066,"CTSC","CATC_HUMAN"
-0.0676480532500001,6.874682485875,-0.1392663240934,0.893069384404888,0.925712163910746,-8.15499321044326,"THRSP_HUMAN",5,-0.142798035609196,0.890162553846585,0.92472025713247,-0.0676480532500001,"Non-significant",0.0339896285132191,"THRSP","THRSP_HUMAN"
-0.0650100709999997,6.956946373,-0.137659745788937,0.89429404721545,0.926841820235956,-8.155245797652,"MAST4_HUMAN",15,-0.141665765464568,0.891026885109032,0.925504080663466,-0.0650100709999997,"Non-significant",0.0336216620480635,"MAST4","MAST4_HUMAN"
0.00371646750000032,11.04363465375,0.129933880844455,0.900187558462561,0.930885888704642,-8.15641973362463,"PLGT2_HUMAN",29,0.140814830793186,0.891676558805009,0.92606477503295,0.00371646750000032,"Non-significant",0.0333586348563985,"POGLUT2","PLGT2_HUMAN"
-0.00953388200000127,8.50367379175,-0.14283956345667,0.890346696185117,0.923719132531729,-8.15442097339116,"ENTP6_HUMAN",10,-0.140651362794677,0.891801373831566,0.926080298142943,-0.00953388200000127,"Non-significant",0.0333513550799818,"ENTPD6","ENTP6_HUMAN"
0.00380039500000073,10.4270074375,0.149848785960336,0.885010524936992,0.920048558793033,-8.15325662064214,"MFAP1_HUMAN",14,0.140431006883248,0.891969630413839,0.926140923227181,0.00380039500000073,"Non-significant",0.0333229252798531,"MFAP1","MFAP1_HUMAN"
0.00504493750000101,15.04628634375,0.199076428886037,0.847728586092333,0.892630137685481,-8.14352084701487,"GBG12_HUMAN",8,0.140215242824658,0.892134386501406,0.926187943416552,0.00504493750000101,"Non-significant",0.0333008767018124,"GNG12","GBG12_HUMAN"
0.101408005,7.8961224555,0.136084677327686,0.895494989553816,0.927858299563505,-8.15549060068876,"TGM3_HUMAN",27,0.14008390504845,0.892234677962084,0.926187943416552,0.101408005,"Non-significant",0.0333008767018124,"TGM3","TGM3_HUMAN"
-0.00480413500000054,14.3247861875,-0.133230330026037,0.897672086797811,0.929428573838441,-8.15592709211124,"PIR_HUMAN",22,-0.138754381896215,0.893250038349767,0.927127764222409,-0.00480413500000054,"Non-significant",0.0328604131334462,"PIR","PIR_HUMAN"
-0.00336766250000409,11.81142818875,-0.130471080131266,0.899777545270253,0.930885888704642,-8.1563402890094,"RIOK3_HUMAN",23,-0.13848958667236,0.893452288483146,0.927223508941694,-0.00336766250000409,"Non-significant",0.0328155657478453,"RIOK3","RIOK3_HUMAN"
-0.00524687749999941,15.11838305125,-0.150333084639582,0.884642056570826,0.92000590929494,-8.15317412316308,"CDC42_HUMAN",11,-0.137984948191236,0.893837753648185,0.927509346977785,-0.00524687749999941,"Non-significant",0.0326817050871261,"CDC42","CDC42_HUMAN"
0.0488342047499994,7.235183894625,0.134884975490848,0.896409922601905,0.928578006342811,-8.15567518250555,"SELM_HUMAN",4,0.137494449741338,0.894212447070045,0.927754708749921,0.0488342047499994,"Non-significant",0.032566832744291,"SELENOM","SELM_HUMAN"
-0.00203848000000306,15.7912421225,-0.105669992667992,0.918738681559373,0.943242029124895,-8.15966761141376,"AT2A2_HUMAN",57,-0.137387248862417,0.894294341985183,0.927754708749921,-0.00203848000000306,"Non-significant",0.032566832744291,"ATP2A2","AT2A2_HUMAN"
-0.0048432375000047,17.45152974125,-0.129353360263499,0.900630672867654,0.930885888704642,-8.15650521811571,"GRHPR_HUMAN",29,-0.137121348935563,0.894497479141434,0.927851249284167,-0.0048432375000047,"Non-significant",0.0325216431703304,"GRHPR","GRHPR_HUMAN"
-0.0042700774999993,12.20333790625,-0.134122881236442,0.896991208857334,0.928839464712396,-8.15579159098285,"KCC1D_HUMAN",18,-0.136400920658641,0.895047900167503,0.928307955027917,-0.0042700774999993,"Non-significant",0.0323079278942851,"CAMK1D","KCC1D_HUMAN"
0.020671367250003,9.132763624375,0.17055796526963,0.869282739926201,0.908868908743131,-8.14949295054598,"CLCKB_HUMAN",1,0.135927286856295,0.895409798766002,0.928569044512627,0.020671367250003,"Non-significant",0.0321857984013055,"CLCNKB","CLCKB_HUMAN"
0.00234222250000116,13.68307471125,0.130112841228846,0.900050964715888,0.930885888704642,-8.15639330400615,"DRG1_HUMAN",20,0.135314854766538,0.895877790653199,0.928909642410813,0.00234222250000116,"Non-significant",0.032026528967498,"DRG1","DRG1_HUMAN"
0.00367545999999841,11.3345952025,0.122470871692788,0.905886949402051,0.934376051946878,-8.15748965645918,"EPS8_HUMAN",41,0.135206595704933,0.895960521711276,0.928909642410813,0.00367545999999841,"Non-significant",0.032026528967498,"EPS8","EPS8_HUMAN"
-0.00935483249999969,10.38230359625,-0.186944175448541,0.856882297954605,0.899795800356219,-8.14617303393495,"TM181_HUMAN",4,-0.135064848988749,0.896068845941669,0.928909642410813,-0.00935483249999969,"Non-significant",0.032026528967498,"TMEM181","TM181_HUMAN"
0.00395250249999712,15.20433759625,0.141717287575646,0.891201664447813,0.924205072543137,-8.15460225326241,"GAMT_HUMAN",14,0.13482181184181,0.896254582759433,0.928987933851361,0.00395250249999712,"Non-significant",0.0319899267983962,"GAMT","GAMT_HUMAN"
-0.0075817074999982,10.17118930875,-0.129215136225903,0.900736185582519,0.930885888704642,-8.15652551612175,"S12A2_HUMAN",28,-0.134475380265282,0.89651934880497,0.929148111530443,-0.0075817074999982,"Non-significant",0.0319150514602908,"SLC12A2","S12A2_HUMAN"
0.0054733775000031,12.79989445375,0.157324300203555,0.879326380718642,0.916399859430938,-8.15195374724626,"SAP3_HUMAN",9,0.13429121112181,0.896660108781316,0.92915252659604,0.0054733775000031,"Non-significant",0.0319129878129063,"GM2A","SAP3_HUMAN"
-0.0075361717499991,9.942789435875,-0.127541176891774,0.902014164533978,0.931749680497169,-8.15676961978581,"CRBG3_HUMAN",68,-0.134127751049971,0.896785044162675,0.92915252659604,-0.0075361717499991,"Non-significant",0.0319129878129063,"CRYBG3","CRBG3_HUMAN"
-0.00312733750000049,11.29539811375,-0.125090417099285,0.903885747779551,0.933111202453623,-8.15712128416538,"MCMBP_HUMAN",24,-0.13403713186398,0.896854307318232,0.92915252659604,-0.00312733750000049,"Non-significant",0.0319129878129063,"MCMBP","MCMBP_HUMAN"
-0.00594925999999951,10.459344505,-0.129323697093999,0.900653315937771,0.930885888704642,-8.15650957593092,"ZCH18_HUMAN",21,-0.133724263259698,0.897093450141551,0.929286062583647,-0.00594925999999951,"Non-significant",0.0318505763423408,"ZC3H18","ZCH18_HUMAN"
0.0130493640000005,8.83641040325,0.129264994773916,0.900698126030726,0.930885888704642,-8.15651819695444,"ZFYV9_HUMAN",25,0.133422135062541,0.897324394196889,0.929411073812433,0.0130493640000005,"Non-significant",0.0317921572638836,"ZFYVE9","ZFYV9_HUMAN"
0.00496124999999736,12.2916039225,0.131219475558019,0.899206392741706,0.93067419995332,-8.15622906749304,"CPNE1_HUMAN",17,0.133015207936766,0.897635462209833,0.929619033169515,0.00496124999999736,"Non-significant",0.0316949930476848,"CPNE1","CPNE1_HUMAN"
0.0140005347500001,6.589320004125,0.140178701113895,0.892374035859436,0.925307017869256,-8.15484846823697,"ZN131_HUMAN",5,0.132646456775452,0.897917363722905,0.929796739412822,0.0140005347500001,"Non-significant",0.0316119811229277,"ZNF131","ZN131_HUMAN"
0.00219750499999982,15.48549521,0.130173097988851,0.900004973805217,0.930885888704642,-8.15638439688807,"MTND_HUMAN",19,0.132161494596167,0.898288129494664,0.930066409963213,0.00219750499999982,"Non-significant",0.03148604020859,"ADI1","MTND_HUMAN"
0.00208211499999855,14.2938963175,0.112590827932697,0.913441251372744,0.939638309472889,-8.15880915483924,"PAK2_HUMAN",28,0.131143873195383,0.899066213726903,0.930576600705107,0.00208211499999855,"Non-significant",0.0312478719751297,"PAK2","PAK2_HUMAN"
-0.00571179374999886,9.706193804875,-0.13178936682009,0.898771511876786,0.930452600541566,-8.15614394946847,"TMM59_HUMAN",14,-0.131100542010709,0.899099347824018,0.930576600705107,-0.00571179374999886,"Non-significant",0.0312478719751297,"TMEM59","TMM59_HUMAN"
0.00588655500000357,9.9934098715,0.128695169035681,0.901133119432731,0.930980575908133,-8.15660167910774,"TAGL_HUMAN",17,0.131083873895562,0.899112093503665,0.930576600705107,0.00588655500000357,"Non-significant",0.0312478719751297,"TAGLN","TAGL_HUMAN"
0.00385522750000078,12.20553207375,0.128933614412511,0.900951090650605,0.930980575908133,-8.15656679040576,"TOR1A_HUMAN",17,0.129533625928422,0.900297665244105,0.931689259710566,0.00385522750000078,"Non-significant",0.0307289109244203,"TOR1A","TOR1A_HUMAN"
-0.0221266747499982,7.922478556625,-0.125336386049934,0.903697877853384,0.933031530184489,-8.15708629626161,"DI3L1_HUMAN",19,-0.1289952716204,0.900709441559899,0.93200096770297,-0.0221266747499982,"Non-significant",0.0305836367148581,"DIS3L","DI3L1_HUMAN"
-0.00290060249999868,13.17437910875,-0.130302513854633,0.899906198663902,0.930885888704642,-8.15636525283799,"SIR5_HUMAN",17,-0.128484816532397,0.90109990815142,0.932290551836052,-0.00290060249999868,"Non-significant",0.0304487170515566,"SIRT5","SIR5_HUMAN"
0.00260782249999636,16.69900441125,0.121134821669136,0.906907906892769,0.935111015409673,-8.15767454836165,"GDAH_HUMAN",21,0.127354243783668,0.90196482921138,0.933070881863369,0.00260782249999636,"Non-significant",0.0300853632922552,"AGMAT","GDAH_HUMAN"
-0.00693416625000154,8.776661872875,-0.135146837023891,0.896210203764938,0.928485227081449,-8.15563503216234,"F10C1_HUMAN",9,-0.126526672787208,0.902598034327338,0.933611342661079,-0.00693416625000154,"Non-significant",0.0298338805860874,"FRA10AC1","F10C1_HUMAN"
-0.00305318750000083,18.41412997375,-0.113751676899054,0.912553152088701,0.939412618338503,-8.15865985056567,"LDHA_HUMAN",32,-0.125473363068672,0.903404068703053,0.934260989752569,-0.00305318750000083,"Non-significant",0.0295317848234393,"LDHA","LDHA_HUMAN"
-0.0108814237499999,8.297311305875,-0.12627213109832,0.902983220475022,0.932522122688552,-8.1569525656835,"WDR89_HUMAN",9,-0.125416248091872,0.903447778796202,0.934260989752569,-0.0108814237499999,"Non-significant",0.0295317848234393,"WDR89","WDR89_HUMAN"
0.0332119500000037,14.460464835,0.121034923139737,0.906984253040768,0.935111015409673,-8.15768829185982,"GLRX1_HUMAN",8,0.123985029236861,0.904543205647196,0.935250564770497,0.0332119500000037,"Non-significant",0.0290720208719264,"GLRX","GLRX1_HUMAN"
-0.00384569000000212,16.84358859,-0.118072049025078,0.909249064484415,0.937155828385808,-8.15809077333974,"HMGCL_HUMAN",23,-0.123876045290171,0.904626628849669,0.935250564770497,-0.00384569000000212,"Non-significant",0.0290720208719264,"HMGCL","HMGCL_HUMAN"
-0.00701427500000307,10.3281981925,-0.151409889828283,0.883822901535724,0.919721387289459,-8.15298974773708,"BORC8_HUMAN",6,-0.122610149326442,0.905595718550226,0.93613763939905,-0.00701427500000307,"Non-significant",0.0286602926754858,"BORCS8","BORC8_HUMAN"
0.00662541249999826,13.11786997375,0.184105241154991,0.859027713388619,0.901038401711383,-8.14676981108239,"ST1A2_HUMAN",5,0.122032566709636,0.906037935729202,0.936415672090163,0.00662541249999826,"Non-significant",0.0285313264520029,"SULT1A2","ST1A2_HUMAN"
0.00362015250000169,11.82202172375,0.123058149400605,0.905438234579576,0.934141845688035,-8.15740774590072,"PI42C_HUMAN",16,0.121968657059777,0.906086869328197,0.936415672090163,0.00362015250000169,"Non-significant",0.0285313264520029,"PIP4K2C","PI42C_HUMAN"
0.00632500750000276,11.28531396375,0.117574042930319,0.909629827811585,0.937298938938961,-8.15815744792611,"TTPAL_HUMAN",19,0.120856037771252,0.906938835589888,0.937069146400776,0.00632500750000276,"Non-significant",0.0282283613082526,"TTPAL","TTPAL_HUMAN"
-0.003997325750003,8.887559413875,-0.146291496670492,0.887717937729514,0.921839903550828,-8.15385447557027,"PMF1_HUMAN",10,-0.120821102954514,0.906965588337658,0.937069146400776,-0.003997325750003,"Non-significant",0.0282283613082526,"PMF1","PMF1_HUMAN"
0.00330400499999506,15.9208905675,0.116783589660126,0.910234241142209,0.937712590880919,-8.15826269981135,"SPRY4_HUMAN",20,0.120707356820181,0.907052694920386,0.937069146400776,0.00330400499999506,"Non-significant",0.0282283613082526,"SPRYD4","SPRY4_HUMAN"
0.0025138850000026,15.544361115,0.105215235726923,0.919086924644283,0.943373561596037,-8.15972211914702,"MCCB_HUMAN",37,0.120362640295823,0.907316686452169,0.937227003689379,0.0025138850000026,"Non-significant",0.028155206860886,"MCCC2","MCCB_HUMAN"
-0.00590705500000333,11.4672429575,-0.131252708982136,0.899181031483334,0.93067419995332,-8.15622411388283,"TXN4A_HUMAN",9,-0.119818519116582,0.907733411636773,0.937542571582694,-0.00590705500000333,"Non-significant",0.0280090028709831,"TXNL4A","TXN4A_HUMAN"
0.00878643975000237,8.954147458125,0.123825001003192,0.904852370235773,0.933765992742083,-8.1573002018883,"CASP9_HUMAN",8,0.119119802873308,0.908268581270866,0.937980381221775,0.00878643975000237,"Non-significant",0.0278062452203274,"CASP9","CASP9_HUMAN"
-0.00551867250000271,13.87876689375,-0.177235712525451,0.864224321853944,0.904800249522654,-8.1481764279983,"PIN4_HUMAN",6,-0.118681414329702,0.908604383105866,0.938212219184043,-0.00551867250000271,"Non-significant",0.0276989151432347,"PIN4","PIN4_HUMAN"
-0.00321674499999958,11.22503829,-0.117454133562242,0.909721511384463,0.937298938938961,-8.15817345982638,"MPP10_HUMAN",17,-0.117467897528683,0.909534029186472,0.939057120530717,-0.00321674499999958,"Non-significant",0.0273079898672222,"MPHOSPH10","MPP10_HUMAN"
0.0699406862499981,6.767549574375,0.113960098513344,0.91239371469186,0.93936321254888,-8.15863288253301,"CLCN6_HUMAN",10,0.117237550451373,0.909710509501727,0.93912429694918,0.0699406862499981,"Non-significant",0.0272769232752589,"CLCN6","CLCN6_HUMAN"
0.0103001599999963,10.51662016,0.154537856994994,0.881444235698538,0.918152924209464,-8.15244674819553,"SSXT_HUMAN",3,0.116868218308269,0.909993484397157,0.939186323077047,0.0103001599999963,"Non-significant",0.0272482404740341,"SS18","SSXT_HUMAN"
-0.00583792000000116,14.75016904,-0.142620065766628,0.890513900931644,0.923719132531729,-8.15445654043783,"FIS1_HUMAN",7,-0.116804703200176,0.91004214979319,0.939186323077047,-0.00583792000000116,"Non-significant",0.0272482404740341,"FIS1","FIS1_HUMAN"
0.00399136499999919,11.8318575625,0.110882936746461,0.914748101077025,0.94075301903102,-8.15902604339347,"TBG1_HUMAN",25,0.116680419333548,0.910137377506573,0.939186323077047,0.00399136499999919,"Non-significant",0.0272482404740341,"TUBG1","TBG1_HUMAN"
-0.00813197975000257,10.127986907625,-0.112721084235456,0.913341593109298,0.939638309472889,-8.15879247774584,"CHIO_HUMAN",23,-0.116471869066691,0.910297174599047,0.939186323077047,-0.00813197975000257,"Non-significant",0.0272482404740341,"CHN2","CHIO_HUMAN"
-0.00380397000000343,14.7350469825,-0.110095300902242,0.915350881936015,0.941258092453174,-8.15912495372924,"COR1B_HUMAN",26,-0.116432019388384,0.910327709044902,0.939186323077047,-0.00380397000000343,"Non-significant",0.0272482404740341,"CORO1B","COR1B_HUMAN"
-0.0206735150000021,11.1349779375,-0.113407793113542,0.912816224102126,0.939435896393252,-8.15870423874827,"HBB_HUMAN",10,-0.116014435695203,0.910647688285601,0.939401464271121,-0.0206735150000021,"Non-significant",0.0271487672053861,"HBB","HBB_HUMAN"
-0.00427866000000066,16.4199440475,-0.113285053488936,0.912910123070012,0.939435896393252,-8.15872004943118,"LRC59_HUMAN",18,-0.11560858562807,0.910958693254376,0.939500987136234,-0.00427866000000066,"Non-significant",0.0271027592488263,"LRRC59","LRC59_HUMAN"
0.00473093999999996,10.54734409,0.221845649216023,0.830618010447453,0.880110522949288,-8.13809868760235,"IL1RA_HUMAN",6,0.115547650456716,0.911005389610463,0.939500987136234,0.00473093999999996,"Non-significant",0.0271027592488263,"IL1RN","IL1RA_HUMAN"
0.00736689500000054,12.1804794075,0.114445453008211,0.912022447174796,0.939095676427603,-8.15856989103385,"HDHD2_HUMAN",13,0.115332262423638,0.911170450565601,0.939500987136234,0.00736689500000054,"Non-significant",0.0271027592488263,"HDHD2","HDHD2_HUMAN"
-0.00596952250000093,10.46755266125,-0.129626333243762,0.90042230643802,0.930885888704642,-8.15646506896627,"ADSSP_HUMAN",8,-0.115095209695596,0.911352119446064,0.939500987136234,-0.00596952250000093,"Non-significant",0.0271027592488263,"ADISSP","ADSSP_HUMAN"
-0.0599335429999996,8.32575958975,-0.112935603470127,0.913177469444353,0.939596300042292,-8.15876497034494,"NPAL2_HUMAN",2,-0.115049445115928,0.911387192456864,0.939500987136234,-0.0599335429999996,"Non-significant",0.0271027592488263,"NIPAL2","NPAL2_HUMAN"
-0.0120100982500002,9.858970879875,-0.126780352953169,0.902595115938839,0.932235538812459,-8.15687951895286,"MBNL3_HUMAN",4,-0.115015864324035,0.911412928201802,0.939500987136234,-0.0120100982500002,"Non-significant",0.0271027592488263,"MBNL3","MBNL3_HUMAN"
0.00583672250000333,12.39243924625,0.154865083270369,0.881195471126446,0.918007245844124,-8.15238930604805,"SAA4_HUMAN",6,0.11473621339157,0.911627252254542,0.939607007734597,0.00583672250000333,"Non-significant",0.0270537528468404,"SAA4","SAA4_HUMAN"
0.00493288050000196,9.04464292525,0.111975946556778,0.913911715591491,0.940007547372871,-8.15888762045086,"KLDC2_HUMAN",18,0.114531623489285,0.911784054568577,0.939653722454889,0.00493288050000196,"Non-significant",0.0270321614360002,"KLHDC2","KLDC2_HUMAN"
-0.00986480700000136,9.191614151,-0.113380388941761,0.912837188869126,0.939435896393252,-8.15870777029104,"PXL2B_HUMAN",11,-0.114358838776256,0.911916483901577,0.939675310856527,-0.00986480700000136,"Non-significant",0.0270221837008206,"PRXL2B","PXL2B_HUMAN"
0.00309800749999845,15.88268875875,0.115715106227037,0.911051348639913,0.938439669764857,-8.15840384822724,"FAHD1_HUMAN",16,0.113834462227438,0.912318405803977,0.939974555986032,0.00309800749999845,"Non-significant",0.026883902085855,"FAHD1","FAHD1_HUMAN"
-0.00367951249999621,14.63998592125,-0.124180273911059,0.904580967912368,0.933600217770706,-8.15725015258031,"MSRA_HUMAN",12,-0.113334631634111,0.912701539058522,0.940089341318187,-0.00367951249999621,"Non-significant",0.0268308712963251,"MSRA","MSRA_HUMAN"
-0.00666928249999899,11.06956517875,-0.119313381424063,0.908300083025998,0.936292209835653,-8.15792335804823,"SATT_HUMAN",9,-0.113253749941204,0.912763539304329,0.940089341318187,-0.00666928249999899,"Non-significant",0.0268308712963251,"SLC1A4","SATT_HUMAN"
-0.00968361000000151,11.4387500275,-0.15380534911194,0.882001155954816,0.918279118520646,-8.15257489701983,"MP3B2_HUMAN;MLP3B_HUMAN",3,-0.113212570879941,0.912795105555804,0.940089341318187,-0.00968361000000151,"Non-significant",0.0268308712963251,"MAP1LC3B2;MAP1LC3B","MP3B2_HUMAN;MLP3B_HUMAN"
-0.00391244999999962,11.392300605,-0.10889100528228,0.916272649004131,0.941379328137396,-8.15927482900802,"MAEA_HUMAN",21,-0.112927452909722,0.913013670353848,0.940089341318187,-0.00391244999999962,"Non-significant",0.0268308712963251,"MAEA","MAEA_HUMAN"
-0.00496530525000161,9.977181195625,-0.109523770958945,0.91578831333588,0.941306511844246,-8.15919628579469,"THNS2_HUMAN",20,-0.112917056208698,0.913021640373156,0.940089341318187,-0.00496530525000161,"Non-significant",0.0268308712963251,"THNSL2","THNS2_HUMAN"
0.00455689249999836,14.15026438125,0.125638272402601,0.903467307480462,0.932907746508981,-8.15704326084364,"GSTT2_HUMAN",10,0.112816148332012,0.91309899601044,0.940089341318187,0.00455689249999836,"Non-significant",0.0268308712963251,"GSTT2B","GSTT2_HUMAN"
0.243793845250002,11.971100150625,0.109450143682706,0.91584466765152,0.941306511844246,-8.15920544823503,"MOT12_HUMAN",2,0.112592752560761,0.913270253991659,0.940150826929128,0.243793845250002,"Non-significant",0.0268024676253383,"SLC16A12","MOT12_HUMAN"
-0.00351906250000233,13.70277714875,-0.104298037038777,0.919789353263668,0.943859848707695,-8.15983134270129,"RBM47_HUMAN",29,-0.111344956060355,0.914226919569566,0.941020723537901,-0.00351906250000233,"Non-significant",0.0264008122591902,"RBM47","RBM47_HUMAN"
-0.01182520375,7.477409541875,-0.108283166469817,0.916737940739854,0.941650512124815,-8.15934985098594,"TRM13_HUMAN",10,-0.109576747240556,0.915582833715894,0.942301307129581,-0.01182520375,"Non-significant",0.0258102064423013,"TRMT13","TRM13_HUMAN"
0.00238895500000069,16.1567258825,0.100526554016616,0.922678506950259,0.945897227944177,-8.16027044405374,"ENTP5_HUMAN",25,0.109013055478829,0.916015151640856,0.942631145547646,0.00238895500000069,"Non-significant",0.025658214782182,"ENTPD5","ENTP5_HUMAN"
0.00539946749999842,12.31542694625,0.124269540506973,0.904512776949164,0.933600217770706,-8.15723755464469,"LSM12_HUMAN",8,0.10863738754515,0.916303283192832,0.94281254565825,0.00539946749999842,"Non-significant",0.0255746471130312,"LSM12","LSM12_HUMAN"
0.00990104675000225,9.159197807125,0.106408659820208,0.918173066751846,0.942779970721319,-8.15957857437089,"EXOG_HUMAN",13,0.10841200863997,0.916476151740883,0.942875318323436,0.00990104675000225,"Non-significant",0.0255457326541375,"EXOG","EXOG_HUMAN"
-0.00756764375000074,9.752130150625,-0.121719875469355,0.906460808276802,0.934853560866899,-8.15759383311191,"VP37C_HUMAN",6,-0.108159043676195,0.916670184837972,0.942959847205183,-0.00756764375000074,"Non-significant",0.0255067998485563,"VPS37C","VP37C_HUMAN"
-0.0054676550000039,15.9132455575,-0.179045904690672,0.862854253698712,0.903915599127151,-8.14781091298648,"NDKA_HUMAN",5,-0.107116668205742,0.917469786915859,0.943667215852809,-0.0054676550000039,"Non-significant",0.025181132608065,"NME1","NDKA_HUMAN"
0.00230360000000118,13.4847612375,0.100394051373361,0.922780033857512,0.945897227944177,-8.16028557770481,"TM9S4_HUMAN",22,0.106428470111747,0.917997756285606,0.94409505706825,0.00230360000000118,"Non-significant",0.0249842761660826,"TM9SF4","TM9S4_HUMAN"
0.00842976750000091,12.33276998875,0.156664536567369,0.879827743966607,0.916809006539069,-8.15207126878812,"YIPF4_HUMAN",3,0.106141829756829,0.918217672920986,0.944206022331462,0.00842976750000091,"Non-significant",0.0249332338804248,"YIPF4","YIPF4_HUMAN"
0.00500106750000384,15.94481945125,0.123596815526761,0.905026694288,0.933831559083554,-8.157332272366,"TBA3C_HUMAN;TBA3D_HUMAN",8,0.105815674077073,0.918467915756307,0.944348141242975,0.00500106750000384,"Non-significant",0.0248678701642535,"TUBA3C;TUBA3D","TBA3C_HUMAN;TBA3D_HUMAN"
0.00530052324999808,10.003284216875,0.101546157157865,0.9218973126233,0.945337280790972,-8.16015332528693,"TNIP1_HUMAN",21,0.104894297514369,0.919174894238987,0.944959773574878,0.00530052324999808,"Non-significant",0.0245866787778256,"TNIP1","TNIP1_HUMAN"
-0.00171923749999969,14.73790562125,-0.0841403000861994,0.935245112694354,0.95449582938621,-8.16199094171191,"AFG32_HUMAN",47,-0.103962195230072,0.919890181201697,0.945579797237695,-0.00171923749999969,"Non-significant",0.024301815271954,"AFG3L2","AFG32_HUMAN"
-0.00501919000000051,11.0540041925,-0.0992140770538385,0.923684227841732,0.946598919391139,-8.16041946932776,"COG8_HUMAN",28,-0.103651733120763,0.920128444473158,0.945709384034172,-0.00501919000000051,"Non-significant",0.0242423015484231,"COG8","COG8_HUMAN"
-0.0332224367500018,7.855680942625,-0.100630113065197,0.922599158435136,0.945897227944177,-8.16025860230767,"TESK2_HUMAN",10,-0.103385216237749,0.92033298901671,0.945793622596364,-0.0332224367500018,"Non-significant",0.0242036187204085,"TESK2","TESK2_HUMAN"
-0.00666618500000027,10.201258895,-0.107204005891902,0.917564108115863,0.942269477011283,-8.15948201415059,"STX10_HUMAN",9,-0.103252537676797,0.920434818621185,0.945793622596364,-0.00666618500000027,"Non-significant",0.0242036187204085,"STX10","STX10_HUMAN"
-0.0520941019999999,7.9436151385,-0.101880766558971,0.921640963311716,0.945189400140462,-8.16011463286316,"ASTER_HUMAN",1,-0.1029537299207,0.920664156661289,0.945913965931009,-0.0520941019999999,"Non-significant",0.0241483623514454,"WDR83OS","ASTER_HUMAN"
-0.0069823264999993,9.5099253655,-0.0991034340937283,0.92376901783386,0.946598919391139,-8.16043194302696,"NHSL1_HUMAN",25,-0.102589089584061,0.920944032685656,0.945977996828553,-0.0069823264999993,"Non-significant",0.0241189650433194,"NHSL1","NHSL1_HUMAN"
0.00385665999999851,13.71182704,0.101998702826236,0.921550612925788,0.945189400140462,-8.16010096509979,"PURA_HUMAN",16,0.102580095325043,0.920950936288422,0.945977996828553,0.00385665999999851,"Non-significant",0.0241189650433194,"PURA","PURA_HUMAN"
0.00435686249999989,10.11671328375,0.0956163747054209,0.926441822698111,0.948382089327468,-8.16081795529144,"ZZEF1_HUMAN",100,0.102383489047825,0.921101844528956,0.946017722375358,0.00435686249999989,"Non-significant",0.0241007275963785,"ZZEF1","ZZEF1_HUMAN"
-0.00519013249999922,11.87297856625,-0.122705285084949,0.905707839328113,0.934305639174723,-8.1574570084418,"UBE2H_HUMAN",7,-0.101685572511194,0.921637569020252,0.946452615652011,-0.00519013249999922,"Non-significant",0.0239011241999115,"UBE2H","UBE2H_HUMAN"
-0.00417995249999947,13.83787822625,-0.144239752821919,0.889280227304091,0.923090039814561,-8.15419280903746,"NDUB5_HUMAN",7,-0.101105199311738,0.922083099345661,0.946794791617076,-0.00417995249999947,"Non-significant",0.0237441398200411,"NDUFB5","NDUB5_HUMAN"
0.00681591150000038,9.95166492475,0.109728584998732,0.915631551394345,0.941306511844246,-8.1591707657054,"RARR2_HUMAN",7,0.100953908866848,0.922199244099769,0.946798712365037,0.00681591150000038,"Non-significant",0.023742341377872,"RARRES2","RARR2_HUMAN"
0.0125453474999997,8.518282056,0.103282140941671,0.920567457639986,0.944433191388442,-8.15995120668381,"RRP36_HUMAN",5,0.100279979236319,0.922716640089685,0.94721453651394,0.0125453474999997,"Non-significant",0.0235516456302904,"RRP36","RRP36_HUMAN"
0.00352740750000002,11.63852345875,0.143675682682409,0.889709827927762,0.923339588722372,-8.15428499184662,"HINT3_HUMAN",8,0.0994788985138559,0.923331705168312,0.947730509359925,0.00352740750000002,"Non-significant",0.023315138333312,"HINT3","HINT3_HUMAN"
-0.00379514750000531,10.91851448875,-0.130490312757133,0.899762866722495,0.930885888704642,-8.15633743871151,"NFYC_HUMAN",8,-0.098424964250794,0.924140994022607,0.948322874143611,-0.00379514750000531,"Non-significant",0.0230437738586224,"NFYC","NFYC_HUMAN"
-0.00187349249999968,14.68453383375,-0.087823444244253,0.932418657373117,0.952418427411294,-8.1616307667943,"EIF3G_HUMAN",27,-0.0981713034854526,0.924335787765791,0.948322874143611,-0.00187349249999968,"Non-significant",0.0230437738586224,"EIF3G","EIF3G_HUMAN"
-0.00710963999999947,13.3637166025,-0.109093682840229,0.916117510071129,0.941357368327385,-8.15924972065473,"MIC26_HUMAN",6,-0.0980687016866611,0.92441458033592,0.948322874143611,-0.00710963999999947,"Non-significant",0.0230437738586224,"APOO","MIC26_HUMAN"
-0.0381392237499991,7.905629932875,-0.0960293820223125,0.926125202024557,0.948173123753794,-8.16077295589095,"NAA60_HUMAN",4,-0.0980471593671254,0.924431123773007,0.948322874143611,-0.0381392237499991,"Non-significant",0.0230437738586224,"NAA60","NAA60_HUMAN"
-0.00301909250000421,14.73994505625,-0.114781543539709,0.911765371510062,0.938945670917326,-8.15852611538498,"ARPC5_HUMAN",11,-0.0979947709450789,0.924471355657617,0.948322874143611,-0.00301909250000421,"Non-significant",0.0230437738586224,"ARPC5","ARPC5_HUMAN"
-0.00240540500000108,11.333310725,-0.0856457638650302,0.934089692548753,0.953663035185736,-8.16184558280802,"ERBIN_HUMAN",64,-0.0975202724706804,0.924835759151877,0.948561324981049,-0.00240540500000108,"Non-significant",0.022934586504436,"ERBIN","ERBIN_HUMAN"
0.0682883260000011,7.77158164975,0.0948036816025707,0.927064892949796,0.948585526831945,-8.16090593775431,"TMM47_HUMAN",3,0.0972294315454083,0.925059127461698,0.948561324981049,0.0682883260000011,"Non-significant",0.022934586504436,"TMEM47","TMM47_HUMAN"
0.00696754450000014,8.47048139575,0.0972031173501263,0.925225468405637,0.947482137430581,-8.16064401494123,"KPTN_HUMAN",11,0.0971312095009852,0.925134564442693,0.948561324981049,0.00696754450000014,"Non-significant",0.022934586504436,"KPTN","KPTN_HUMAN"
-0.037918448500001,6.5106239915,-0.0947277808906197,0.927123086809508,0.948585526831945,-8.16091411654574,"YAE1_HUMAN",6,-0.0971059676268976,0.925153950963247,0.948561324981049,-0.037918448500001,"Non-significant",0.022934586504436,"YAE1","YAE1_HUMAN"
0.00794649124999935,9.521348953375,0.0990610688156127,0.923801484269962,0.946598919391139,-8.16043671554149,"SP1_HUMAN",8,0.096636109118107,0.925514826257362,0.948815917115459,0.00794649124999935,"Non-significant",0.0228180382953393,"SP1","SP1_HUMAN"
0.00307035249999998,13.02477073625,0.096599712794949,0.925687997164231,0.947840637523968,-8.16071049721924,"UBA5_HUMAN",16,0.0962479935934693,0.925812932742051,0.949006106054086,0.00307035249999998,"Non-significant",0.0227309932449259,"UBA5","UBA5_HUMAN"
0.00641441249999808,10.69046568875,0.109890657596865,0.915507506023584,0.941304314256256,-8.15915053757494,"ZFAN6_HUMAN",6,0.0960165396432569,0.925990715503857,0.949072925703065,0.00641441249999808,"Non-significant",0.0227004155878728,"ZFAND6","ZFAN6_HUMAN"
0.0021886825000017,16.12199401875,0.087394270673678,0.932747953667956,0.952523927970342,-8.16167352819709,"NHRF1_HUMAN",27,0.0953726797950807,0.926485296005943,0.949419107669429,0.0021886825000017,"Non-significant",0.0225420320742738,"NHERF1","NHRF1_HUMAN"
0.00779724075000132,8.162810564125,0.0977287581915495,0.924822573155061,0.947184625652978,-8.16058576405761,"TSAP1_HUMAN",8,0.0952835646097512,0.926553752484129,0.949419107669429,0.00779724075000132,"Non-significant",0.0225420320742738,"TRNAU1AP","TSAP1_HUMAN"
0.00861144050000107,8.2217537165,0.0930665133875811,0.928396916364755,0.949576217454013,-8.16109149211715,"HCLS1_HUMAN",12,0.0944869558128015,0.927165720321244,0.949930698503436,0.00861144050000107,"Non-significant",0.0223080771905002,"HCLS1","HCLS1_HUMAN"
0.00574564649999942,10.0732523215,0.0986577515481038,0.924110572357783,0.946794562113654,-8.16048204795366,"TIA1_HUMAN",9,0.0942039174759402,0.927383167534164,0.94997120266154,0.00574564649999942,"Non-significant",0.0222895596740421,"TIA1","TIA1_HUMAN"
0.00658917450000018,9.57301986225,0.0985187950849523,0.924217066920292,0.946794562113654,-8.16049762378554,"PAQR2_HUMAN",8,0.0940309422428769,0.92751606082433,0.94997120266154,0.00658917450000018,"Non-significant",0.0222895596740421,"ADIPOR2","PAQR2_HUMAN"
0.00394034250000175,11.02830088125,0.108773953288939,0.916362247878436,0.941379328137396,-8.15928930858981,"MPH6_HUMAN",9,0.0939954072147917,0.927543361953313,0.94997120266154,0.00394034250000175,"Non-significant",0.0222895596740421,"MPHOSPH6","MPH6_HUMAN"
-0.00221061750000118,10.22651791625,-0.0892215140762946,0.931346044679688,0.951784167144167,-8.16149001834325,"MTMR9_HUMAN",21,-0.0933093852097754,0.928070444454449,0.950395550517136,-0.00221061750000118,"Non-significant",0.0220956056019162,"MTMR9","MTMR9_HUMAN"
0.0078451627499998,9.938898444125,0.0946232331638322,0.92720324541089,0.948585526831945,-8.16092537153884,"DTD1_HUMAN",8,0.092608490995636,0.928608992913482,0.950753752318642,0.0078451627499998,"Non-significant",0.0219319518926462,"DTD1","DTD1_HUMAN"
-0.00630259499999752,11.3463863125,-0.104682547575812,0.919494869875802,0.94367737223708,-8.15978566976777,"CHCH7_HUMAN",6,-0.0922432799191361,0.928889627061268,0.950753752318642,-0.00630259499999752,"Non-significant",0.0219319518926462,"CHCHD7","CHCH7_HUMAN"
0.00206160749999995,15.62535870125,0.0829601585764644,0.93615096967673,0.954797488271268,-8.1621030905352,"TRXR2_HUMAN",30,0.0919396668293054,0.929122936447911,0.950753752318642,0.00206160749999995,"Non-significant",0.0219319518926462,"TXNRD2","TRXR2_HUMAN"
0.00622749249999899,13.07250571125,0.0947995933677304,0.92706802742953,0.948585526831945,-8.16090637845449,"TTC33_HUMAN",9,0.0919019339418634,0.929151932540024,0.950753752318642,0.00622749249999899,"Non-significant",0.0219319518926462,"TTC33","TTC33_HUMAN"
0.00264501000000195,15.0998027325,0.0850270663001619,0.934564512997429,0.954032249007548,-8.16190563205209,"SUOX_HUMAN",31,0.0918525626821909,0.929189872389493,0.950753752318642,0.00264501000000195,"Non-significant",0.0219319518926462,"SUOX","SUOX_HUMAN"
0.0389623640000005,6.81446743,0.089821586694663,0.930885709730615,0.951429082977974,-8.16142892669334,"RTN2_HUMAN",4,0.0918284088122445,0.929208433748752,0.950753752318642,0.0389623640000005,"Non-significant",0.0219319518926462,"RTN2","RTN2_HUMAN"
-0.00484180249999611,10.82306694875,-0.144135197583652,0.889359854470762,0.923090039814561,-8.1542099230251,"PSMG3_HUMAN",5,-0.0916594455561497,0.929338277087348,0.950753752318642,-0.00484180249999611,"Non-significant",0.0219319518926462,"PSMG3","PSMG3_HUMAN"
0.0169458399999964,15.9951090825,0.0898952194832449,0.930829225598525,0.951429082977974,-8.16142140220902,"ATP5J_HUMAN",8,0.0915959946884498,0.929387037817454,0.950753752318642,0.0169458399999964,"Non-significant",0.0219319518926462,"ATP5PF","ATP5J_HUMAN"
0.0080085995000001,7.394884646,0.107673531698686,0.917204642248722,0.942015100464783,-8.15942467418827,"ING1_HUMAN",4,0.0915330732700906,0.929435391992598,0.950753752318642,0.0080085995000001,"Non-significant",0.0219319518926462,"ING1","ING1_HUMAN"
0.0683892960000003,7.356795013,0.0882671809641474,0.932078201919599,0.95234152603741,-8.16158633458318,"HDAC4_HUMAN",11,0.0908317578795029,0.929974363708905,0.951089806304322,0.0683892960000003,"Non-significant",0.0217784730300346,"HDAC4","HDAC4_HUMAN"
-0.00521159499999868,10.9861866225,-0.09140799766196,0.929668859502467,0.950555678850219,-8.1612654509579,"SCAM1_HUMAN",12,-0.0908119569029998,0.929989581630113,0.951089806304322,-0.00521159499999868,"Non-significant",0.0217784730300346,"SCAMP1","SCAM1_HUMAN"
0.00305080249999889,13.50260376875,0.0952704974119427,0.92670699093998,0.94853833960329,-8.16085549166223,"SPS1_HUMAN",13,0.0904723333291613,0.930250602091331,0.951241335075558,0.00305080249999889,"Non-significant",0.0217092862224329,"SEPHS1","SPS1_HUMAN"
0.00366973999999942,13.7603216175,0.105528705729344,0.918846874023552,0.943242029124895,-8.15968457133688,"PFD2_HUMAN",9,0.0900661305196911,0.930562804469027,0.951425098618144,0.00366973999999942,"Non-significant",0.0216253960655933,"PFDN2","PFD2_HUMAN"
-0.130463602000003,8.51159906375,-0.0874014686173246,0.932742430713692,0.952523927970342,-8.16167281274182,"CDSN_HUMAN",7,-0.0899447988249919,0.930656060992597,0.951425098618144,-0.130463602000003,"Non-significant",0.0216253960655933,"CDSN","CDSN_HUMAN"
0.00314831499999713,10.687274575,0.12866106467793,0.901159155158911,0.930980575908133,-8.15660666391319,"MED20_HUMAN",8,0.0889210305714731,0.931442983221204,0.952114104483571,0.00314831499999713,"Non-significant",0.0213110012184217,"MED20","MED20_HUMAN"
0.0490386484999998,7.10733914375,0.0859253415874729,0.933875139554612,0.953559485318695,-8.16181830516683,"RGMC_HUMAN",5,0.0881978382883057,0.931998915782785,0.952566855963756,0.0490386484999998,"Non-significant",0.0211045335975399,"HJV","RGMC_HUMAN"
-0.00270605249999889,14.33139419375,-0.0943073091578768,0.927445475444115,0.948718193266802,-8.16095930672279,"SUMF2_HUMAN",13,-0.0879651927091662,0.932177763690827,0.952629102594921,-0.00270605249999889,"Non-significant",0.021076155027535,"SUMF2","SUMF2_HUMAN"
-0.00425934499999769,12.0026356,-0.109216650024614,0.916023387107509,0.941357368327385,-8.15923446439928,"PP14B_HUMAN",7,-0.0878245907040129,0.932285854467375,0.952629102594921,-0.00425934499999769,"Non-significant",0.021076155027535,"PPP1R14B","PP14B_HUMAN"
-0.0017509424999993,11.93659067125,-0.0732894719594494,0.943577702588743,0.9594892837013,-8.16296252152497,"RB6I2_HUMAN",66,-0.0873915592895484,0.932618766029899,0.952853767135275,-0.0017509424999993,"Non-significant",0.0209737446913865,"ERC1","RB6I2_HUMAN"
-0.00217414000000105,15.586149335,-0.083808125666776,0.935500073958779,0.954515556794551,-8.16202266811478,"GLOD4_HUMAN",20,-0.0866923120096313,0.933156372549135,0.953287488088311,-0.00217414000000105,"Non-significant",0.020776107061621,"GLOD4","GLOD4_HUMAN"
-0.0210981367499983,7.195723652875,-0.0836297513191088,0.935636988949153,0.954515556794551,-8.16203965318755,"NR1H4_HUMAN",10,-0.0858040619926241,0.933839344274179,0.953869587116706,-0.0210981367499983,"Non-significant",0.0205109979029787,"NR1H4","NR1H4_HUMAN"
-0.00352740500000159,11.1960788975,-0.0913767211767632,0.92969284807702,0.950555678850219,-8.16126870151501,"T22D2_HUMAN",11,-0.0854848861964653,0.934084771613137,0.954004669808207,-0.00352740500000159,"Non-significant",0.0204494994395398,"TSC22D2","T22D2_HUMAN"
-0.0150468332500022,10.062214493875,-0.0914887118941696,0.929606953310518,0.950555678850219,-8.16125705722071,"SRALN_HUMAN",2,-0.0853311872974158,0.934202959692345,0.954009782801887,-0.0150468332500022,"Non-significant",0.0204471718419285,"ARLN","SRALN_HUMAN"
0.0049691205000002,8.8441729545,0.0823739007672965,0.936601009037384,0.955070155477391,-8.16215821480693,"SESN1_HUMAN",17,0.084276275595954,0.935014190165423,0.954722544991441,0.0049691205000002,"Non-significant",0.0201228218052958,"SESN1","SESN1_HUMAN"
-0.00208949999999852,15.23398328,-0.0739427533621743,0.943075808790431,0.959284475894302,-8.16290780976309,"PSMD2_HUMAN",64,-0.0840800685909359,0.935165083003455,0.954759040320189,-0.00208949999999852,"Non-significant",0.0201062207340791,"PSMD2","PSMD2_HUMAN"
-0.0756903887499991,7.966093480625,-0.0818244609569243,0.937022807614154,0.955269139499239,-8.16220952297433,"S35E3_HUMAN",2,-0.0839352289808227,0.935276473593997,0.954759040320189,-0.0756903887499991,"Non-significant",0.0201062207340791,"SLC35E3","S35E3_HUMAN"
0.0473337172500035,8.026213288125,0.0814641982283562,0.93729938886362,0.9554355482805,-8.16224297923721,"MCLN1_HUMAN",4,0.0835346177819492,0.935584576271693,0.954799803262206,0.0473337172500035,"Non-significant",0.0200876791522406,"MCOLN1","MCLN1_HUMAN"
-0.00403428075000001,9.552436709375,-0.10415797461612,0.919896625594224,0.943859848707695,-8.15984793796254,"MED22_HUMAN",7,-0.0835321228196554,0.935586495137718,0.954799803262206,-0.00403428075000001,"Non-significant",0.0200876791522406,"MED22","MED22_HUMAN"
0.0020985575000001,11.03421258875,0.0757803933183161,0.941664161559028,0.958262370853682,-8.16275130928827,"ELMO1_HUMAN",33,0.0834414501420591,0.935656231456379,0.954799803262206,0.0020985575000001,"Non-significant",0.0200876791522406,"ELMO1","ELMO1_HUMAN"
0.00539064499999498,10.9091501225,0.0847337952363992,0.934789594296108,0.954146462862908,-8.16193394442276,"RM21_HUMAN",10,0.0830814535183449,0.935933110589269,0.954869598085802,0.00539064499999498,"Non-significant",0.0200559338598406,"MRPL21","RM21_HUMAN"
0.00153278999999884,11.742622735,0.0716578391050802,0.944831349381915,0.959978717929142,-8.1630970518544,"GIT2_HUMAN",33,0.0830579412021188,0.935951194612041,0.954869598085802,0.00153278999999884,"Non-significant",0.0200559338598406,"GIT2","GIT2_HUMAN"
-0.00468730949999951,9.932742119,-0.0801471077112642,0.938310625204748,0.955888356278804,-8.16236403839747,"UBXN7_HUMAN",20,-0.0825771118620153,0.936321023521139,0.954932056669256,-0.00468730949999951,"Non-significant",0.0200275273307296,"UBXN7","UBXN7_HUMAN"
0.00142741000000157,14.6205476525,0.0835249797851151,0.935717409632622,0.954515556794551,-8.16204961285219,"GPX2_HUMAN",18,0.0825483038952333,0.936343181638287,0.954932056669256,0.00142741000000157,"Non-significant",0.0200275273307296,"GPX2","GPX2_HUMAN"
-0.00732398049999716,8.651060462,-0.0839383565196667,0.935400113993763,0.954515556794551,-8.16201024452662,"TRI18_HUMAN",8,-0.082536462677888,0.936352289520868,0.954932056669256,-0.00732398049999716,"Non-significant",0.0200275273307296,"MID1","TRI18_HUMAN"
-0.00382971749999861,13.45002162375,-0.102693172718636,0.921018608132343,0.944781045143911,-8.16002016245455,"PHF5A_HUMAN",7,-0.0811128447627139,0.937447363440685,0.955801084929147,-0.00382971749999861,"Non-significant",0.0196324808475805,"PHF5A","PHF5A_HUMAN"
-0.0636759994999991,7.3159145715,-0.0788876417542149,0.939277732230513,0.956642339894997,-8.16247795873486,"CAH3_HUMAN",4,-0.081040703837268,0.937502859436865,0.955801084929147,-0.0636759994999991,"Non-significant",0.0196324808475805,"CA3","CAH3_HUMAN"
0.00641536999999914,12.2089939125,0.0878973138804409,0.932361980102155,0.952418427411294,-8.16162338558837,"RT17_HUMAN",6,0.0809864540774696,0.937544592501387,0.955801084929147,0.00641536999999914,"Non-significant",0.0196324808475805,"MRPS17","RT17_HUMAN"
0.0481134652499993,8.051680743625,0.0783113157552579,0.939720312674792,0.956977469558514,-8.16252948746963,"FZR1_HUMAN",12,0.0805822035500412,0.9378555794446,0.956002500802821,0.0481134652499993,"Non-significant",0.0195409716533506,"FZR1","FZR1_HUMAN"
-0.00280165749999917,14.75250947375,-0.0748670096875327,0.942365781417919,0.958860595312849,-8.16282957598382,"AP1B1_HUMAN",30,-0.079507763122689,0.938682194049782,0.956700013997717,-0.00280165749999917,"Non-significant",0.0192242196831071,"AP1B1","AP1B1_HUMAN"
0.00279808250000002,16.21455764625,0.0828697898699008,0.936220339371459,0.954797488271268,-8.16211161310265,"MYL6B_HUMAN",13,0.0792916730711279,0.938848451374759,0.956700013997717,0.00279808250000002,"Non-significant",0.0192242196831071,"MYL6B","MYL6B_HUMAN"
-0.0015425675000067,17.05730605125,-0.0678370622381455,0.947767646823263,0.96224944106349,-8.16340024606666,"ETFD_HUMAN",40,-0.0792502068322706,0.938880355414535,0.956700013997717,-0.0015425675000067,"Non-significant",0.0192242196831071,"ETFDH","ETFD_HUMAN"
0.00297832499999906,11.0113806725,0.0802552506238947,0.938227590584956,0.955888356278804,-8.16235417276292,"TM87A_HUMAN",14,0.0788938743204024,0.939154521803625,0.95686370896685,0.00297832499999906,"Non-significant",0.0191499166210977,"TMEM87A","TM87A_HUMAN"
0.0154838549999976,11.3124387275,0.08027790443832,0.938210196568216,0.955888356278804,-8.16235210442423,"TOM7_HUMAN",3,0.0787216854623939,0.939287009043952,0.956883031089131,0.0154838549999976,"Non-significant",0.0191411469224643,"TOMM7","TOM7_HUMAN"
0.00343394250000273,13.42591989125,0.0778936557719957,0.940041062280484,0.957188465083619,-8.16256659431562,"GET3_HUMAN",15,0.0782572533929373,0.939644367034993,0.957131404197941,0.00343394250000273,"Non-significant",0.0190284340095144,"GET3","GET3_HUMAN"
0.00598240249999726,11.02855491625,0.0793507214768676,0.938922134064055,0.956395730275036,-8.16243628195157,"HDHD1_HUMAN",9,0.0779934772338083,0.93984733656273,0.957222474611799,0.00598240249999726,"Non-significant",0.0189871131454142,"PUDP","HDHD1_HUMAN"
0.00605797750000114,13.78325378875,0.117535226364355,0.909659507078739,0.937298938938961,-8.15816263301395,"RAP1A_HUMAN",3,0.0776778589659888,0.940090203572391,0.957288166066443,0.00605797750000114,"Non-significant",0.0189573097735603,"RAP1A","RAP1A_HUMAN"
-0.0413874389999993,6.9705027935,-0.0757864637528415,0.941659498710894,0.958262370853682,-8.16275078595065,"PIGV_HUMAN",3,-0.0775181071141562,0.94021313455893,0.957288166066443,-0.0413874389999993,"Non-significant",0.0189573097735603,"PIGV","PIGV_HUMAN"
-0.00134443999999689,14.8958779575,-0.0730921431821783,0.943729308942824,0.9594892837013,-8.16297895230855,"GALT_HUMAN",21,-0.077466888883382,0.94025254797296,0.957288166066443,-0.00134443999999689,"Non-significant",0.0189573097735603,"GALT","GALT_HUMAN"
-0.00660467249999996,12.04559731625,-0.0912042272801458,0.929825149596634,0.950575644141908,-8.16128660882255,"GBG5_HUMAN",4,-0.0768643256501642,0.940716245219638,0.957644593110667,-0.00660467249999996,"Non-significant",0.018795639031281,"GNG5","GBG5_HUMAN"
-0.00848150250000046,8.60082387925,-0.0802273628155136,0.938249003408273,0.955888356278804,-8.16235671817556,"DTD2_HUMAN",5,-0.0765562420380724,0.94095333765296,0.957726525598392,-0.00848150250000046,"Non-significant",0.0187584840100095,"DTD2","DTD2_HUMAN"
0.00255084500000002,10.7031761425,0.0723808889323803,0.944275781344531,0.95976131206476,-8.1630378085721,"PP6R1_HUMAN",26,0.076464455801384,0.941023974968073,0.957726525598392,0.00255084500000002,"Non-significant",0.0187584840100095,"PPP6R1","PP6R1_HUMAN"
-0.00410127499999646,12.6389265075,-0.098223974945683,0.92444301902077,0.946910949972788,-8.16053059809854,"TMED1_HUMAN",6,-0.0762553901128974,0.941184870886884,0.957735988765921,-0.00410127499999646,"Non-significant",0.0187541928256002,"TMED1","TMED1_HUMAN"
-0.0523329975000015,7.4338398575,-0.0738802939121456,0.943123793063955,0.959284475894302,-8.16291306164804,"NR3L1_HUMAN",8,-0.0759915198248483,0.941387948293701,0.957735988765921,-0.0523329975000015,"Non-significant",0.0187541928256002,"NCR3LG1","NR3L1_HUMAN"
-0.0056574342499971,9.189671874125,-0.0732999207005093,0.943569674961764,0.9594892837013,-8.16296165026672,"RASA1_HUMAN",29,-0.0759617591011948,0.941410852755398,0.957735988765921,-0.0056574342499971,"Non-significant",0.0187541928256002,"RASA1","RASA1_HUMAN"
0.00153445999999846,13.9980275625,0.0677099369596322,0.947865358779233,0.96224944106349,-8.16341004884945,"STIM1_HUMAN",29,0.075861819475028,0.941487768764316,0.957735988765921,0.00153445999999846,"Non-significant",0.0187541928256002,"STIM1","STIM1_HUMAN"
-0.0378481149999992,7.01265734425,-0.0729217145440014,0.943860250107398,0.9594892837013,-8.16299310762531,"DGKE_HUMAN",5,-0.0748066655966046,0.94229988135856,0.958285952496426,-0.0378481149999992,"Non-significant",0.0185048781232776,"DGKE","DGKE_HUMAN"
-0.00338435250000124,14.07722365875,-0.0768974686048782,0.940806150236377,0.957736115983384,-8.16265430044866,"ROA0_HUMAN",12,-0.0746826069777724,0.94239536943329,0.958285952496426,-0.00338435250000124,"Non-significant",0.0185048781232776,"HNRNPA0","ROA0_HUMAN"
0.0110323425000001,12.09488499125,0.0769705376731342,0.940750029724746,0.957736115983384,-8.16264790561593,"MT1F_HUMAN",4,0.0746794105159396,0.942397829767204,0.958285952496426,0.0110323425000001,"Non-significant",0.0185048781232776,"MT1F","MT1F_HUMAN"
-0.00171208499999587,12.840952755,-0.0694097999350815,0.946558877662099,0.96133639127526,-8.16327745148081,"NMI_HUMAN",24,-0.0744591814140878,0.942567342892344,0.958285952496426,-0.00171208499999587,"Non-significant",0.0185048781232776,"NMI","NMI_HUMAN"
-0.00175023000000252,13.044006945,-0.071896539462798,0.9446479361284,0.959978717929142,-8.16307755954768,"GNAS1_HUMAN",20,-0.0744208491500429,0.94259684804222,0.958285952496426,-0.00175023000000252,"Non-significant",0.0185048781232776,"GNAS","GNAS1_HUMAN"
0.0046353339999996,8.74698328975,0.0764691199334668,0.941135149551507,0.957955340607372,-8.1626916665514,"VP37B_HUMAN",9,0.0734119405389693,0.943373460291727,0.958881071287934,0.0046353339999996,"Non-significant",0.0182352544417475,"VPS37B","VP37B_HUMAN"
-0.00138092000000256,11.9467291825,-0.0631265475272547,0.951388902676591,0.964419603518913,-8.16375121179791,"BAIP2_HUMAN",35,-0.0733648071355482,0.943409743052656,0.958881071287934,-0.00138092000000256,"Non-significant",0.0182352544417475,"BAIAP2","BAIP2_HUMAN"
-0.00327205750000026,10.99686312625,-0.0713701829589353,0.945052384167137,0.960087567330939,-8.16312045589253,"TM1L2_HUMAN",18,-0.0730343676981756,0.943664115573396,0.959023972771661,-0.00327205750000026,"Non-significant",0.0181705366121081,"TOM1L2","TM1L2_HUMAN"
0.00167965749999688,12.84508597875,0.0671563063803796,0.948290905484968,0.962449613766743,-8.16345252583297,"ARFG3_HUMAN",26,0.0728864110748159,0.943778014942215,0.9590240974018,0.00167965749999688,"Non-significant",0.0181704801732916,"ARFGAP3","ARFG3_HUMAN"
0.00381088000000318,13.29084754,0.115444099135803,0.911258615764892,0.938538474130288,-8.15843944322326,"UB2V2_HUMAN",5,0.0726204280506416,0.943982776408066,0.959116540783942,0.00381088000000318,"Non-significant",0.0181286191647869,"UBE2V2","UB2V2_HUMAN"
0.00315665999999837,10.5550065025,0.0746729777189296,0.94251483502881,0.958896505064314,-8.16284608031,"2A5G_HUMAN",12,0.0721904864194197,0.94431376742754,0.959245197414421,0.00315665999999837,"Non-significant",0.0180703664758925,"PPP2R5C","2A5G_HUMAN"
-0.0333888530000008,7.95321404925,-0.0716722423986923,0.944820282037195,0.959978717929142,-8.16309587751439,"AQP3_HUMAN",1,-0.0721602973978223,0.94433700891504,0.959245197414421,-0.0333888530000008,"Non-significant",0.0180703664758925,"AQP3","AQP3_HUMAN"
0.00269914000000071,11.8195959325,0.0810760585063416,0.937597382204885,0.955623740581013,-8.16227885943208,"RPAB3_HUMAN",10,0.0712280994155467,0.945054704083354,0.959858549309386,0.00269914000000071,"Non-significant",0.0177927625652416,"POLR2H","RPAB3_HUMAN"
0.00645899750000289,9.44186460975,0.0820552361380265,0.936845641543701,0.955204053776685,-8.16218801431214,"CHRC1_HUMAN",4,0.070974384484206,0.945250047463489,0.959941283140934,0.00645899750000289,"Non-significant",0.0177553306976866,"CHRAC1","CHRC1_HUMAN"
0.026627540749999,7.112515926375,0.0685379236422902,0.947228962909602,0.961835071481151,-8.16334587210176,"GPCP1_HUMAN",8,0.0703778643006031,0.945709343406053,0.960292019704809,0.026627540749999,"Non-significant",0.0175966802297868,"GPCPD1","GPCP1_HUMAN"
-0.00648164749999935,9.4572024345,-0.088216086769664,0.932117402990703,0.95234152603741,-8.16159146212633,"RM52_HUMAN",3,-0.0696100020095449,0.946300597779833,0.960776648841992,-0.00648164749999935,"Non-significant",0.0173775607699164,"MRPL52","RM52_HUMAN"
0.00202870499999896,12.1957894575,0.0693253183444041,0.946623804435243,0.96133639127526,-8.1632841189775,"RAE1L_HUMAN",16,0.0686850529391049,0.947012856476894,0.961384001835932,0.00202870499999896,"Non-significant",0.017103109139122,"RAE1","RAE1L_HUMAN"
0.00267100000000298,12.0989819775,0.06442012655285,0.950394324703832,0.964100785868234,-8.16365734294763,"NOP2_HUMAN",29,0.0679100923716711,0.947609655684954,0.961874011051118,0.00267100000000298,"Non-significant",0.0168818093432383,"NOP2","NOP2_HUMAN"
0.00909352499999549,15.3787688025,0.0674464339360724,0.948067897437189,0.962339150710269,-8.16343030940175,"NDUA4_HUMAN",6,0.0670307005898197,0.948286920651656,0.962445569436822,0.00909352499999549,"Non-significant",0.0166238224030093,"NDUFA4","NDUA4_HUMAN"
0.0087616442500007,8.921251416125,0.0695903139411477,0.946420148395272,0.96133639127526,-8.1632631776921,"CLRN3_HUMAN",4,0.0664312638097632,0.94874860374591,0.96279821586495,0.0087616442500007,"Non-significant",0.0164647231754925,"CLRN3","CLRN3_HUMAN"
-0.0021774774999983,11.21893227125,-0.0629944139558642,0.951490499805822,0.964419603518913,-8.16376069304232,"ASH2L_HUMAN",23,-0.0659473018956711,0.949121363876946,0.96306054846741,-0.0021774774999983,"Non-significant",0.0163464075393862,"ASH2L","ASH2L_HUMAN"
-0.00153994499999754,13.3237630125,-0.0574459259839729,0.955757560993156,0.967673219166871,-8.16414091067802,"XPO1_HUMAN",51,-0.0654941221161908,0.949470427002721,0.963298775783093,-0.00153994499999754,"Non-significant",0.0162389916405301,"XPO1","XPO1_HUMAN"
0.0547113419999974,8.15490949175,0.0630808465608586,0.951424041911299,0.964419603518913,-8.1637544933156,"VEGFA_HUMAN",5,0.0648518586586983,0.949965152467078,0.963684711775785,0.0547113419999974,"Non-significant",0.0160650307578164,"VEGFA","VEGFA_HUMAN"
-0.0700899355000004,8.97420960775,-0.0626975375960437,0.951718770708537,0.964534990778197,-8.16378192302381,"ZFP14_HUMAN",1,-0.0642841273300807,0.950402486414834,0.964012341515119,-0.0700899355000004,"Non-significant",0.0159174061204004,"ZFP14","ZFP14_HUMAN"
-0.0372567180000001,7.4530204535,-0.0616878368893278,0.952495174738546,0.965205798012888,-8.1638533781583,"S20A1_HUMAN",4,-0.0632734958322185,0.951181039124912,0.964575022638705,-0.0372567180000001,"Non-significant",0.0156639881850553,"SLC20A1","S20A1_HUMAN"
0.013299945,14.14946723,0.0641123708323231,0.950630936521429,0.964128042827472,-8.16367984772273,"AKCL1_HUMAN",3,0.063266934105002,0.951186094219114,0.964575022638705,0.013299945,"Non-significant",0.0156639881850553,"AKR1C8","AKCL1_HUMAN"
-0.00226736000000116,12.68566847,-0.0666907332714877,0.948648780997015,0.962696914883679,-8.1634879770495,"EMC7_HUMAN",12,-0.0624937733917672,0.951781746659548,0.965062954720718,-0.00226736000000116,"Non-significant",0.0154443550541109,"EMC7","EMC7_HUMAN"
-0.00547575749999751,15.78127348375,-0.0635852185857663,0.951036239299276,0.964419603518913,-8.16371814585491,"TIM13_HUMAN",7,-0.0615441421833969,0.952513398623604,0.965503048868672,-0.00547575749999751,"Non-significant",0.0152463504658917,"TIMM13","TIM13_HUMAN"
-0.00328183174999985,9.265708088875,-0.0642960964555768,0.950489682117098,0.964100785868234,-8.16366642565358,"TMA16_HUMAN",10,-0.0614860737958768,0.952558139515289,0.965503048868672,-0.00328183174999985,"Non-significant",0.0152463504658917,"TMA16","TMA16_HUMAN"
-0.00161123500000393,13.5902223575,-0.0728773834973486,0.943894310173352,0.9594892837013,-8.16299678422812,"PYM1_HUMAN",12,-0.0614844113870127,0.952559420381051,0.965503048868672,-0.00161123500000393,"Non-significant",0.0152463504658917,"PYM1","PYM1_HUMAN"
0.00509882000000239,8.724118948,0.0653808097582896,0.949655757154352,0.963602790063083,-8.16358640009505,"NSL1_HUMAN",6,0.0609972362230992,0.952934789268659,0.965767384723521,0.00509882000000239,"Non-significant",0.0151274654026193,"NSL1","NSL1_HUMAN"
0.00276160250000146,11.38970029125,0.0585541981101826,0.954905116431179,0.967066589739086,-8.16406776193924,"AIDA_HUMAN",17,0.0596779207162905,0.953951386073507,0.966681441838614,0.00276160250000146,"Non-significant",0.0147166188276645,"AIDA","AIDA_HUMAN"
0.00204610500000157,12.2492396825,0.0570291699601403,0.956078131358608,0.967673219166871,-8.16416805632631,"LANC2_HUMAN",21,0.059144456443163,0.954362472074975,0.966981761884838,0.00204610500000157,"Non-significant",0.0145817170105562,"LANCL2","LANC2_HUMAN"
0.00290536874999781,9.283896207875,0.0581567592164572,0.955210805489544,0.967259956688054,-8.16409415449734,"BIN3_HUMAN",14,0.0583309556681508,0.954989381581138,0.967500660738872,0.00290536874999781,"Non-significant",0.0143487297145826,"BIN3","BIN3_HUMAN"
-0.00161480499999911,11.6016086325,-0.0599361758321499,0.953842235391477,0.966454646245313,-8.16397459169401,"WDR5_HUMAN",15,-0.057958974799987,0.955276053078397,0.967603029479519,-0.00161480499999911,"Non-significant",0.0143027805704118,"WDR5","WDR5_HUMAN"
-0.00287794750000003,10.95245683375,-0.0573196310237552,0.955854706650956,0.967673219166871,-8.16414915782813,"ATG4B_HUMAN",15,-0.0579019304844719,0.955320015580562,0.967603029479519,-0.00287794750000003,"Non-significant",0.0143027805704118,"ATG4B","ATG4B_HUMAN"
-0.0495992897500006,7.284713327875,-0.0561834272295316,0.956728706584811,0.967982987372869,-8.16422253727823,"NDK8_HUMAN",1,-0.0574701979504003,0.955652745413925,0.967683950385065,-0.0495992897500006,"Non-significant",0.0142664619229601,"NME2P1","NDK8_HUMAN"
0.00714385499999981,7.957955301,0.0562815425389291,0.956653231002624,0.967982987372869,-8.16421625859932,"RNLS_HUMAN",11,0.0573758395252719,0.955725467292592,0.967683950385065,0.00714385499999981,"Non-significant",0.0142664619229601,"RNLS","RNLS_HUMAN"
0.0343359712500009,6.840507209125,0.0557889115465839,0.957032194078499,0.968052740611666,-8.16424767297445,"MAZ_HUMAN",7,0.0573513756631841,0.955744321622454,0.967683950385065,0.0343359712500009,"Non-significant",0.0142664619229601,"MAZ","MAZ_HUMAN"
-0.00610494599999711,8.51587677,-0.0588806466615449,0.954654035461902,0.967044689930101,-8.16404594927834,"ASB13_HUMAN",6,-0.0571940816632921,0.955865549023862,0.967690453125406,-0.00610494599999711,"Non-significant",0.0142635435168446,"ASB13","ASB13_HUMAN"
-0.00818228700000212,9.15341293825,-0.0585968122013738,0.954872340397259,0.967066589739086,-8.16406492142348,"RN146_HUMAN",4,-0.056683376450272,0.956259160991826,0.967859183868391,-0.00818228700000212,"Non-significant",0.0141878246312207,"RNF146","RN146_HUMAN"
-0.0271888970000012,7.43463391075,-0.0557432006580692,0.957067358402793,0.968052740611666,-8.16425057390265,"EID1_HUMAN",2,-0.0566798645343882,0.956261867748957,0.967859183868391,-0.0271888970000012,"Non-significant",0.0141878246312207,"EID1","EID1_HUMAN"
0.0230334997500012,7.811572730625,0.0548697121970958,0.957739332287516,0.968513239225603,-8.16430555121073,"FOXJ3_HUMAN",7,0.056323708235787,0.956536373097204,0.968009258624078,0.0230334997500012,"Non-significant",0.0141204888175181,"FOXJ3","FOXJ3_HUMAN"
0.0333676337499993,7.200735807375,0.0545984401080337,0.957948029152957,0.968513239225603,-8.16432244850606,"KLH36_HUMAN",14,0.056189480847997,0.956639829675948,0.968009258624078,0.0333676337499993,"Non-significant",0.0141204888175181,"KLHL36","KLH36_HUMAN"
-0.0402076244999989,7.760531783,-0.0539206760088018,0.95846946652965,0.96880948202881,-8.1643643001219,"CNEP1_HUMAN",3,-0.0553137558762566,0.957314821613219,0.968575997044512,-0.0402076244999989,"Non-significant",0.0138662977097597,"CTDNEP1","CNEP1_HUMAN"
0.00226736499999802,11.9777965525,0.0545525792789735,0.957983311462345,0.968513239225603,-8.16432529686714,"APOL1_HUMAN",15,0.0546457461289927,0.957829735554429,0.968980657823846,0.00226736499999802,"Non-significant",0.0136848919731881,"APOL1","APOL1_HUMAN"
-0.000990154999996662,11.2011863,-0.043215758017274,0.966707989191804,0.975854088730265,-8.16495603428301,"UBE2O_HUMAN",49,-0.051312383508692,0.960399464091608,0.971454256816071,-0.000990154999996662,"Non-significant",0.0125776443488886,"UBE2O","UBE2O_HUMAN"
-0.00233006499999888,10.90346229,-0.0537011252774662,0.958638382411813,0.96880948202881,-8.1643777452675,"ARL2_HUMAN",11,-0.0511750182308488,0.96050537149189,0.971454256816071,-0.00233006499999888,"Non-significant",0.0125776443488886,"ARL2","ARL2_HUMAN"
-0.00241780249999834,12.10354435375,-0.0591050857566413,0.954481416085691,0.966986040407006,-8.16403088241104,"TIM16_HUMAN",8,-0.0507712197400697,0.960816701383769,0.971652546606333,-0.00241780249999834,"Non-significant",0.0124890067486542,"PAM16","TIM16_HUMAN"
0.00361156449999811,8.71166324625,0.0556459226395187,0.957142192461457,0.968052740611666,-8.16425673950304,"RPP14_HUMAN",6,0.0499734161703262,0.961431831586627,0.972157978460135,0.00361156449999811,"Non-significant",0.0122631552397745,"RPP14","RPP14_HUMAN"
-0.0036709350000006,10.728845,-0.0563434536188626,0.956605605908539,0.967982987372869,-8.16421229110011,"LAGE3_HUMAN",5,-0.0484877298445706,0.962577413384701,0.97319959426888,-0.0036709350000006,"Non-significant",0.0117980808004294,"LAGE3","LAGE3_HUMAN"
-0.00458645825000303,8.780739903375,-0.048835834710233,0.962382159388351,0.971952938112198,-8.16466162566745,"PGAP6_HUMAN",8,-0.0483100390997579,0.962714433325677,0.973221391041273,-0.00458645825000303,"Non-significant",0.0117883540064363,"PGAP6","PGAP6_HUMAN"
0.00204038749999924,11.13654088875,0.0491021352843442,0.962177217476618,0.971952938112198,-8.16464678396543,"GLP3L_HUMAN",13,0.0481058290804888,0.962871904311327,0.973263854351862,0.00204038749999924,"Non-significant",0.0117694054102229,"GOLPH3L","GLP3L_HUMAN"
0.00143027250000038,10.59543049375,0.0449205995037788,0.965395621876181,0.974646029080648,-8.16487052225887,"CNO10_HUMAN",26,0.0477423956364505,0.963152160421315,0.973430402900632,0.00143027250000038,"Non-significant",0.0116950936731777,"CNOT10","CNO10_HUMAN"
-0.00132489249999779,15.84544312875,-0.0645450274090288,0.950298298706317,0.964100785868234,-8.16364817880779,"IF6_HUMAN",10,-0.0472097723402156,0.963562894610078,0.97372876617532,-0.00132489249999779,"Non-significant",0.0115619997516618,"EIF6","IF6_HUMAN"
-0.00153445999999846,14.293317555,-0.0518072366715012,0.960095577863022,0.969992284047395,-8.16449144997451,"SRXN1_HUMAN",11,-0.0457654061974666,0.964676780687014,0.974737543084493,-0.00153445999999846,"Non-significant",0.0111123062853834,"SRXN1","SRXN1_HUMAN"
-0.00089168749999935,14.89613819125,-0.0408499568263344,0.968529337215099,0.977247645977135,-8.16506922109159,"IF5_HUMAN",27,-0.0454803008249435,0.964896662082412,0.974785386574009,-0.00089168749999935,"Non-significant",0.0110909901334367,"EIF5","IF5_HUMAN"
-0.00142288199999996,9.9037578105,-0.0456256200809173,0.964852938378344,0.974214832006595,-8.16483419323621,"5NT3B_HUMAN",16,-0.045404109430743,0.964955423605829,0.974785386574009,-0.00142288199999996,"Non-significant",0.0110909901334367,"NT5C3B","5NT3B_HUMAN"
-0.0025429724999988,10.54129171375,-0.0488725944597553,0.962353869319648,0.971952938112198,-8.16465958173865,"TSN6_HUMAN",8,-0.0446495489492865,0.965537379943137,0.975256390118718,-0.0025429724999988,"Non-significant",0.0108811954030401,"TSPAN6","TSN6_HUMAN"
0.00219822000000214,13.77107358,0.0544566532079117,0.958057111005229,0.968513239225603,-8.16433124698753,"BT3L4_HUMAN",7,0.0443698949471476,0.965753069326295,0.975357371357697,0.00219822000000214,"Non-significant",0.0108362294587103,"BTF3L4","BT3L4_HUMAN"
0.00683045250000092,12.25299990125,0.0460296279120208,0.964541965783283,0.974017518819611,-8.16481312027033,"PORIM_HUMAN",3,0.0437647981920387,0.966219774025182,0.975711809663143,0.00683045250000092,"Non-significant",0.0106784384347722,"TMEM123","PORIM_HUMAN"
0.00295090674999976,9.719737648875,0.0536275773763135,0.958694968513739,0.96880948202881,-8.16438223703721,"GLRX2_HUMAN",5,0.0435888967125042,0.966355447599278,0.975731919958591,0.00295090674999976,"Non-significant",0.0106694873282554,"GLRX2","GLRX2_HUMAN"
0.00167655999999994,14.91395259,0.0570921545764809,0.956029682786917,0.967673219166871,-8.16416396645319,"NDUA5_HUMAN",8,0.0432548211640205,0.966613124754891,0.975875198054734,0.00167655999999994,"Non-significant",0.010605719486798,"NDUFA5","NDUA5_HUMAN"
-0.00197339250000006,12.96564424125,-0.0631946421650059,0.951336545278952,0.964419603518913,-8.16374631791864,"RALB_HUMAN",6,-0.0423869085379518,0.967282577541808,0.976344603429214,-0.00197339250000006,"Non-significant",0.0103968698811478,"RALB","RALB_HUMAN"
0.000471115000001632,12.820530415,0.0284644142809714,0.978067541239217,0.983669168966156,-8.16555783858265,"UBA6_HUMAN",62,0.0423516968551153,0.967309738194017,0.976344603429214,0.000471115000001632,"Non-significant",0.0103968698811478,"UBA6","UBA6_HUMAN"
-0.00163698249999733,14.24192690875,-0.0413237505579449,0.968164563476739,0.977090410146723,-8.16504706333972,"ARP3B_HUMAN",16,-0.0416434135232117,0.96785608464869,0.97670891155579,-0.00163698249999733,"Non-significant",0.0102348497319757,"ACTR3B","ARP3B_HUMAN"
0.00194263250000049,12.73461008125,0.0404682532577533,0.968823216601707,0.977404056581184,-8.16508688633612,"NUDT9_HUMAN",19,0.0415833393256108,0.967902424750921,0.97670891155579,0.00194263250000049,"Non-significant",0.0102348497319757,"NUDT9","NUDT9_HUMAN"
-0.00286650749999851,10.14957249125,-0.040820208887332,0.968552240419147,0.977247645977135,-8.1650706037824,"UB2Q1_HUMAN",12,-0.0410353745731299,0.968325120440957,0.977018486975918,-0.00286650749999851,"Non-significant",0.0100972185579227,"UBE2Q1","UB2Q1_HUMAN"
-0.00104975499999682,11.08755815,-0.0377881343727607,0.970886823797417,0.97887596218972,-8.16520625402104,"NADAP_HUMAN",27,-0.0407671035435992,0.968532066527949,0.977110327799412,-0.00104975499999682,"Non-significant",0.0100563963126497,"SLC4A1AP","NADAP_HUMAN"
0.0116770299999995,12.28710568,0.0392935276590267,0.9697276879541,0.977965384274361,-8.16514021254084,"MAL2_HUMAN",2,0.0391598951933804,0.969771930957778,0.978244088803628,0.0116770299999995,"Non-significant",0.00955276771322383,"MAL2","MAL2_HUMAN"
-0.000362869999996462,16.20842433,-0.0225176773528285,0.982648634350648,0.987216369361336,-8.16573040737174,"SPTB2_HUMAN",209,-0.0381540342045088,0.970547937268173,0.978909723971931,-0.000362869999996462,"Non-significant",0.00925735741913849,"SPTBN1","SPTB2_HUMAN"
-0.00183939999999971,14.8219705825,-0.0376684384621706,0.970978991561069,0.97887596218972,-8.1652113944094,"RTN3_HUMAN",14,-0.0377368317446109,0.970869812497591,0.979024792827248,-0.00183939999999971,"Non-significant",0.00920630998263655,"RTN3","RTN3_HUMAN"
0.000874517499998007,11.10937142375,0.0346443536847694,0.973307738197408,0.98028568828605,-8.16533585605313,"TRI26_HUMAN",26,0.0375620644853381,0.971004648625057,0.979024792827248,0.000874517499998007,"Non-significant",0.00920630998263655,"TRIM26","TRI26_HUMAN"
-0.00118613500000109,14.609987855,-0.0526636205806549,0.95943663857396,0.969442750724036,-8.16444053985334,"IF4E_HUMAN",9,-0.0375545166420922,0.971010471946351,0.979024792827248,-0.00118613500000109,"Non-significant",0.00920630998263655,"EIF4E","IF4E_HUMAN"
0.000933410000000023,14.537199615,0.0347686256898091,0.973212034836763,0.98028568828605,-8.16533094644541,"MPPB_HUMAN",25,0.0372631959972945,0.971235233431573,0.979134288074959,0.000933410000000023,"Non-significant",0.0091577407091911,"PMPCB","MPPB_HUMAN"
-0.00180292100000301,8.3236243725,-0.0356864766290679,0.972505201525984,0.980014482506155,-8.16529414073637,"SMCR8_HUMAN",19,-0.0366759229499747,0.971688338293337,0.979447640032619,-0.00180292100000301,"Non-significant",0.00901877585373805,"SMCR8","SMCR8_HUMAN"
-0.000463009999997155,15.5067122,-0.0259513941693745,0.980003359451668,0.985145893478606,-8.16563567482905,"PDC6I_HUMAN",69,-0.0364305854167373,0.971877629383481,0.979447640032619,-0.000463009999997155,"Non-significant",0.00901877585373805,"PDCD6IP","PDC6I_HUMAN"
0.00338339774999952,8.419245839125,0.0367294369483254,0.971702054035276,0.97948775573587,-8.16525115462745,"D19L4_HUMAN",8,0.0362793809028733,0.971994292745128,0.979447640032619,0.00338339774999952,"Non-significant",0.00901877585373805,"DPY19L4","D19L4_HUMAN"
-0.0049662592500006,7.511228323125,-0.0354385029062746,0.972696162518973,0.980021032019175,-8.16530417896248,"ADAL_HUMAN",12,-0.036257913190688,0.972010856432893,0.979447640032619,-0.0049662592500006,"Non-significant",0.00901877585373805,"MAPDA","ADAL_HUMAN"
-0.00531506525000225,9.075092434875,-0.0397420850407124,0.969382318800213,0.97773406308089,-8.1651200357544,"CUX2_HUMAN",2,-0.0354768636333451,0.972613495053549,0.979910786884225,-0.00531506525000225,"Non-significant",0.00881346158050797,"CUX2","CUX2_HUMAN"
-0.00157928499999826,12.12392521,-0.0424514841628803,0.967296354406622,0.976331094634585,-8.16499329561765,"SRP19_HUMAN",8,-0.0353608679781064,0.972702996068373,0.979910786884225,-0.00157928499999826,"Non-significant",0.00881346158050797,"SRP19","SRP19_HUMAN"
0.00215363500000088,11.193950295,0.0339441759598836,0.973846962180142,0.980609884552865,-8.16536318949367,"PA1B3_HUMAN",14,0.0343773163708642,0.973461910591285,0.980558131497842,0.00215363500000088,"Non-significant",0.00852665447924256,"PAFAH1B3","PA1B3_HUMAN"
-0.000849722499992822,17.76820325875,-0.0348063298348772,0.973182998515779,0.98028568828605,-8.16532945339491,"BLVRB_HUMAN",16,-0.0339440760672568,0.973796210757614,0.980571715791608,-0.000849722499992822,"Non-significant",0.0085206379639857,"BLVRB","BLVRB_HUMAN"
-0.00158286075000014,9.770804762875,-0.0317640724257402,0.975526005353276,0.981933209830758,-8.16544472322561,"DMXL1_HUMAN",80,-0.0337454416171413,0.973949484441347,0.980571715791608,-0.00158286075000014,"Non-significant",0.0085206379639857,"DMXL1","DMXL1_HUMAN"
-0.00259768974999997,7.843320548375,-0.0335881026144989,0.974121188587408,0.980753404037656,-8.16537687584139,"RB_HUMAN",11,-0.0337002864383339,0.973984328008768,0.980571715791608,-0.00259768974999997,"Non-significant",0.0085206379639857,"RB1","RB_HUMAN"
0.00189232750000023,10.91390287875,0.0339242576090695,0.973862302004037,0.980609884552865,-8.16536395890259,"CNOT7_HUMAN",12,0.0336515923025961,0.974021902446118,0.980571715791608,0.00189232750000023,"Non-significant",0.0085206379639857,"CNOT7","CNOT7_HUMAN"
-0.00400614750000017,7.9513813255,-0.0377386344218544,0.970924939493021,0.97887596218972,-8.16520838179287,"CREST_HUMAN",3,-0.0336060276760355,0.974057062086029,0.980571715791608,-0.00400614750000017,"Non-significant",0.0085206379639857,"SS18L1","CREST_HUMAN"
-0.0114867687499993,7.022859454125,-0.0315178317144723,0.975715660247277,0.982006841817826,-8.16545359242705,"EGFL7_HUMAN",3,-0.0319891641403439,0.975304742857327,0.981710494094149,-0.0114867687499993,"Non-significant",0.00801656654557888,"EGFL7","EGFL7_HUMAN"
0.00166368500000402,9.77759480475,0.0355979232788666,0.972573394965474,0.980014482506155,-8.16529773349721,"CGBP1_HUMAN",8,0.0317255135509297,0.975508200425659,0.981798044344822,0.00166368500000402,"Non-significant",0.00797783731162132,"CGGBP1","CGBP1_HUMAN"
0.000483752500002765,12.56032431125,0.025460407716393,0.980381591133576,0.98540858951406,-8.16565004288717,"DP13A_HUMAN",34,0.0308249850460333,0.976203147259974,0.982208447725127,0.000483752500002765,"Non-significant",0.00779633493193472,"APPL1","DP13A_HUMAN"
0.0012190375000003,10.37530243375,0.0323676147700439,0.975061163482915,0.981582532783649,-8.16542269274915,"UCK1_HUMAN",12,0.0308230732129907,0.976204622664056,0.982208447725127,0.0012190375000003,"Non-significant",0.00779633493193472,"UCK1","UCK1_HUMAN"
0.0240806342500006,7.408663332375,0.0299175225729212,0.976948260563333,0.983130000989533,-8.16550955154069,"CKS2_HUMAN",3,0.0307051889901941,0.976295596730596,0.982208447725127,0.0240806342500006,"Non-significant",0.00779633493193472,"CKS2","CKS2_HUMAN"
0.00406908999999978,8.4737957715,0.0358979400304548,0.972342358126035,0.980014482506155,-8.16528552520896,"CITE2_HUMAN",2,0.0305931195997329,0.97638208369781,0.982208447725127,0.00406908999999978,"Non-significant",0.00779633493193472,"CITED2","CITE2_HUMAN"
0.00133156775000387,9.886589884625,0.0290349181010041,0.977628094805898,0.983412302634094,-8.16553916717518,"CCD97_HUMAN",14,0.0289856052277826,0.977622682156837,0.983339091634842,0.00133156775000387,"Non-significant",0.00729669556395888,"CCDC97","CCD97_HUMAN"
-0.00135183349999934,9.664148569,-0.0289474518795662,0.977695467561242,0.983412302634094,-8.16554205380561,"RWD2B_HUMAN",12,-0.0282877998855382,0.978161233671954,0.98376339799796,-0.00135183349999934,"Non-significant",0.00710933988120467,"RWDD2B","RWD2B_HUMAN"
-0.000783202499999192,14.74031698625,-0.0252686709189494,0.980529297148384,0.985439542823861,-8.16565557930992,"FUBP2_HUMAN",33,-0.0274268281563905,0.978825730123501,0.984314254260438,-0.000783202499999192,"Non-significant",0.00686622565134812,"KHSRP","FUBP2_HUMAN"
-0.000602482499994395,12.93293392625,-0.0296535721166067,0.977151568722916,0.983217210548581,-8.1655185012726,"COQ7_HUMAN",14,-0.026551112822487,0.979501623872756,0.98487643893874,-0.000602482499994395,"Non-significant",0.00661825199285607,"COQ7","COQ7_HUMAN"
-0.00054907999999898,14.8685921425,-0.0222243895601985,0.98287458939967,0.987325695870554,-8.16573787676779,"GFPT1_HUMAN",50,-0.0258314347108899,0.98005709846376,0.985123185320266,-0.00054907999999898,"Non-significant",0.00650945949242421,"GFPT1","GFPT1_HUMAN"
-0.000962732499999674,11.69194197625,-0.0261289507183694,0.979866580013675,0.985125882983691,-8.16563041132158,"PEBB_HUMAN",14,-0.0256694255779991,0.98018214481888,0.985123185320266,-0.000962732499999674,"Non-significant",0.00650945949242421,"CBFB","PEBB_HUMAN"
0.000468254999997697,11.6589338775,0.020875316540229,0.983913964737082,0.987898845594862,-8.1657709736727,"SKI3_HUMAN",72,0.0256015554435842,0.980234530392123,0.985123185320266,0.000468254999997697,"Non-significant",0.00650945949242421,"SKIC3","SKI3_HUMAN"
-0.00101804749999879,15.09115815375,-0.0274573174180296,0.978843305348014,0.984331928033692,-8.16558989465078,"PPAC_HUMAN",11,-0.0255013235546866,0.980311894578613,0.985123185320266,-0.00101804749999879,"Non-significant",0.00650945949242421,"ACP1","PPAC_HUMAN"
0.000895737500002269,11.31898319625,0.0265794478366451,0.979519545984352,0.984894459394263,-8.16561689571519,"CAPG_HUMAN",13,0.0254252000114993,0.98037065083917,0.985123185320266,0.000895737500002269,"Non-significant",0.00650945949242421,"CAPG","CAPG_HUMAN"
0.000988242500000069,10.62646162375,0.0240143122679608,0.98149562245784,0.986258548233063,-8.16569076675108,"CTIF_HUMAN",29,0.0253246484649857,0.980448262148738,0.985123185320266,0.000988242500000069,"Non-significant",0.00650945949242421,"CTIF","CTIF_HUMAN"
0.000758174999996086,13.5024194725,0.0239070745498831,0.981578237172519,0.986258548233063,-8.16569369189971,"PTPA_HUMAN",18,0.0243108665034359,0.981230768131588,0.98574463669711,0.000758174999996086,"Non-significant",0.00623557718569175,"PTPA","PTPA_HUMAN"
-0.00387644999999814,12.5933154825,-0.0294502478667983,0.977308180710285,0.983257418859751,-8.16552534129617,"PCBP3_HUMAN",1,-0.0242203214738112,0.981300658028882,0.98574463669711,-0.00387644999999814,"Non-significant",0.00623557718569175,"PCBP3","PCBP3_HUMAN"
0.00273919000000333,11.494640945,0.0399772555612976,0.969201250798142,0.977668423046618,-8.16510936595875,"PT100_HUMAN",1,0.0234072837614188,0.981928233269743,0.986257516471719,0.00273919000000333,"Non-significant",0.00600967392219195,"PET100","PT100_HUMAN"
0.000586984999998208,10.535545825,0.0205438650323054,0.984169332322479,0.98803755385257,-8.16577878817469,"PP12C_HUMAN",40,0.0228249132544084,0.982377767260068,0.986591469109391,0.000586984999998208,"Non-significant",0.00586264412903191,"PPP1R12C","PP12C_HUMAN"
0.00150382499999679,8.13947111375,0.0219199492315982,0.983109138370287,0.987325977281443,-8.16574552662732,"CXXC1_HUMAN",16,0.0224015880121623,0.982704537864322,0.986802066911886,0.00150382499999679,"Non-significant",0.0057699495273699,"CXXC1","CXXC1_HUMAN"
0.000636817500001996,14.65200412125,0.0196702086372924,0.984842452334463,0.98859557350568,-8.16579878679356,"SYQ_HUMAN",56,0.0217278295107646,0.983224628566388,0.987206717592148,0.000636817500001996,"Non-significant",0.00559189808061121,"QARS1","SYQ_HUMAN"
0.000578404999998838,10.465337515,0.0187662673071765,0.985538919637054,0.989176893739072,-8.16581856410248,"MRM3_HUMAN",20,0.0193840922939456,0.98503388216293,0.988905501756948,0.000578404999998838,"Non-significant",0.00484520691273591,"MRM3","MRM3_HUMAN"
0.000481129999997165,12.984761,0.0173173404150482,0.986655314372747,0.989825951541048,-8.1658483247553,"UBP10_HUMAN",33,0.0190591011633467,0.985284767447399,0.989039574230573,0.000481129999997165,"Non-significant",0.00478633072222233,"USP10","UBP10_HUMAN"
-0.000416994999998366,14.755015255,-0.0174168258039013,0.986578660065587,0.989825951541048,-8.16584635775834,"CCD47_HUMAN",25,-0.0188718333784352,0.985429334443872,0.98906690402803,-0.000416994999998366,"Non-significant",0.00477433017487231,"CCDC47","CCD47_HUMAN"
-0.000801560000002866,15.4410438525,-0.022069645889005,0.982993807837783,0.987325977281443,-8.16574177829111,"SMD3_HUMAN",8,-0.0182292963953745,0.985925364544189,0.989446945796282,-0.000801560000002866,"Non-significant",0.00460748772907498,"SNRPD3","SMD3_HUMAN"
0.000709056750002546,9.719207048375,0.0182685635320063,0.985922395451148,0.989387985029107,-8.16582905629625,"MICU2_HUMAN",14,0.0180267845799561,0.986081702375772,0.989486032062546,0.000709056750002546,"Non-significant",0.00459033206999127,"MICU2","MICU2_HUMAN"
0.000402687499999388,10.53037273875,0.0157483351635492,0.987864265110011,0.990802937959577,-8.16587785662752,"TXLNG_HUMAN",26,0.0170509017623363,0.98683508661992,0.990124145354042,0.000402687499999388,"Non-significant",0.00431034857214328,"TXLNG","TXLNG_HUMAN"
0.00333607199999886,7.150208652,0.0163565397335756,0.987395626784658,0.990450760224668,-8.16586674159278,"TMCO3_HUMAN",5,0.016478024609265,0.987277356032132,0.990449992144114,0.00333607199999886,"Non-significant",0.00416744711597295,"TMCO3","TMCO3_HUMAN"
-0.000898838000001234,9.15135645875,-0.0209261360679277,0.983874810890932,0.987898845594862,-8.16576976446387,"SESQ1_HUMAN",5,-0.0152660735978684,0.988213015033866,0.99127067758187,-0.000898838000001234,"Non-significant",0.00380774033911354,"PHETA1","SESQ1_HUMAN"
-0.000834227500000395,10.56292331125,-0.0181886185048461,0.985983992673449,0.989387985029107,-8.16583071534902,"COX16_HUMAN",6,-0.0146725752892425,0.988671219042292,0.991612292397368,-0.000834227500000395,"Non-significant",0.0036580981937917,"COX16","COX16_HUMAN"
0.00878369799999934,7.48503845925,0.0137941624778766,0.989370042464333,0.992195132413071,-8.16591071928287,"FGFR3_HUMAN",5,0.0141667599455114,0.989061731928224,0.991885941513742,0.00878369799999934,"Non-significant",0.00353826516350103,"FGFR3","FGFR3_HUMAN"
0.000323535000001485,12.42312181,0.0117462376718976,0.990948109532622,0.993321703911264,-8.16594049330736,"RIPK1_HUMAN",38,0.0130874841440075,0.98989499330648,0.992603485436631,0.000323535000001485,"Non-significant",0.00322420415054496,"RIPK1","RIPK1_HUMAN"
0.00145792949999723,8.53828036775,0.0123337196379426,0.990495409473005,0.993205544426357,-8.16593244050119,"NDE1_HUMAN",13,0.0126147032646017,0.990260010889571,0.992851389531128,0.00145792949999723,"Non-significant",0.00311575204498636,"NDE1","NDE1_HUMAN"
0.0010008815000031,8.691122532,0.0117245920710253,0.990964789202731,0.993321703911264,-8.16594078250552,"MTG2_HUMAN",13,0.0119226035536631,0.990794361289329,0.993183362327595,0.0010008815000031,"Non-significant",0.00297056429854315,"MTG2","MTG2_HUMAN"
-0.000390050000003583,16.7577939025,-0.0118474286360139,0.990870133849761,0.993321703911264,-8.16593913426023,"PCBP1_HUMAN",16,-0.0118296555044561,0.990866124207137,0.993183362327595,-0.000390050000003583,"Non-significant",0.00297056429854315,"PCBP1","PCBP1_HUMAN"
0.00743687175000218,8.788805067375,0.0114735520321695,0.991158236020578,0.993397475792801,-8.16594409758438,"CYREN_HUMAN",2,0.0117280062781407,0.990944605193388,0.993183362327595,0.00743687175000218,"Non-significant",0.00297056429854315,"CYREN","CYREN_HUMAN"
-0.000275609999999205,15.5216882225,-0.0106691352711447,0.991778108928698,0.993900568322434,-8.16595423692665,"HNMT_HUMAN",16,-0.0104622143878352,0.991921902031736,0.994044669150577,-0.000275609999999205,"Non-significant",0.00259409937560056,"HNMT","HNMT_HUMAN"
-0.000455137499999481,11.48617303375,-0.0101140798887211,0.992205830821041,0.994211001900922,-8.16596080364344,"RPAC2_HUMAN",9,-0.00923277231353615,0.992871147819092,0.994877663453058,-0.000455137499999481,"Non-significant",0.00223031960979859,"POLR1D","RPAC2_HUMAN"
-0.000347134999998389,11.73442006,-0.00892975832799549,0.993118469895864,0.994888944943219,-8.16597364244205,"VP37A_HUMAN",16,-0.00899166944069365,0.993057303565652,0.994911441154368,-0.000347134999998389,"Non-significant",0.00221557486196799,"VPS37A","VP37A_HUMAN"
0.000551700750001771,9.261510133625,0.00927668710708824,0.992851125116884,0.994739347867611,-8.16597004688444,"RPC6_HUMAN",9,0.00888336447984813,0.99314092607342,0.994911441154368,0.000551700750001771,"Non-significant",0.00221557486196799,"POLR3F","RPC6_HUMAN"
-0.000969409999999726,16.0083746925,-0.00852284716959119,0.993432038548919,0.995084807240504,-8.16597768504452,"LEG1_HUMAN",12,-0.00869290828016304,0.993287977960559,0.994940506979151,-0.000969409999999726,"Non-significant",0.00220288735792748,"LGALS1","LEG1_HUMAN"
-0.000681877249999019,8.482700109625,-0.00809995564639383,0.993757923097727,0.995292957912398,-8.16598168665513,"GNT2A_HUMAN",7,-0.00781893882788487,0.993962776222095,0.995498127468636,-0.000681877249999019,"Non-significant",0.001959552543456,"GCNT2","GNT2A_HUMAN"
-0.000145194999999987,11.213665365,-0.0063274083739082,0.995123879291079,0.996345124173205,-8.16599624417521,"RRP44_HUMAN",49,-0.00750907742723411,0.994202023778527,0.995619443795795,-0.000145194999999987,"Non-significant",0.00190663049377358,"DIS3","RRP44_HUMAN"
-0.000620126499999429,9.1662813425,-0.0062798942775293,0.995160494753886,0.996345124173205,-8.16599658517022,"SESN3_HUMAN",15,-0.00643227402215833,0.995033440821572,0.99628337904813,-0.000620126499999429,"Non-significant",0.00161711493729001,"SESN3","SESN3_HUMAN"
-0.000356672499997046,13.05179023875,-0.00627653967006867,0.995163079892539,0.996345124173205,-8.16599660914813,"RBBP7_HUMAN",14,-0.00633175987754865,0.995111049741342,0.99628337904813,-0.000356672499997046,"Non-significant",0.00161711493729001,"RBBP7","RBBP7_HUMAN"
-0.00013113250000174,13.59469604375,-0.00589680723927192,0.995455710942226,0.996519737236582,-8.16599924057451,"RALY_HUMAN",21,-0.00619116596129177,0.995219605123413,0.99628337904813,-0.00013113250000174,"Non-significant",0.00161711493729001,"RALY","RALY_HUMAN"
9.67975000030208e-05,12.14138221875,0.00502645004073322,0.996126432112973,0.996954369066759,-8.16600465252296,"ASML_HUMAN",31,0.00593611405710463,0.995416536084436,0.996362187704039,9.67975000030208e-05,"Non-significant",0.0015827624513522,"ASMTL","ASML_HUMAN"
-0.000163555000000315,11.795118095,-0.00515458893249455,0.996027684538518,0.996954369066759,-8.16600390988478,"AP3S1_HUMAN",9,-0.00426725582592116,0.99670510443033,0.997501348226565,-0.000163555000000315,"Non-significant",0.00108650864676621,"AP3S1","AP3S1_HUMAN"
-0.00577020699999853,7.73555171475,-0.00404697117923275,0.996881249404816,0.99759136308123,-8.16600971159265,"CA216_HUMAN",1,-0.00415562403038469,0.996791298625265,0.997501348226565,-0.00577020699999853,"Non-significant",0.00108650864676621,"C1orf216","CA216_HUMAN"
0.000100847500000611,11.47992217625,0.00377591518540648,0.997090134336954,0.99768194946892,-8.16601091865829,"WIPI4_HUMAN",18,0.00382093046726489,0.997049725642552,0.997641516790251,0.000100847500000611,"Non-significant",0.00102548601534207,"WDR45","WIPI4_HUMAN"
0.000102045000000217,12.61506796,0.00328816558211979,0.997466011307864,0.997939585675251,-8.1660128800196,"AAKB1_HUMAN",13,0.00310762988928948,0.997600487787228,0.998074126001014,0.000102045000000217,"Non-significant",0.000837202883247371,"PRKAB1","AAKB1_HUMAN"
-9.67974999976917e-05,11.65682339625,-0.00253878479092516,0.99804351176183,0.998398855998156,-8.16601536572202,"RBM22_HUMAN",22,-0.00264074403723104,0.997960986024343,0.998316300878138,-9.67974999976917e-05,"Non-significant",0.000731837507927388,"RBM22","RBM22_HUMAN"
0.000134464999998585,10.30612874,0.00185864770028744,0.998567651561927,0.998804644003262,-8.16601706827691,"UQCC4_HUMAN",5,0.00164703038477927,0.998728267251877,0.998965297812516,0.000134464999998585,"Non-significant",0.00044959809063425,"UQCC4","UQCC4_HUMAN"
-1.95474999991063e-05,11.94798684125,-0.000624616495200614,0.999518645205437,0.999573091921889,-8.16601881271168,"SKI2_HUMAN",59,-0.000694717550299295,0.999463582797767,0.999560607155028,-1.95474999991063e-05,"Non-significant",0.000190867824008618,"SKIC2","SKI2_HUMAN"
0.000316738750000489,6.991947591125,0.000553965237945151,0.999573091921889,0.999573091921889,-8.16601886011245,"IHH_HUMAN",6,0.000569060631286617,0.999560607155028,0.999560607155028,0.000316738750000489,"Non-significant",0.000190867824008618,"IHH","IHH_HUMAN"
